trial_id,trial_mode,algorithm,comm_model,comm_level,grid_size,grid_cells,robot_count,target_count,condition_id,scenario_file,target_index,target_x,target_y,first_completion_time_s,first_completion_sim_time_s,first_found_by_robot,first_finder_robot_id,total_visits,duplicate_visits,completed,benchmark_suite,num_targets,num_robots,commitment_horizon,sensitivity_suite,sensitivity_parameter,sensitivity_value,sensitivity_label
0,known_visit,DMCHBA,bernoulli,0.25,19,361,4,10,dmchba_h8_bernoulli_025,scenarios/known_visit_10target_300.csv,1,9,10,17.967668519561954,17.967668519561954,02,02,1,0,True,known_visit_horizon,10,4,8,known_visit_horizon,commitment_horizon,8,h8
0,known_visit,DMCHBA,bernoulli,0.25,19,361,4,10,dmchba_h8_bernoulli_025,scenarios/known_visit_10target_300.csv,2,8,11,14.237792529712253,14.237792529712253,02,02,1,0,True,known_visit_horizon,10,4,8,known_visit_horizon,commitment_horizon,8,h8
0,known_visit,DMCHBA,bernoulli,0.25,19,361,4,10,dmchba_h8_bernoulli_025,scenarios/known_visit_10target_300.csv,3,2,1,3.916657533152836,3.916657533152836,00,00,1,0,True,known_visit_horizon,10,4,8,known_visit_horizon,commitment_horizon,8,h8
0,known_visit,DMCHBA,bernoulli,0.25,19,361,4,10,dmchba_h8_bernoulli_025,scenarios/known_visit_10target_300.csv,4,1,7,2.0811530658404167,2.0811530658404167,01,01,1,0,True,known_visit_horizon,10,4,8,known_visit_horizon,commitment_horizon,8,h8
0,known_visit,DMCHBA,bernoulli,0.25,19,361,4,10,dmchba_h8_bernoulli_025,scenarios/known_visit_10target_300.csv,5,17,13,36.771331745970656,36.771331745970656,03,03,1,0,True,known_visit_horizon,10,4,8,known_visit_horizon,commitment_horizon,8,h8
0,known_visit,DMCHBA,bernoulli,0.25,19,361,4,10,dmchba_h8_bernoulli_025,scenarios/known_visit_10target_300.csv,6,4,13,14.504838507149358,14.504838507149358,03,03,1,0,True,known_visit_horizon,10,4,8,known_visit_horizon,commitment_horizon,8,h8
0,known_visit,DMCHBA,bernoulli,0.25,19,361,4,10,dmchba_h8_bernoulli_025,scenarios/known_visit_10target_300.csv,7,0,11,0.46946749367260543,0.46946749367260543,02,02,2,1,True,known_visit_horizon,10,4,8,known_visit_horizon,commitment_horizon,8,h8
0,known_visit,DMCHBA,bernoulli,0.25,19,361,4,10,dmchba_h8_bernoulli_025,scenarios/known_visit_10target_300.csv,8,5,8,11.215533975020975,11.215533975020975,01,01,1,0,True,known_visit_horizon,10,4,8,known_visit_horizon,commitment_horizon,8,h8
0,known_visit,DMCHBA,bernoulli,0.25,19,361,4,10,dmchba_h8_bernoulli_025,scenarios/known_visit_10target_300.csv,9,0,13,7.547902211387832,7.547902211387832,03,03,2,1,True,known_visit_horizon,10,4,8,known_visit_horizon,commitment_horizon,8,h8
0,known_visit,DMCHBA,bernoulli,0.25,19,361,4,10,dmchba_h8_bernoulli_025,scenarios/known_visit_10target_300.csv,10,14,9,28.3755473388446,28.3755473388446,01,01,1,0,True,known_visit_horizon,10,4,8,known_visit_horizon,commitment_horizon,8,h8
1,known_visit,DMCHBA,bernoulli,0.25,19,361,4,10,dmchba_h8_bernoulli_025,scenarios/known_visit_10target_300.csv,1,16,15,31.40927358192357,31.40927358192357,03,03,1,0,True,known_visit_horizon,10,4,8,known_visit_horizon,commitment_horizon,8,h8
1,known_visit,DMCHBA,bernoulli,0.25,19,361,4,10,dmchba_h8_bernoulli_025,scenarios/known_visit_10target_300.csv,2,17,5,37.02364723317104,37.02364723317104,01,01,1,0,True,known_visit_horizon,10,4,8,known_visit_horizon,commitment_horizon,8,h8
1,known_visit,DMCHBA,bernoulli,0.25,19,361,4,10,dmchba_h8_bernoulli_025,scenarios/known_visit_10target_300.csv,3,14,13,28.27590504716776,28.27590504716776,02,02,1,0,True,known_visit_horizon,10,4,8,known_visit_horizon,commitment_horizon,8,h8
1,known_visit,DMCHBA,bernoulli,0.25,19,361,4,10,dmchba_h8_bernoulli_025,scenarios/known_visit_10target_300.csv,4,15,3,29.757034073381853,29.757034073381853,00,00,1,0,True,known_visit_horizon,10,4,8,known_visit_horizon,commitment_horizon,8,h8
1,known_visit,DMCHBA,bernoulli,0.25,19,361,4,10,dmchba_h8_bernoulli_025,scenarios/known_visit_10target_300.csv,5,13,7,40.62631040266887,40.62631040266887,00,00,1,0,True,known_visit_horizon,10,4,8,known_visit_horizon,commitment_horizon,8,h8
1,known_visit,DMCHBA,bernoulli,0.25,19,361,4,10,dmchba_h8_bernoulli_025,scenarios/known_visit_10target_300.csv,6,11,2,20.82618136590933,20.82618136590933,00,00,1,0,True,known_visit_horizon,10,4,8,known_visit_horizon,commitment_horizon,8,h8
1,known_visit,DMCHBA,bernoulli,0.25,19,361,4,10,dmchba_h8_bernoulli_025,scenarios/known_visit_10target_300.csv,7,15,16,27.841466713908765,27.841466713908765,03,03,1,0,True,known_visit_horizon,10,4,8,known_visit_horizon,commitment_horizon,8,h8
1,known_visit,DMCHBA,bernoulli,0.25,19,361,4,10,dmchba_h8_bernoulli_025,scenarios/known_visit_10target_300.csv,8,16,6,33.08510865957619,33.08510865957619,01,01,1,0,True,known_visit_horizon,10,4,8,known_visit_horizon,commitment_horizon,8,h8
1,known_visit,DMCHBA,bernoulli,0.25,19,361,4,10,dmchba_h8_bernoulli_025,scenarios/known_visit_10target_300.csv,9,9,14,17.46996599082756,17.46996599082756,02,02,1,0,True,known_visit_horizon,10,4,8,known_visit_horizon,commitment_horizon,8,h8
1,known_visit,DMCHBA,bernoulli,0.25,19,361,4,10,dmchba_h8_bernoulli_025,scenarios/known_visit_10target_300.csv,10,7,16,13.853711478570728,13.853711478570728,03,03,1,0,True,known_visit_horizon,10,4,8,known_visit_horizon,commitment_horizon,8,h8
2,known_visit,DMCHBA,bernoulli,0.25,19,361,4,10,dmchba_h8_bernoulli_025,scenarios/known_visit_10target_300.csv,1,0,4,2.13931646668935,2.13931646668935,01,01,1,0,True,known_visit_horizon,10,4,8,known_visit_horizon,commitment_horizon,8,h8
2,known_visit,DMCHBA,bernoulli,0.25,19,361,4,10,dmchba_h8_bernoulli_025,scenarios/known_visit_10target_300.csv,2,8,8,23.25731406007194,23.25731406007194,01,01,1,0,True,known_visit_horizon,10,4,8,known_visit_horizon,commitment_horizon,8,h8
2,known_visit,DMCHBA,bernoulli,0.25,19,361,4,10,dmchba_h8_bernoulli_025,scenarios/known_visit_10target_300.csv,3,13,2,24.30102354104713,24.30102354104713,00,00,1,0,True,known_visit_horizon,10,4,8,known_visit_horizon,commitment_horizon,8,h8
2,known_visit,DMCHBA,bernoulli,0.25,19,361,4,10,dmchba_h8_bernoulli_025,scenarios/known_visit_10target_300.csv,4,0,2,2.1023939615045695,2.1023939615045695,00,00,1,0,True,known_visit_horizon,10,4,8,known_visit_horizon,commitment_horizon,8,h8
2,known_visit,DMCHBA,bernoulli,0.25,19,361,4,10,dmchba_h8_bernoulli_025,scenarios/known_visit_10target_300.csv,5,12,18,30.176686399979687,30.176686399979687,03,03,1,0,True,known_visit_horizon,10,4,8,known_visit_horizon,commitment_horizon,8,h8
2,known_visit,DMCHBA,bernoulli,0.25,19,361,4,10,dmchba_h8_bernoulli_025,scenarios/known_visit_10target_300.csv,6,0,9,3.8156282356935645,3.8156282356935645,02,02,1,0,True,known_visit_horizon,10,4,8,known_visit_horizon,commitment_horizon,8,h8
2,known_visit,DMCHBA,bernoulli,0.25,19,361,4,10,dmchba_h8_bernoulli_025,scenarios/known_visit_10target_300.csv,7,16,12,44.045844370158385,44.045844370158385,01,01,1,0,True,known_visit_horizon,10,4,8,known_visit_horizon,commitment_horizon,8,h8
2,known_visit,DMCHBA,bernoulli,0.25,19,361,4,10,dmchba_h8_bernoulli_025,scenarios/known_visit_10target_300.csv,8,4,15,10.76365769323479,10.76365769323479,03,03,2,1,True,known_visit_horizon,10,4,8,known_visit_horizon,commitment_horizon,8,h8
2,known_visit,DMCHBA,bernoulli,0.25,19,361,4,10,dmchba_h8_bernoulli_025,scenarios/known_visit_10target_300.csv,9,14,2,25.97684987650222,25.97684987650222,00,00,1,0,True,known_visit_horizon,10,4,8,known_visit_horizon,commitment_horizon,8,h8
2,known_visit,DMCHBA,bernoulli,0.25,19,361,4,10,dmchba_h8_bernoulli_025,scenarios/known_visit_10target_300.csv,10,12,9,32.03382528633937,32.03382528633937,01,01,1,0,True,known_visit_horizon,10,4,8,known_visit_horizon,commitment_horizon,8,h8
3,known_visit,DMCHBA,bernoulli,0.25,19,361,4,10,dmchba_h8_bernoulli_025,scenarios/known_visit_10target_300.csv,1,15,11,40.56699802073774,40.56699802073774,01,01,1,0,True,known_visit_horizon,10,4,8,known_visit_horizon,commitment_horizon,8,h8
3,known_visit,DMCHBA,bernoulli,0.25,19,361,4,10,dmchba_h8_bernoulli_025,scenarios/known_visit_10target_300.csv,2,11,8,28.733975848816087,28.733975848816087,01,01,1,0,True,known_visit_horizon,10,4,8,known_visit_horizon,commitment_horizon,8,h8
3,known_visit,DMCHBA,bernoulli,0.25,19,361,4,10,dmchba_h8_bernoulli_025,scenarios/known_visit_10target_300.csv,3,11,16,28.592512878338773,28.592512878338773,03,03,1,0,True,known_visit_horizon,10,4,8,known_visit_horizon,commitment_horizon,8,h8
3,known_visit,DMCHBA,bernoulli,0.25,19,361,4,10,dmchba_h8_bernoulli_025,scenarios/known_visit_10target_300.csv,4,7,17,19.67912235145249,19.67912235145249,03,03,1,0,True,known_visit_horizon,10,4,8,known_visit_horizon,commitment_horizon,8,h8
3,known_visit,DMCHBA,bernoulli,0.25,19,361,4,10,dmchba_h8_bernoulli_025,scenarios/known_visit_10target_300.csv,5,10,5,21.29060607010926,21.29060607010926,01,01,1,0,True,known_visit_horizon,10,4,8,known_visit_horizon,commitment_horizon,8,h8
3,known_visit,DMCHBA,bernoulli,0.25,19,361,4,10,dmchba_h8_bernoulli_025,scenarios/known_visit_10target_300.csv,6,0,15,3.908783084786623,3.908783084786623,03,03,1,0,True,known_visit_horizon,10,4,8,known_visit_horizon,commitment_horizon,8,h8
3,known_visit,DMCHBA,bernoulli,0.25,19,361,4,10,dmchba_h8_bernoulli_025,scenarios/known_visit_10target_300.csv,7,0,13,0.5213168394058908,0.5213168394058908,02,02,1,0,True,known_visit_horizon,10,4,8,known_visit_horizon,commitment_horizon,8,h8
3,known_visit,DMCHBA,bernoulli,0.25,19,361,4,10,dmchba_h8_bernoulli_025,scenarios/known_visit_10target_300.csv,8,1,12,4.591653022379074,4.591653022379074,02,02,1,0,True,known_visit_horizon,10,4,8,known_visit_horizon,commitment_horizon,8,h8
3,known_visit,DMCHBA,bernoulli,0.25,19,361,4,10,dmchba_h8_bernoulli_025,scenarios/known_visit_10target_300.csv,9,3,14,44.53628759805293,44.53628759805293,00,00,1,0,True,known_visit_horizon,10,4,8,known_visit_horizon,commitment_horizon,8,h8
3,known_visit,DMCHBA,bernoulli,0.25,19,361,4,10,dmchba_h8_bernoulli_025,scenarios/known_visit_10target_300.csv,10,2,7,3.6675918770470157,3.6675918770470157,01,01,1,0,True,known_visit_horizon,10,4,8,known_visit_horizon,commitment_horizon,8,h8
4,known_visit,DMCHBA,bernoulli,0.25,19,361,4,10,dmchba_h8_bernoulli_025,scenarios/known_visit_10target_300.csv,1,13,1,22.54163022148716,22.54163022148716,00,00,1,0,True,known_visit_horizon,10,4,8,known_visit_horizon,commitment_horizon,8,h8
4,known_visit,DMCHBA,bernoulli,0.25,19,361,4,10,dmchba_h8_bernoulli_025,scenarios/known_visit_10target_300.csv,2,17,14,31.877128349632116,31.877128349632116,02,02,1,0,True,known_visit_horizon,10,4,8,known_visit_horizon,commitment_horizon,8,h8
4,known_visit,DMCHBA,bernoulli,0.25,19,361,4,10,dmchba_h8_bernoulli_025,scenarios/known_visit_10target_300.csv,3,8,0,11.872937570140651,11.872937570140651,00,00,1,0,True,known_visit_horizon,10,4,8,known_visit_horizon,commitment_horizon,8,h8
4,known_visit,DMCHBA,bernoulli,0.25,19,361,4,10,dmchba_h8_bernoulli_025,scenarios/known_visit_10target_300.csv,4,10,2,29.739138397159046,29.739138397159046,00,00,1,0,True,known_visit_horizon,10,4,8,known_visit_horizon,commitment_horizon,8,h8
4,known_visit,DMCHBA,bernoulli,0.25,19,361,4,10,dmchba_h8_bernoulli_025,scenarios/known_visit_10target_300.csv,5,16,10,33.31778381009258,33.31778381009258,01,01,1,0,True,known_visit_horizon,10,4,8,known_visit_horizon,commitment_horizon,8,h8
4,known_visit,DMCHBA,bernoulli,0.25,19,361,4,10,dmchba_h8_bernoulli_025,scenarios/known_visit_10target_300.csv,6,4,18,9.724173296648027,9.724173296648027,03,03,1,0,True,known_visit_horizon,10,4,8,known_visit_horizon,commitment_horizon,8,h8
4,known_visit,DMCHBA,bernoulli,0.25,19,361,4,10,dmchba_h8_bernoulli_025,scenarios/known_visit_10target_300.csv,7,0,17,0.44957599316792574,0.44957599316792574,03,03,1,0,True,known_visit_horizon,10,4,8,known_visit_horizon,commitment_horizon,8,h8
4,known_visit,DMCHBA,bernoulli,0.25,19,361,4,10,dmchba_h8_bernoulli_025,scenarios/known_visit_10target_300.csv,8,1,0,0.2290643754723718,0.2290643754723718,00,00,1,0,True,known_visit_horizon,10,4,8,known_visit_horizon,commitment_horizon,8,h8
4,known_visit,DMCHBA,bernoulli,0.25,19,361,4,10,dmchba_h8_bernoulli_025,scenarios/known_visit_10target_300.csv,9,12,16,27.183763985622278,27.183763985622278,03,03,1,0,True,known_visit_horizon,10,4,8,known_visit_horizon,commitment_horizon,8,h8
4,known_visit,DMCHBA,bernoulli,0.25,19,361,4,10,dmchba_h8_bernoulli_025,scenarios/known_visit_10target_300.csv,10,8,13,14.353859767483744,14.353859767483744,02,02,1,0,True,known_visit_horizon,10,4,8,known_visit_horizon,commitment_horizon,8,h8
5,known_visit,DMCHBA,bernoulli,0.25,19,361,4,10,dmchba_h8_bernoulli_025,scenarios/known_visit_10target_300.csv,1,1,9,5.517990543788114,5.517990543788114,01,01,1,0,True,known_visit_horizon,10,4,8,known_visit_horizon,commitment_horizon,8,h8
5,known_visit,DMCHBA,bernoulli,0.25,19,361,4,10,dmchba_h8_bernoulli_025,scenarios/known_visit_10target_300.csv,2,12,6,30.25731519180772,30.25731519180772,01,01,1,0,True,known_visit_horizon,10,4,8,known_visit_horizon,commitment_horizon,8,h8
5,known_visit,DMCHBA,bernoulli,0.25,19,361,4,10,dmchba_h8_bernoulli_025,scenarios/known_visit_10target_300.csv,3,16,8,37.70331335453975,37.70331335453975,02,02,1,0,True,known_visit_horizon,10,4,8,known_visit_horizon,commitment_horizon,8,h8
5,known_visit,DMCHBA,bernoulli,0.25,19,361,4,10,dmchba_h8_bernoulli_025,scenarios/known_visit_10target_300.csv,4,14,1,38.856312173337265,38.856312173337265,00,00,1,0,True,known_visit_horizon,10,4,8,known_visit_horizon,commitment_horizon,8,h8
5,known_visit,DMCHBA,bernoulli,0.25,19,361,4,10,dmchba_h8_bernoulli_025,scenarios/known_visit_10target_300.csv,5,3,5,12.763140043602592,12.763140043602592,00,00,1,0,True,known_visit_horizon,10,4,8,known_visit_horizon,commitment_horizon,8,h8
5,known_visit,DMCHBA,bernoulli,0.25,19,361,4,10,dmchba_h8_bernoulli_025,scenarios/known_visit_10target_300.csv,6,8,15,17.710332113260762,17.710332113260762,03,03,1,0,True,known_visit_horizon,10,4,8,known_visit_horizon,commitment_horizon,8,h8
5,known_visit,DMCHBA,bernoulli,0.25,19,361,4,10,dmchba_h8_bernoulli_025,scenarios/known_visit_10target_300.csv,7,1,6,0.12553667397728613,0.12553667397728613,01,01,1,0,True,known_visit_horizon,10,4,8,known_visit_horizon,commitment_horizon,8,h8
5,known_visit,DMCHBA,bernoulli,0.25,19,361,4,10,dmchba_h8_bernoulli_025,scenarios/known_visit_10target_300.csv,8,10,6,26.791387602527767,26.791387602527767,01,01,1,0,True,known_visit_horizon,10,4,8,known_visit_horizon,commitment_horizon,8,h8
5,known_visit,DMCHBA,bernoulli,0.25,19,361,4,10,dmchba_h8_bernoulli_025,scenarios/known_visit_10target_300.csv,9,16,3,42.76820150552892,42.76820150552892,01,01,1,0,True,known_visit_horizon,10,4,8,known_visit_horizon,commitment_horizon,8,h8
5,known_visit,DMCHBA,bernoulli,0.25,19,361,4,10,dmchba_h8_bernoulli_025,scenarios/known_visit_10target_300.csv,10,15,14,31.700484642429522,31.700484642429522,03,03,1,0,True,known_visit_horizon,10,4,8,known_visit_horizon,commitment_horizon,8,h8
6,known_visit,DMCHBA,bernoulli,0.25,19,361,4,10,dmchba_h8_bernoulli_025,scenarios/known_visit_10target_300.csv,1,4,12,5.184104225867265,5.184104225867265,02,02,2,1,True,known_visit_horizon,10,4,8,known_visit_horizon,commitment_horizon,8,h8
6,known_visit,DMCHBA,bernoulli,0.25,19,361,4,10,dmchba_h8_bernoulli_025,scenarios/known_visit_10target_300.csv,2,9,2,17.994762927665853,17.994762927665853,00,00,1,0,True,known_visit_horizon,10,4,8,known_visit_horizon,commitment_horizon,8,h8
6,known_visit,DMCHBA,bernoulli,0.25,19,361,4,10,dmchba_h8_bernoulli_025,scenarios/known_visit_10target_300.csv,3,4,2,9.079497987098057,9.079497987098057,00,00,1,0,True,known_visit_horizon,10,4,8,known_visit_horizon,commitment_horizon,8,h8
6,known_visit,DMCHBA,bernoulli,0.25,19,361,4,10,dmchba_h8_bernoulli_025,scenarios/known_visit_10target_300.csv,4,13,8,24.6231862912241,24.6231862912241,01,01,1,0,True,known_visit_horizon,10,4,8,known_visit_horizon,commitment_horizon,8,h8
6,known_visit,DMCHBA,bernoulli,0.25,19,361,4,10,dmchba_h8_bernoulli_025,scenarios/known_visit_10target_300.csv,5,16,13,27.866436846162525,27.866436846162525,02,02,1,0,True,known_visit_horizon,10,4,8,known_visit_horizon,commitment_horizon,8,h8
6,known_visit,DMCHBA,bernoulli,0.25,19,361,4,10,dmchba_h8_bernoulli_025,scenarios/known_visit_10target_300.csv,6,6,13,10.539645828587512,10.539645828587512,02,02,2,1,True,known_visit_horizon,10,4,8,known_visit_horizon,commitment_horizon,8,h8
6,known_visit,DMCHBA,bernoulli,0.25,19,361,4,10,dmchba_h8_bernoulli_025,scenarios/known_visit_10target_300.csv,7,18,2,33.321588733108186,33.321588733108186,00,00,1,0,True,known_visit_horizon,10,4,8,known_visit_horizon,commitment_horizon,8,h8
6,known_visit,DMCHBA,bernoulli,0.25,19,361,4,10,dmchba_h8_bernoulli_025,scenarios/known_visit_10target_300.csv,8,4,8,9.09197071878929,9.09197071878929,01,01,1,0,True,known_visit_horizon,10,4,8,known_visit_horizon,commitment_horizon,8,h8
6,known_visit,DMCHBA,bernoulli,0.25,19,361,4,10,dmchba_h8_bernoulli_025,scenarios/known_visit_10target_300.csv,9,0,15,3.9712062269149393,3.9712062269149393,03,03,1,0,True,known_visit_horizon,10,4,8,known_visit_horizon,commitment_horizon,8,h8
6,known_visit,DMCHBA,bernoulli,0.25,19,361,4,10,dmchba_h8_bernoulli_025,scenarios/known_visit_10target_300.csv,10,18,7,35.04755609856262,35.04755609856262,01,01,1,0,True,known_visit_horizon,10,4,8,known_visit_horizon,commitment_horizon,8,h8
7,known_visit,DMCHBA,bernoulli,0.25,19,361,4,10,dmchba_h8_bernoulli_025,scenarios/known_visit_10target_300.csv,1,7,3,15.768837721049733,15.768837721049733,00,00,1,0,True,known_visit_horizon,10,4,8,known_visit_horizon,commitment_horizon,8,h8
7,known_visit,DMCHBA,bernoulli,0.25,19,361,4,10,dmchba_h8_bernoulli_025,scenarios/known_visit_10target_300.csv,2,17,14,30.851567907683147,30.851567907683147,02,02,1,0,True,known_visit_horizon,10,4,8,known_visit_horizon,commitment_horizon,8,h8
7,known_visit,DMCHBA,bernoulli,0.25,19,361,4,10,dmchba_h8_bernoulli_025,scenarios/known_visit_10target_300.csv,3,1,9,5.351997148509565,5.351997148509565,01,01,1,0,True,known_visit_horizon,10,4,8,known_visit_horizon,commitment_horizon,8,h8
7,known_visit,DMCHBA,bernoulli,0.25,19,361,4,10,dmchba_h8_bernoulli_025,scenarios/known_visit_10target_300.csv,4,13,14,23.795744534800694,23.795744534800694,02,02,2,1,True,known_visit_horizon,10,4,8,known_visit_horizon,commitment_horizon,8,h8
7,known_visit,DMCHBA,bernoulli,0.25,19,361,4,10,dmchba_h8_bernoulli_025,scenarios/known_visit_10target_300.csv,5,10,5,28.780037540142896,28.780037540142896,00,00,1,0,True,known_visit_horizon,10,4,8,known_visit_horizon,commitment_horizon,8,h8
7,known_visit,DMCHBA,bernoulli,0.25,19,361,4,10,dmchba_h8_bernoulli_025,scenarios/known_visit_10target_300.csv,6,7,16,14.185482792347013,14.185482792347013,03,03,2,1,True,known_visit_horizon,10,4,8,known_visit_horizon,commitment_horizon,8,h8
7,known_visit,DMCHBA,bernoulli,0.25,19,361,4,10,dmchba_h8_bernoulli_025,scenarios/known_visit_10target_300.csv,7,18,15,34.62532334284577,34.62532334284577,02,02,1,0,True,known_visit_horizon,10,4,8,known_visit_horizon,commitment_horizon,8,h8
7,known_visit,DMCHBA,bernoulli,0.25,19,361,4,10,dmchba_h8_bernoulli_025,scenarios/known_visit_10target_300.csv,8,16,7,42.56015479989579,42.56015479989579,00,00,1,0,True,known_visit_horizon,10,4,8,known_visit_horizon,commitment_horizon,8,h8
7,known_visit,DMCHBA,bernoulli,0.25,19,361,4,10,dmchba_h8_bernoulli_025,scenarios/known_visit_10target_300.csv,9,2,12,1.86775186037989,1.86775186037989,02,02,2,1,True,known_visit_horizon,10,4,8,known_visit_horizon,commitment_horizon,8,h8
7,known_visit,DMCHBA,bernoulli,0.25,19,361,4,10,dmchba_h8_bernoulli_025,scenarios/known_visit_10target_300.csv,10,9,2,21.415710680557964,21.415710680557964,00,00,1,0,True,known_visit_horizon,10,4,8,known_visit_horizon,commitment_horizon,8,h8
8,known_visit,DMCHBA,bernoulli,0.25,19,361,4,10,dmchba_h8_bernoulli_025,scenarios/known_visit_10target_300.csv,1,4,16,9.082812770306717,9.082812770306717,03,03,1,0,True,known_visit_horizon,10,4,8,known_visit_horizon,commitment_horizon,8,h8
8,known_visit,DMCHBA,bernoulli,0.25,19,361,4,10,dmchba_h8_bernoulli_025,scenarios/known_visit_10target_300.csv,2,9,10,17.831318537277998,17.831318537277998,02,02,1,0,True,known_visit_horizon,10,4,8,known_visit_horizon,commitment_horizon,8,h8
8,known_visit,DMCHBA,bernoulli,0.25,19,361,4,10,dmchba_h8_bernoulli_025,scenarios/known_visit_10target_300.csv,3,12,8,26.769472994599163,26.769472994599163,02,02,1,0,True,known_visit_horizon,10,4,8,known_visit_horizon,commitment_horizon,8,h8
8,known_visit,DMCHBA,bernoulli,0.25,19,361,4,10,dmchba_h8_bernoulli_025,scenarios/known_visit_10target_300.csv,4,12,15,24.748783713078794,24.748783713078794,03,03,1,0,True,known_visit_horizon,10,4,8,known_visit_horizon,commitment_horizon,8,h8
8,known_visit,DMCHBA,bernoulli,0.25,19,361,4,10,dmchba_h8_bernoulli_025,scenarios/known_visit_10target_300.csv,5,11,6,21.5716636037627,21.5716636037627,01,01,1,0,True,known_visit_horizon,10,4,8,known_visit_horizon,commitment_horizon,8,h8
8,known_visit,DMCHBA,bernoulli,0.25,19,361,4,10,dmchba_h8_bernoulli_025,scenarios/known_visit_10target_300.csv,6,17,7,33.68414428233757,33.68414428233757,01,01,1,0,True,known_visit_horizon,10,4,8,known_visit_horizon,commitment_horizon,8,h8
8,known_visit,DMCHBA,bernoulli,0.25,19,361,4,10,dmchba_h8_bernoulli_025,scenarios/known_visit_10target_300.csv,7,0,5,0.46065206733465425,0.46065206733465425,01,01,1,0,True,known_visit_horizon,10,4,8,known_visit_horizon,commitment_horizon,8,h8
8,known_visit,DMCHBA,bernoulli,0.25,19,361,4,10,dmchba_h8_bernoulli_025,scenarios/known_visit_10target_300.csv,8,2,5,4.119125207843827,4.119125207843827,01,01,1,0,True,known_visit_horizon,10,4,8,known_visit_horizon,commitment_horizon,8,h8
8,known_visit,DMCHBA,bernoulli,0.25,19,361,4,10,dmchba_h8_bernoulli_025,scenarios/known_visit_10target_300.csv,9,1,5,2.4613763481449893,2.4613763481449893,01,01,1,0,True,known_visit_horizon,10,4,8,known_visit_horizon,commitment_horizon,8,h8
8,known_visit,DMCHBA,bernoulli,0.25,19,361,4,10,dmchba_h8_bernoulli_025,scenarios/known_visit_10target_300.csv,10,17,0,28.361161440065757,28.361161440065757,00,00,1,0,True,known_visit_horizon,10,4,8,known_visit_horizon,commitment_horizon,8,h8
9,known_visit,DMCHBA,bernoulli,0.25,19,361,4,10,dmchba_h8_bernoulli_025,scenarios/known_visit_10target_300.csv,1,12,16,22.447721062460463,22.447721062460463,03,03,1,0,True,known_visit_horizon,10,4,8,known_visit_horizon,commitment_horizon,8,h8
9,known_visit,DMCHBA,bernoulli,0.25,19,361,4,10,dmchba_h8_bernoulli_025,scenarios/known_visit_10target_300.csv,2,16,17,31.603455970292206,31.603455970292206,03,03,1,0,True,known_visit_horizon,10,4,8,known_visit_horizon,commitment_horizon,8,h8
9,known_visit,DMCHBA,bernoulli,0.25,19,361,4,10,dmchba_h8_bernoulli_025,scenarios/known_visit_10target_300.csv,3,2,7,11.310233645680134,11.310233645680134,01,01,1,0,True,known_visit_horizon,10,4,8,known_visit_horizon,commitment_horizon,8,h8
9,known_visit,DMCHBA,bernoulli,0.25,19,361,4,10,dmchba_h8_bernoulli_025,scenarios/known_visit_10target_300.csv,4,18,12,28.910363238093993,28.910363238093993,02,02,1,0,True,known_visit_horizon,10,4,8,known_visit_horizon,commitment_horizon,8,h8
9,known_visit,DMCHBA,bernoulli,0.25,19,361,4,10,dmchba_h8_bernoulli_025,scenarios/known_visit_10target_300.csv,5,17,1,33.33231837242412,33.33231837242412,00,00,1,0,True,known_visit_horizon,10,4,8,known_visit_horizon,commitment_horizon,8,h8
9,known_visit,DMCHBA,bernoulli,0.25,19,361,4,10,dmchba_h8_bernoulli_025,scenarios/known_visit_10target_300.csv,6,8,2,15.96104823309779,15.96104823309779,00,00,1,0,True,known_visit_horizon,10,4,8,known_visit_horizon,commitment_horizon,8,h8
9,known_visit,DMCHBA,bernoulli,0.25,19,361,4,10,dmchba_h8_bernoulli_025,scenarios/known_visit_10target_300.csv,7,9,18,13.77871650807464,13.77871650807464,03,03,1,0,True,known_visit_horizon,10,4,8,known_visit_horizon,commitment_horizon,8,h8
9,known_visit,DMCHBA,bernoulli,0.25,19,361,4,10,dmchba_h8_bernoulli_025,scenarios/known_visit_10target_300.csv,8,10,3,32.64377701671991,32.64377701671991,01,01,1,0,True,known_visit_horizon,10,4,8,known_visit_horizon,commitment_horizon,8,h8
9,known_visit,DMCHBA,bernoulli,0.25,19,361,4,10,dmchba_h8_bernoulli_025,scenarios/known_visit_10target_300.csv,9,1,4,4.107035066393198,4.107035066393198,01,01,1,0,True,known_visit_horizon,10,4,8,known_visit_horizon,commitment_horizon,8,h8
9,known_visit,DMCHBA,bernoulli,0.25,19,361,4,10,dmchba_h8_bernoulli_025,scenarios/known_visit_10target_300.csv,10,1,1,2.156766328726987,2.156766328726987,00,00,1,0,True,known_visit_horizon,10,4,8,known_visit_horizon,commitment_horizon,8,h8
10,known_visit,DMCHBA,bernoulli,0.25,19,361,4,10,dmchba_h8_bernoulli_025,scenarios/known_visit_10target_300.csv,1,4,2,8.748406991408858,8.748406991408858,00,00,1,0,True,known_visit_horizon,10,4,8,known_visit_horizon,commitment_horizon,8,h8
10,known_visit,DMCHBA,bernoulli,0.25,19,361,4,10,dmchba_h8_bernoulli_025,scenarios/known_visit_10target_300.csv,2,13,14,24.632199613359898,24.632199613359898,02,02,1,0,True,known_visit_horizon,10,4,8,known_visit_horizon,commitment_horizon,8,h8
10,known_visit,DMCHBA,bernoulli,0.25,19,361,4,10,dmchba_h8_bernoulli_025,scenarios/known_visit_10target_300.csv,3,11,18,17.243336441360793,17.243336441360793,03,03,1,0,True,known_visit_horizon,10,4,8,known_visit_horizon,commitment_horizon,8,h8
10,known_visit,DMCHBA,bernoulli,0.25,19,361,4,10,dmchba_h8_bernoulli_025,scenarios/known_visit_10target_300.csv,4,12,10,33.63179775405845,33.63179775405845,02,02,1,0,True,known_visit_horizon,10,4,8,known_visit_horizon,commitment_horizon,8,h8
10,known_visit,DMCHBA,bernoulli,0.25,19,361,4,10,dmchba_h8_bernoulli_025,scenarios/known_visit_10target_300.csv,5,5,14,11.259693466044995,11.259693466044995,02,02,1,0,True,known_visit_horizon,10,4,8,known_visit_horizon,commitment_horizon,8,h8
10,known_visit,DMCHBA,bernoulli,0.25,19,361,4,10,dmchba_h8_bernoulli_025,scenarios/known_visit_10target_300.csv,6,10,7,17.472898824077056,17.472898824077056,01,01,1,0,True,known_visit_horizon,10,4,8,known_visit_horizon,commitment_horizon,8,h8
10,known_visit,DMCHBA,bernoulli,0.25,19,361,4,10,dmchba_h8_bernoulli_025,scenarios/known_visit_10target_300.csv,7,4,14,9.244115574753454,9.244115574753454,02,02,1,0,True,known_visit_horizon,10,4,8,known_visit_horizon,commitment_horizon,8,h8
10,known_visit,DMCHBA,bernoulli,0.25,19,361,4,10,dmchba_h8_bernoulli_025,scenarios/known_visit_10target_300.csv,8,8,6,12.151072232181019,12.151072232181019,01,01,2,1,True,known_visit_horizon,10,4,8,known_visit_horizon,commitment_horizon,8,h8
10,known_visit,DMCHBA,bernoulli,0.25,19,361,4,10,dmchba_h8_bernoulli_025,scenarios/known_visit_10target_300.csv,9,16,5,31.66387937882882,31.66387937882882,01,01,1,0,True,known_visit_horizon,10,4,8,known_visit_horizon,commitment_horizon,8,h8
10,known_visit,DMCHBA,bernoulli,0.25,19,361,4,10,dmchba_h8_bernoulli_025,scenarios/known_visit_10target_300.csv,10,9,18,13.915202668963266,13.915202668963266,03,03,1,0,True,known_visit_horizon,10,4,8,known_visit_horizon,commitment_horizon,8,h8
11,known_visit,DMCHBA,bernoulli,0.25,19,361,4,10,dmchba_h8_bernoulli_025,scenarios/known_visit_10target_300.csv,1,0,16,2.0969504471403386,2.0969504471403386,03,03,1,0,True,known_visit_horizon,10,4,8,known_visit_horizon,commitment_horizon,8,h8
11,known_visit,DMCHBA,bernoulli,0.25,19,361,4,10,dmchba_h8_bernoulli_025,scenarios/known_visit_10target_300.csv,2,7,11,16.91749378046657,16.91749378046657,02,02,2,1,True,known_visit_horizon,10,4,8,known_visit_horizon,commitment_horizon,8,h8
11,known_visit,DMCHBA,bernoulli,0.25,19,361,4,10,dmchba_h8_bernoulli_025,scenarios/known_visit_10target_300.csv,3,14,15,38.72998104477804,38.72998104477804,01,01,2,1,True,known_visit_horizon,10,4,8,known_visit_horizon,commitment_horizon,8,h8
11,known_visit,DMCHBA,bernoulli,0.25,19,361,4,10,dmchba_h8_bernoulli_025,scenarios/known_visit_10target_300.csv,4,9,7,15.6838541251506,15.6838541251506,01,01,1,0,True,known_visit_horizon,10,4,8,known_visit_horizon,commitment_horizon,8,h8
11,known_visit,DMCHBA,bernoulli,0.25,19,361,4,10,dmchba_h8_bernoulli_025,scenarios/known_visit_10target_300.csv,5,5,12,11.589308350810608,11.589308350810608,02,02,2,1,True,known_visit_horizon,10,4,8,known_visit_horizon,commitment_horizon,8,h8
11,known_visit,DMCHBA,bernoulli,0.25,19,361,4,10,dmchba_h8_bernoulli_025,scenarios/known_visit_10target_300.csv,6,8,13,22.237082795626048,22.237082795626048,02,02,1,0,True,known_visit_horizon,10,4,8,known_visit_horizon,commitment_horizon,8,h8
11,known_visit,DMCHBA,bernoulli,0.25,19,361,4,10,dmchba_h8_bernoulli_025,scenarios/known_visit_10target_300.csv,7,18,17,46.60501508216851,46.60501508216851,02,02,1,0,True,known_visit_horizon,10,4,8,known_visit_horizon,commitment_horizon,8,h8
11,known_visit,DMCHBA,bernoulli,0.25,19,361,4,10,dmchba_h8_bernoulli_025,scenarios/known_visit_10target_300.csv,8,8,17,29.117340104055454,29.117340104055454,02,02,1,0,True,known_visit_horizon,10,4,8,known_visit_horizon,commitment_horizon,8,h8
11,known_visit,DMCHBA,bernoulli,0.25,19,361,4,10,dmchba_h8_bernoulli_025,scenarios/known_visit_10target_300.csv,9,13,9,26.377677564536338,26.377677564536338,01,01,1,0,True,known_visit_horizon,10,4,8,known_visit_horizon,commitment_horizon,8,h8
11,known_visit,DMCHBA,bernoulli,0.25,19,361,4,10,dmchba_h8_bernoulli_025,scenarios/known_visit_10target_300.csv,10,5,2,10.932893528527677,10.932893528527677,00,00,1,0,True,known_visit_horizon,10,4,8,known_visit_horizon,commitment_horizon,8,h8
12,known_visit,DMCHBA,bernoulli,0.25,19,361,4,10,dmchba_h8_bernoulli_025,scenarios/known_visit_10target_300.csv,1,16,8,37.33203516312752,37.33203516312752,01,01,1,0,True,known_visit_horizon,10,4,8,known_visit_horizon,commitment_horizon,8,h8
12,known_visit,DMCHBA,bernoulli,0.25,19,361,4,10,dmchba_h8_bernoulli_025,scenarios/known_visit_10target_300.csv,2,12,16,22.824233170308215,22.824233170308215,03,03,1,0,True,known_visit_horizon,10,4,8,known_visit_horizon,commitment_horizon,8,h8
12,known_visit,DMCHBA,bernoulli,0.25,19,361,4,10,dmchba_h8_bernoulli_025,scenarios/known_visit_10target_300.csv,3,3,3,8.905427064802359,8.905427064802359,00,00,1,0,True,known_visit_horizon,10,4,8,known_visit_horizon,commitment_horizon,8,h8
12,known_visit,DMCHBA,bernoulli,0.25,19,361,4,10,dmchba_h8_bernoulli_025,scenarios/known_visit_10target_300.csv,4,5,13,19.96302234976425,19.96302234976425,02,02,1,0,True,known_visit_horizon,10,4,8,known_visit_horizon,commitment_horizon,8,h8
12,known_visit,DMCHBA,bernoulli,0.25,19,361,4,10,dmchba_h8_bernoulli_025,scenarios/known_visit_10target_300.csv,5,18,15,35.12396218723571,35.12396218723571,03,03,1,0,True,known_visit_horizon,10,4,8,known_visit_horizon,commitment_horizon,8,h8
12,known_visit,DMCHBA,bernoulli,0.25,19,361,4,10,dmchba_h8_bernoulli_025,scenarios/known_visit_10target_300.csv,6,2,17,3.7919390787427116,3.7919390787427116,03,03,1,0,True,known_visit_horizon,10,4,8,known_visit_horizon,commitment_horizon,8,h8
12,known_visit,DMCHBA,bernoulli,0.25,19,361,4,10,dmchba_h8_bernoulli_025,scenarios/known_visit_10target_300.csv,7,2,9,7.57803252069511,7.57803252069511,02,02,1,0,True,known_visit_horizon,10,4,8,known_visit_horizon,commitment_horizon,8,h8
12,known_visit,DMCHBA,bernoulli,0.25,19,361,4,10,dmchba_h8_bernoulli_025,scenarios/known_visit_10target_300.csv,8,3,5,5.6142834109286595,5.6142834109286595,01,01,1,0,True,known_visit_horizon,10,4,8,known_visit_horizon,commitment_horizon,8,h8
12,known_visit,DMCHBA,bernoulli,0.25,19,361,4,10,dmchba_h8_bernoulli_025,scenarios/known_visit_10target_300.csv,9,12,6,26.997354230720536,26.997354230720536,01,01,1,0,True,known_visit_horizon,10,4,8,known_visit_horizon,commitment_horizon,8,h8
12,known_visit,DMCHBA,bernoulli,0.25,19,361,4,10,dmchba_h8_bernoulli_025,scenarios/known_visit_10target_300.csv,10,9,0,24.69582882574855,24.69582882574855,00,00,1,0,True,known_visit_horizon,10,4,8,known_visit_horizon,commitment_horizon,8,h8
13,known_visit,DMCHBA,bernoulli,0.25,19,361,4,10,dmchba_h8_bernoulli_025,scenarios/known_visit_10target_300.csv,1,7,7,23.24670389275503,23.24670389275503,01,01,1,0,True,known_visit_horizon,10,4,8,known_visit_horizon,commitment_horizon,8,h8
13,known_visit,DMCHBA,bernoulli,0.25,19,361,4,10,dmchba_h8_bernoulli_025,scenarios/known_visit_10target_300.csv,2,3,3,8.969235411704581,8.969235411704581,01,01,1,0,True,known_visit_horizon,10,4,8,known_visit_horizon,commitment_horizon,8,h8
13,known_visit,DMCHBA,bernoulli,0.25,19,361,4,10,dmchba_h8_bernoulli_025,scenarios/known_visit_10target_300.csv,3,18,5,43.02183773410525,43.02183773410525,00,00,1,0,True,known_visit_horizon,10,4,8,known_visit_horizon,commitment_horizon,8,h8
13,known_visit,DMCHBA,bernoulli,0.25,19,361,4,10,dmchba_h8_bernoulli_025,scenarios/known_visit_10target_300.csv,4,2,10,9.67130437214593,9.67130437214593,02,02,1,0,True,known_visit_horizon,10,4,8,known_visit_horizon,commitment_horizon,8,h8
13,known_visit,DMCHBA,bernoulli,0.25,19,361,4,10,dmchba_h8_bernoulli_025,scenarios/known_visit_10target_300.csv,5,12,4,37.33883537430014,37.33883537430014,01,01,1,0,True,known_visit_horizon,10,4,8,known_visit_horizon,commitment_horizon,8,h8
13,known_visit,DMCHBA,bernoulli,0.25,19,361,4,10,dmchba_h8_bernoulli_025,scenarios/known_visit_10target_300.csv,6,1,9,5.6217337784359875,5.6217337784359875,02,02,1,0,True,known_visit_horizon,10,4,8,known_visit_horizon,commitment_horizon,8,h8
13,known_visit,DMCHBA,bernoulli,0.25,19,361,4,10,dmchba_h8_bernoulli_025,scenarios/known_visit_10target_300.csv,7,11,11,27.014538336766584,27.014538336766584,02,02,1,0,True,known_visit_horizon,10,4,8,known_visit_horizon,commitment_horizon,8,h8
13,known_visit,DMCHBA,bernoulli,0.25,19,361,4,10,dmchba_h8_bernoulli_025,scenarios/known_visit_10target_300.csv,8,13,1,26.83897495510525,26.83897495510525,00,00,1,0,True,known_visit_horizon,10,4,8,known_visit_horizon,commitment_horizon,8,h8
13,known_visit,DMCHBA,bernoulli,0.25,19,361,4,10,dmchba_h8_bernoulli_025,scenarios/known_visit_10target_300.csv,9,14,2,30.679054283364433,30.679054283364433,00,00,1,0,True,known_visit_horizon,10,4,8,known_visit_horizon,commitment_horizon,8,h8
13,known_visit,DMCHBA,bernoulli,0.25,19,361,4,10,dmchba_h8_bernoulli_025,scenarios/known_visit_10target_300.csv,10,18,3,39.37101723039438,39.37101723039438,00,00,1,0,True,known_visit_horizon,10,4,8,known_visit_horizon,commitment_horizon,8,h8
14,known_visit,DMCHBA,bernoulli,0.25,19,361,4,10,dmchba_h8_bernoulli_025,scenarios/known_visit_10target_300.csv,1,18,5,42.65528643842642,42.65528643842642,00,00,1,0,True,known_visit_horizon,10,4,8,known_visit_horizon,commitment_horizon,8,h8
14,known_visit,DMCHBA,bernoulli,0.25,19,361,4,10,dmchba_h8_bernoulli_025,scenarios/known_visit_10target_300.csv,2,5,1,13.199236881465538,13.199236881465538,00,00,2,1,True,known_visit_horizon,10,4,8,known_visit_horizon,commitment_horizon,8,h8
14,known_visit,DMCHBA,bernoulli,0.25,19,361,4,10,dmchba_h8_bernoulli_025,scenarios/known_visit_10target_300.csv,3,11,15,22.888206741088663,22.888206741088663,02,02,2,1,True,known_visit_horizon,10,4,8,known_visit_horizon,commitment_horizon,8,h8
14,known_visit,DMCHBA,bernoulli,0.25,19,361,4,10,dmchba_h8_bernoulli_025,scenarios/known_visit_10target_300.csv,4,4,17,7.188710203630616,7.188710203630616,03,03,1,0,True,known_visit_horizon,10,4,8,known_visit_horizon,commitment_horizon,8,h8
14,known_visit,DMCHBA,bernoulli,0.25,19,361,4,10,dmchba_h8_bernoulli_025,scenarios/known_visit_10target_300.csv,5,10,14,19.31564927948402,19.31564927948402,02,02,2,1,True,known_visit_horizon,10,4,8,known_visit_horizon,commitment_horizon,8,h8
14,known_visit,DMCHBA,bernoulli,0.25,19,361,4,10,dmchba_h8_bernoulli_025,scenarios/known_visit_10target_300.csv,6,7,16,14.193553550234393,14.193553550234393,03,03,1,0,True,known_visit_horizon,10,4,8,known_visit_horizon,commitment_horizon,8,h8
14,known_visit,DMCHBA,bernoulli,0.25,19,361,4,10,dmchba_h8_bernoulli_025,scenarios/known_visit_10target_300.csv,7,10,18,22.677532675765555,22.677532675765555,03,03,2,1,True,known_visit_horizon,10,4,8,known_visit_horizon,commitment_horizon,8,h8
14,known_visit,DMCHBA,bernoulli,0.25,19,361,4,10,dmchba_h8_bernoulli_025,scenarios/known_visit_10target_300.csv,8,0,2,2.131544631413263,2.131544631413263,00,00,2,1,True,known_visit_horizon,10,4,8,known_visit_horizon,commitment_horizon,8,h8
14,known_visit,DMCHBA,bernoulli,0.25,19,361,4,10,dmchba_h8_bernoulli_025,scenarios/known_visit_10target_300.csv,9,14,0,42.06711268221913,42.06711268221913,01,01,1,0,True,known_visit_horizon,10,4,8,known_visit_horizon,commitment_horizon,8,h8
14,known_visit,DMCHBA,bernoulli,0.25,19,361,4,10,dmchba_h8_bernoulli_025,scenarios/known_visit_10target_300.csv,10,7,3,20.503658728304057,20.503658728304057,00,00,2,1,True,known_visit_horizon,10,4,8,known_visit_horizon,commitment_horizon,8,h8
15,known_visit,DMCHBA,bernoulli,0.25,19,361,4,10,dmchba_h8_bernoulli_025,scenarios/known_visit_10target_300.csv,1,5,17,8.79788335501868,8.79788335501868,03,03,1,0,True,known_visit_horizon,10,4,8,known_visit_horizon,commitment_horizon,8,h8
15,known_visit,DMCHBA,bernoulli,0.25,19,361,4,10,dmchba_h8_bernoulli_025,scenarios/known_visit_10target_300.csv,2,2,5,4.03126218058815,4.03126218058815,01,01,1,0,True,known_visit_horizon,10,4,8,known_visit_horizon,commitment_horizon,8,h8
15,known_visit,DMCHBA,bernoulli,0.25,19,361,4,10,dmchba_h8_bernoulli_025,scenarios/known_visit_10target_300.csv,3,9,16,17.670715440494206,17.670715440494206,03,03,1,0,True,known_visit_horizon,10,4,8,known_visit_horizon,commitment_horizon,8,h8
15,known_visit,DMCHBA,bernoulli,0.25,19,361,4,10,dmchba_h8_bernoulli_025,scenarios/known_visit_10target_300.csv,4,12,15,24.72452714350249,24.72452714350249,03,03,1,0,True,known_visit_horizon,10,4,8,known_visit_horizon,commitment_horizon,8,h8
15,known_visit,DMCHBA,bernoulli,0.25,19,361,4,10,dmchba_h8_bernoulli_025,scenarios/known_visit_10target_300.csv,5,5,3,12.531835563747787,12.531835563747787,00,00,1,0,True,known_visit_horizon,10,4,8,known_visit_horizon,commitment_horizon,8,h8
15,known_visit,DMCHBA,bernoulli,0.25,19,361,4,10,dmchba_h8_bernoulli_025,scenarios/known_visit_10target_300.csv,6,12,10,22.712153400433486,22.712153400433486,02,02,1,0,True,known_visit_horizon,10,4,8,known_visit_horizon,commitment_horizon,8,h8
15,known_visit,DMCHBA,bernoulli,0.25,19,361,4,10,dmchba_h8_bernoulli_025,scenarios/known_visit_10target_300.csv,7,9,2,21.37527804293551,21.37527804293551,00,00,1,0,True,known_visit_horizon,10,4,8,known_visit_horizon,commitment_horizon,8,h8
15,known_visit,DMCHBA,bernoulli,0.25,19,361,4,10,dmchba_h8_bernoulli_025,scenarios/known_visit_10target_300.csv,8,1,10,3.8232600275661315,3.8232600275661315,02,02,1,0,True,known_visit_horizon,10,4,8,known_visit_horizon,commitment_horizon,8,h8
15,known_visit,DMCHBA,bernoulli,0.25,19,361,4,10,dmchba_h8_bernoulli_025,scenarios/known_visit_10target_300.csv,9,3,3,9.103482421151483,9.103482421151483,00,00,1,0,True,known_visit_horizon,10,4,8,known_visit_horizon,commitment_horizon,8,h8
15,known_visit,DMCHBA,bernoulli,0.25,19,361,4,10,dmchba_h8_bernoulli_025,scenarios/known_visit_10target_300.csv,10,0,1,0.4370217389788026,0.4370217389788026,00,00,1,0,True,known_visit_horizon,10,4,8,known_visit_horizon,commitment_horizon,8,h8
16,known_visit,DMCHBA,bernoulli,0.25,19,361,4,10,dmchba_h8_bernoulli_025,scenarios/known_visit_10target_300.csv,1,9,16,17.330398638003484,17.330398638003484,03,03,2,1,True,known_visit_horizon,10,4,8,known_visit_horizon,commitment_horizon,8,h8
16,known_visit,DMCHBA,bernoulli,0.25,19,361,4,10,dmchba_h8_bernoulli_025,scenarios/known_visit_10target_300.csv,2,12,0,30.166485677124257,30.166485677124257,00,00,1,0,True,known_visit_horizon,10,4,8,known_visit_horizon,commitment_horizon,8,h8
16,known_visit,DMCHBA,bernoulli,0.25,19,361,4,10,dmchba_h8_bernoulli_025,scenarios/known_visit_10target_300.csv,3,5,5,9.139542734393904,9.139542734393904,01,01,1,0,True,known_visit_horizon,10,4,8,known_visit_horizon,commitment_horizon,8,h8
16,known_visit,DMCHBA,bernoulli,0.25,19,361,4,10,dmchba_h8_bernoulli_025,scenarios/known_visit_10target_300.csv,4,0,5,0.5002798005384709,0.5002798005384709,01,01,1,0,True,known_visit_horizon,10,4,8,known_visit_horizon,commitment_horizon,8,h8
16,known_visit,DMCHBA,bernoulli,0.25,19,361,4,10,dmchba_h8_bernoulli_025,scenarios/known_visit_10target_300.csv,5,7,3,15.688961375842657,15.688961375842657,00,00,1,0,True,known_visit_horizon,10,4,8,known_visit_horizon,commitment_horizon,8,h8
16,known_visit,DMCHBA,bernoulli,0.25,19,361,4,10,dmchba_h8_bernoulli_025,scenarios/known_visit_10target_300.csv,6,1,13,2.2311491847458926,2.2311491847458926,02,02,1,0,True,known_visit_horizon,10,4,8,known_visit_horizon,commitment_horizon,8,h8
16,known_visit,DMCHBA,bernoulli,0.25,19,361,4,10,dmchba_h8_bernoulli_025,scenarios/known_visit_10target_300.csv,7,13,5,22.871948604626212,22.871948604626212,01,01,1,0,True,known_visit_horizon,10,4,8,known_visit_horizon,commitment_horizon,8,h8
16,known_visit,DMCHBA,bernoulli,0.25,19,361,4,10,dmchba_h8_bernoulli_025,scenarios/known_visit_10target_300.csv,8,13,1,29.80619259973898,29.80619259973898,01,01,1,0,True,known_visit_horizon,10,4,8,known_visit_horizon,commitment_horizon,8,h8
16,known_visit,DMCHBA,bernoulli,0.25,19,361,4,10,dmchba_h8_bernoulli_025,scenarios/known_visit_10target_300.csv,9,9,18,13.709730237000327,13.709730237000327,03,03,1,0,True,known_visit_horizon,10,4,8,known_visit_horizon,commitment_horizon,8,h8
16,known_visit,DMCHBA,bernoulli,0.25,19,361,4,10,dmchba_h8_bernoulli_025,scenarios/known_visit_10target_300.csv,10,15,14,31.12931459577739,31.12931459577739,03,03,1,0,True,known_visit_horizon,10,4,8,known_visit_horizon,commitment_horizon,8,h8
17,known_visit,DMCHBA,bernoulli,0.25,19,361,4,10,dmchba_h8_bernoulli_025,scenarios/known_visit_10target_300.csv,1,10,11,25.47271666771815,25.47271666771815,02,02,1,0,True,known_visit_horizon,10,4,8,known_visit_horizon,commitment_horizon,8,h8
17,known_visit,DMCHBA,bernoulli,0.25,19,361,4,10,dmchba_h8_bernoulli_025,scenarios/known_visit_10target_300.csv,2,16,16,29.601593872773194,29.601593872773194,03,03,1,0,True,known_visit_horizon,10,4,8,known_visit_horizon,commitment_horizon,8,h8
17,known_visit,DMCHBA,bernoulli,0.25,19,361,4,10,dmchba_h8_bernoulli_025,scenarios/known_visit_10target_300.csv,3,14,2,25.93169113074651,25.93169113074651,00,00,1,0,True,known_visit_horizon,10,4,8,known_visit_horizon,commitment_horizon,8,h8
17,known_visit,DMCHBA,bernoulli,0.25,19,361,4,10,dmchba_h8_bernoulli_025,scenarios/known_visit_10target_300.csv,4,2,7,3.8339358842286453,3.8339358842286453,01,01,1,0,True,known_visit_horizon,10,4,8,known_visit_horizon,commitment_horizon,8,h8
17,known_visit,DMCHBA,bernoulli,0.25,19,361,4,10,dmchba_h8_bernoulli_025,scenarios/known_visit_10target_300.csv,5,17,1,33.511003728838084,33.511003728838084,00,00,1,0,True,known_visit_horizon,10,4,8,known_visit_horizon,commitment_horizon,8,h8
17,known_visit,DMCHBA,bernoulli,0.25,19,361,4,10,dmchba_h8_bernoulli_025,scenarios/known_visit_10target_300.csv,6,1,6,0.189422698976748,0.189422698976748,01,01,1,0,True,known_visit_horizon,10,4,8,known_visit_horizon,commitment_horizon,8,h8
17,known_visit,DMCHBA,bernoulli,0.25,19,361,4,10,dmchba_h8_bernoulli_025,scenarios/known_visit_10target_300.csv,7,18,1,35.435595156686354,35.435595156686354,00,00,1,0,True,known_visit_horizon,10,4,8,known_visit_horizon,commitment_horizon,8,h8
17,known_visit,DMCHBA,bernoulli,0.25,19,361,4,10,dmchba_h8_bernoulli_025,scenarios/known_visit_10target_300.csv,8,11,17,19.06390162283243,19.06390162283243,03,03,1,0,True,known_visit_horizon,10,4,8,known_visit_horizon,commitment_horizon,8,h8
17,known_visit,DMCHBA,bernoulli,0.25,19,361,4,10,dmchba_h8_bernoulli_025,scenarios/known_visit_10target_300.csv,9,4,8,9.177167219415745,9.177167219415745,01,01,1,0,True,known_visit_horizon,10,4,8,known_visit_horizon,commitment_horizon,8,h8
17,known_visit,DMCHBA,bernoulli,0.25,19,361,4,10,dmchba_h8_bernoulli_025,scenarios/known_visit_10target_300.csv,10,10,9,21.28033525554502,21.28033525554502,01,01,2,1,True,known_visit_horizon,10,4,8,known_visit_horizon,commitment_horizon,8,h8
18,known_visit,DMCHBA,bernoulli,0.25,19,361,4,10,dmchba_h8_bernoulli_025,scenarios/known_visit_10target_300.csv,1,16,11,32.030871959014505,32.030871959014505,02,02,1,0,True,known_visit_horizon,10,4,8,known_visit_horizon,commitment_horizon,8,h8
18,known_visit,DMCHBA,bernoulli,0.25,19,361,4,10,dmchba_h8_bernoulli_025,scenarios/known_visit_10target_300.csv,2,17,4,36.130961858929886,36.130961858929886,01,01,1,0,True,known_visit_horizon,10,4,8,known_visit_horizon,commitment_horizon,8,h8
18,known_visit,DMCHBA,bernoulli,0.25,19,361,4,10,dmchba_h8_bernoulli_025,scenarios/known_visit_10target_300.csv,3,13,1,29.89858000343057,29.89858000343057,00,00,1,0,True,known_visit_horizon,10,4,8,known_visit_horizon,commitment_horizon,8,h8
18,known_visit,DMCHBA,bernoulli,0.25,19,361,4,10,dmchba_h8_bernoulli_025,scenarios/known_visit_10target_300.csv,4,13,13,22.625779527185202,22.625779527185202,02,02,2,1,True,known_visit_horizon,10,4,8,known_visit_horizon,commitment_horizon,8,h8
18,known_visit,DMCHBA,bernoulli,0.25,19,361,4,10,dmchba_h8_bernoulli_025,scenarios/known_visit_10target_300.csv,5,14,12,26.607049961755997,26.607049961755997,02,02,1,0,True,known_visit_horizon,10,4,8,known_visit_horizon,commitment_horizon,8,h8
18,known_visit,DMCHBA,bernoulli,0.25,19,361,4,10,dmchba_h8_bernoulli_025,scenarios/known_visit_10target_300.csv,6,2,1,3.79311996367156,3.79311996367156,00,00,1,0,True,known_visit_horizon,10,4,8,known_visit_horizon,commitment_horizon,8,h8
18,known_visit,DMCHBA,bernoulli,0.25,19,361,4,10,dmchba_h8_bernoulli_025,scenarios/known_visit_10target_300.csv,7,4,16,9.19891493186347,9.19891493186347,03,03,1,0,True,known_visit_horizon,10,4,8,known_visit_horizon,commitment_horizon,8,h8
18,known_visit,DMCHBA,bernoulli,0.25,19,361,4,10,dmchba_h8_bernoulli_025,scenarios/known_visit_10target_300.csv,8,14,2,33.841519903009775,33.841519903009775,00,00,1,0,True,known_visit_horizon,10,4,8,known_visit_horizon,commitment_horizon,8,h8
18,known_visit,DMCHBA,bernoulli,0.25,19,361,4,10,dmchba_h8_bernoulli_025,scenarios/known_visit_10target_300.csv,9,12,10,39.45324477362172,39.45324477362172,03,03,1,0,True,known_visit_horizon,10,4,8,known_visit_horizon,commitment_horizon,8,h8
18,known_visit,DMCHBA,bernoulli,0.25,19,361,4,10,dmchba_h8_bernoulli_025,scenarios/known_visit_10target_300.csv,10,8,5,18.396561930092137,18.396561930092137,01,01,1,0,True,known_visit_horizon,10,4,8,known_visit_horizon,commitment_horizon,8,h8
19,known_visit,DMCHBA,bernoulli,0.25,19,361,4,10,dmchba_h8_bernoulli_025,scenarios/known_visit_10target_300.csv,1,2,7,3.8621709077787694,3.8621709077787694,01,01,1,0,True,known_visit_horizon,10,4,8,known_visit_horizon,commitment_horizon,8,h8
19,known_visit,DMCHBA,bernoulli,0.25,19,361,4,10,dmchba_h8_bernoulli_025,scenarios/known_visit_10target_300.csv,2,14,9,31.696512502135953,31.696512502135953,02,02,1,0,True,known_visit_horizon,10,4,8,known_visit_horizon,commitment_horizon,8,h8
19,known_visit,DMCHBA,bernoulli,0.25,19,361,4,10,dmchba_h8_bernoulli_025,scenarios/known_visit_10target_300.csv,3,15,12,24.380576847929103,24.380576847929103,02,02,1,0,True,known_visit_horizon,10,4,8,known_visit_horizon,commitment_horizon,8,h8
19,known_visit,DMCHBA,bernoulli,0.25,19,361,4,10,dmchba_h8_bernoulli_025,scenarios/known_visit_10target_300.csv,4,9,15,19.17892801110015,19.17892801110015,03,03,1,0,True,known_visit_horizon,10,4,8,known_visit_horizon,commitment_horizon,8,h8
19,known_visit,DMCHBA,bernoulli,0.25,19,361,4,10,dmchba_h8_bernoulli_025,scenarios/known_visit_10target_300.csv,5,11,4,24.3939804831382,24.3939804831382,00,00,1,0,True,known_visit_horizon,10,4,8,known_visit_horizon,commitment_horizon,8,h8
19,known_visit,DMCHBA,bernoulli,0.25,19,361,4,10,dmchba_h8_bernoulli_025,scenarios/known_visit_10target_300.csv,6,6,18,8.597550114228353,8.597550114228353,03,03,1,0,True,known_visit_horizon,10,4,8,known_visit_horizon,commitment_horizon,8,h8
19,known_visit,DMCHBA,bernoulli,0.25,19,361,4,10,dmchba_h8_bernoulli_025,scenarios/known_visit_10target_300.csv,7,10,5,21.75232563577161,21.75232563577161,01,01,1,0,True,known_visit_horizon,10,4,8,known_visit_horizon,commitment_horizon,8,h8
19,known_visit,DMCHBA,bernoulli,0.25,19,361,4,10,dmchba_h8_bernoulli_025,scenarios/known_visit_10target_300.csv,8,11,1,29.893212151253373,29.893212151253373,00,00,1,0,True,known_visit_horizon,10,4,8,known_visit_horizon,commitment_horizon,8,h8
19,known_visit,DMCHBA,bernoulli,0.25,19,361,4,10,dmchba_h8_bernoulli_025,scenarios/known_visit_10target_300.csv,9,8,18,12.013224514276468,12.013224514276468,03,03,1,0,True,known_visit_horizon,10,4,8,known_visit_horizon,commitment_horizon,8,h8
19,known_visit,DMCHBA,bernoulli,0.25,19,361,4,10,dmchba_h8_bernoulli_025,scenarios/known_visit_10target_300.csv,10,6,4,15.827256955843149,15.827256955843149,00,00,1,0,True,known_visit_horizon,10,4,8,known_visit_horizon,commitment_horizon,8,h8
20,known_visit,DMCHBA,bernoulli,0.25,19,361,4,10,dmchba_h8_bernoulli_025,scenarios/known_visit_10target_300.csv,1,7,4,14.092964597170644,14.092964597170644,01,01,2,1,True,known_visit_horizon,10,4,8,known_visit_horizon,commitment_horizon,8,h8
20,known_visit,DMCHBA,bernoulli,0.25,19,361,4,10,dmchba_h8_bernoulli_025,scenarios/known_visit_10target_300.csv,2,6,9,14.280892585022382,14.280892585022382,02,02,1,0,True,known_visit_horizon,10,4,8,known_visit_horizon,commitment_horizon,8,h8
20,known_visit,DMCHBA,bernoulli,0.25,19,361,4,10,dmchba_h8_bernoulli_025,scenarios/known_visit_10target_300.csv,3,8,14,19.510008605812292,19.510008605812292,03,03,2,1,True,known_visit_horizon,10,4,8,known_visit_horizon,commitment_horizon,8,h8
20,known_visit,DMCHBA,bernoulli,0.25,19,361,4,10,dmchba_h8_bernoulli_025,scenarios/known_visit_10target_300.csv,4,16,6,33.236590509163534,33.236590509163534,01,01,1,0,True,known_visit_horizon,10,4,8,known_visit_horizon,commitment_horizon,8,h8
20,known_visit,DMCHBA,bernoulli,0.25,19,361,4,10,dmchba_h8_bernoulli_025,scenarios/known_visit_10target_300.csv,5,4,3,10.685457962705003,10.685457962705003,00,00,1,0,True,known_visit_horizon,10,4,8,known_visit_horizon,commitment_horizon,8,h8
20,known_visit,DMCHBA,bernoulli,0.25,19,361,4,10,dmchba_h8_bernoulli_025,scenarios/known_visit_10target_300.csv,6,4,16,8.837887335421417,8.837887335421417,03,03,1,0,True,known_visit_horizon,10,4,8,known_visit_horizon,commitment_horizon,8,h8
20,known_visit,DMCHBA,bernoulli,0.25,19,361,4,10,dmchba_h8_bernoulli_025,scenarios/known_visit_10target_300.csv,7,1,12,0.19171359091120052,0.19171359091120052,02,02,1,0,True,known_visit_horizon,10,4,8,known_visit_horizon,commitment_horizon,8,h8
20,known_visit,DMCHBA,bernoulli,0.25,19,361,4,10,dmchba_h8_bernoulli_025,scenarios/known_visit_10target_300.csv,8,2,18,1.8349902562757,1.8349902562757,03,03,1,0,True,known_visit_horizon,10,4,8,known_visit_horizon,commitment_horizon,8,h8
20,known_visit,DMCHBA,bernoulli,0.25,19,361,4,10,dmchba_h8_bernoulli_025,scenarios/known_visit_10target_300.csv,9,14,4,26.232858886824143,26.232858886824143,01,01,1,0,True,known_visit_horizon,10,4,8,known_visit_horizon,commitment_horizon,8,h8
20,known_visit,DMCHBA,bernoulli,0.25,19,361,4,10,dmchba_h8_bernoulli_025,scenarios/known_visit_10target_300.csv,10,7,0,21.567659836341317,21.567659836341317,00,00,1,0,True,known_visit_horizon,10,4,8,known_visit_horizon,commitment_horizon,8,h8
21,known_visit,DMCHBA,bernoulli,0.25,19,361,4,10,dmchba_h8_bernoulli_025,scenarios/known_visit_10target_300.csv,1,16,12,36.47232946328925,36.47232946328925,03,03,1,0,True,known_visit_horizon,10,4,8,known_visit_horizon,commitment_horizon,8,h8
21,known_visit,DMCHBA,bernoulli,0.25,19,361,4,10,dmchba_h8_bernoulli_025,scenarios/known_visit_10target_300.csv,2,10,18,15.408246977850194,15.408246977850194,03,03,1,0,True,known_visit_horizon,10,4,8,known_visit_horizon,commitment_horizon,8,h8
21,known_visit,DMCHBA,bernoulli,0.25,19,361,4,10,dmchba_h8_bernoulli_025,scenarios/known_visit_10target_300.csv,3,2,11,10.944076077262539,10.944076077262539,01,01,1,0,True,known_visit_horizon,10,4,8,known_visit_horizon,commitment_horizon,8,h8
21,known_visit,DMCHBA,bernoulli,0.25,19,361,4,10,dmchba_h8_bernoulli_025,scenarios/known_visit_10target_300.csv,4,9,15,19.17536677252015,19.17536677252015,02,02,1,0,True,known_visit_horizon,10,4,8,known_visit_horizon,commitment_horizon,8,h8
21,known_visit,DMCHBA,bernoulli,0.25,19,361,4,10,dmchba_h8_bernoulli_025,scenarios/known_visit_10target_300.csv,5,16,13,34.824272053972805,34.824272053972805,03,03,1,0,True,known_visit_horizon,10,4,8,known_visit_horizon,commitment_horizon,8,h8
21,known_visit,DMCHBA,bernoulli,0.25,19,361,4,10,dmchba_h8_bernoulli_025,scenarios/known_visit_10target_300.csv,6,9,8,27.49402270024126,27.49402270024126,00,00,1,0,True,known_visit_horizon,10,4,8,known_visit_horizon,commitment_horizon,8,h8
21,known_visit,DMCHBA,bernoulli,0.25,19,361,4,10,dmchba_h8_bernoulli_025,scenarios/known_visit_10target_300.csv,7,12,17,20.790381740829122,20.790381740829122,03,03,2,1,True,known_visit_horizon,10,4,8,known_visit_horizon,commitment_horizon,8,h8
21,known_visit,DMCHBA,bernoulli,0.25,19,361,4,10,dmchba_h8_bernoulli_025,scenarios/known_visit_10target_300.csv,8,13,9,33.78160086951634,33.78160086951634,01,01,1,0,True,known_visit_horizon,10,4,8,known_visit_horizon,commitment_horizon,8,h8
21,known_visit,DMCHBA,bernoulli,0.25,19,361,4,10,dmchba_h8_bernoulli_025,scenarios/known_visit_10target_300.csv,9,10,10,26.90725011134838,26.90725011134838,01,01,2,1,True,known_visit_horizon,10,4,8,known_visit_horizon,commitment_horizon,8,h8
21,known_visit,DMCHBA,bernoulli,0.25,19,361,4,10,dmchba_h8_bernoulli_025,scenarios/known_visit_10target_300.csv,10,16,17,27.765778284923908,27.765778284923908,03,03,1,0,True,known_visit_horizon,10,4,8,known_visit_horizon,commitment_horizon,8,h8
22,known_visit,DMCHBA,bernoulli,0.25,19,361,4,10,dmchba_h8_bernoulli_025,scenarios/known_visit_10target_300.csv,1,16,6,44.01908192248994,44.01908192248994,01,01,1,0,True,known_visit_horizon,10,4,8,known_visit_horizon,commitment_horizon,8,h8
22,known_visit,DMCHBA,bernoulli,0.25,19,361,4,10,dmchba_h8_bernoulli_025,scenarios/known_visit_10target_300.csv,2,3,4,18.123847003160165,18.123847003160165,01,01,1,0,True,known_visit_horizon,10,4,8,known_visit_horizon,commitment_horizon,8,h8
22,known_visit,DMCHBA,bernoulli,0.25,19,361,4,10,dmchba_h8_bernoulli_025,scenarios/known_visit_10target_300.csv,3,5,15,45.00866278089166,45.00866278089166,02,02,1,0,True,known_visit_horizon,10,4,8,known_visit_horizon,commitment_horizon,8,h8
22,known_visit,DMCHBA,bernoulli,0.25,19,361,4,10,dmchba_h8_bernoulli_025,scenarios/known_visit_10target_300.csv,4,15,18,23.976676382975,23.976676382975,03,03,1,0,True,known_visit_horizon,10,4,8,known_visit_horizon,commitment_horizon,8,h8
22,known_visit,DMCHBA,bernoulli,0.25,19,361,4,10,dmchba_h8_bernoulli_025,scenarios/known_visit_10target_300.csv,5,7,0,18.246606710002467,18.246606710002467,00,00,1,0,True,known_visit_horizon,10,4,8,known_visit_horizon,commitment_horizon,8,h8
22,known_visit,DMCHBA,bernoulli,0.25,19,361,4,10,dmchba_h8_bernoulli_025,scenarios/known_visit_10target_300.csv,6,9,12,21.898416508950316,21.898416508950316,02,02,1,0,True,known_visit_horizon,10,4,8,known_visit_horizon,commitment_horizon,8,h8
22,known_visit,DMCHBA,bernoulli,0.25,19,361,4,10,dmchba_h8_bernoulli_025,scenarios/known_visit_10target_300.csv,7,3,2,7.222522995693823,7.222522995693823,00,00,1,0,True,known_visit_horizon,10,4,8,known_visit_horizon,commitment_horizon,8,h8
22,known_visit,DMCHBA,bernoulli,0.25,19,361,4,10,dmchba_h8_bernoulli_025,scenarios/known_visit_10target_300.csv,8,2,9,7.357300632168823,7.357300632168823,01,01,1,0,True,known_visit_horizon,10,4,8,known_visit_horizon,commitment_horizon,8,h8
22,known_visit,DMCHBA,bernoulli,0.25,19,361,4,10,dmchba_h8_bernoulli_025,scenarios/known_visit_10target_300.csv,9,5,1,12.852611785878908,12.852611785878908,00,00,1,0,True,known_visit_horizon,10,4,8,known_visit_horizon,commitment_horizon,8,h8
22,known_visit,DMCHBA,bernoulli,0.25,19,361,4,10,dmchba_h8_bernoulli_025,scenarios/known_visit_10target_300.csv,10,15,14,31.04731956188871,31.04731956188871,03,03,1,0,True,known_visit_horizon,10,4,8,known_visit_horizon,commitment_horizon,8,h8
23,known_visit,DMCHBA,bernoulli,0.25,19,361,4,10,dmchba_h8_bernoulli_025,scenarios/known_visit_10target_300.csv,1,12,7,21.00584564864314,21.00584564864314,01,01,1,0,True,known_visit_horizon,10,4,8,known_visit_horizon,commitment_horizon,8,h8
23,known_visit,DMCHBA,bernoulli,0.25,19,361,4,10,dmchba_h8_bernoulli_025,scenarios/known_visit_10target_300.csv,2,13,3,26.089124927526036,26.089124927526036,00,00,1,0,True,known_visit_horizon,10,4,8,known_visit_horizon,commitment_horizon,8,h8
23,known_visit,DMCHBA,bernoulli,0.25,19,361,4,10,dmchba_h8_bernoulli_025,scenarios/known_visit_10target_300.csv,3,10,6,15.451711300061213,15.451711300061213,01,01,1,0,True,known_visit_horizon,10,4,8,known_visit_horizon,commitment_horizon,8,h8
23,known_visit,DMCHBA,bernoulli,0.25,19,361,4,10,dmchba_h8_bernoulli_025,scenarios/known_visit_10target_300.csv,4,2,13,4.073143108321142,4.073143108321142,02,02,1,0,True,known_visit_horizon,10,4,8,known_visit_horizon,commitment_horizon,8,h8
23,known_visit,DMCHBA,bernoulli,0.25,19,361,4,10,dmchba_h8_bernoulli_025,scenarios/known_visit_10target_300.csv,5,11,9,26.414074691567304,26.414074691567304,01,01,1,0,True,known_visit_horizon,10,4,8,known_visit_horizon,commitment_horizon,8,h8
23,known_visit,DMCHBA,bernoulli,0.25,19,361,4,10,dmchba_h8_bernoulli_025,scenarios/known_visit_10target_300.csv,6,11,16,28.781844684723247,28.781844684723247,03,03,1,0,True,known_visit_horizon,10,4,8,known_visit_horizon,commitment_horizon,8,h8
23,known_visit,DMCHBA,bernoulli,0.25,19,361,4,10,dmchba_h8_bernoulli_025,scenarios/known_visit_10target_300.csv,7,16,7,39.342603133140294,39.342603133140294,01,01,1,0,True,known_visit_horizon,10,4,8,known_visit_horizon,commitment_horizon,8,h8
23,known_visit,DMCHBA,bernoulli,0.25,19,361,4,10,dmchba_h8_bernoulli_025,scenarios/known_visit_10target_300.csv,8,6,18,16.16109693511324,16.16109693511324,03,03,1,0,True,known_visit_horizon,10,4,8,known_visit_horizon,commitment_horizon,8,h8
23,known_visit,DMCHBA,bernoulli,0.25,19,361,4,10,dmchba_h8_bernoulli_025,scenarios/known_visit_10target_300.csv,9,14,9,32.17750821564445,32.17750821564445,01,01,1,0,True,known_visit_horizon,10,4,8,known_visit_horizon,commitment_horizon,8,h8
23,known_visit,DMCHBA,bernoulli,0.25,19,361,4,10,dmchba_h8_bernoulli_025,scenarios/known_visit_10target_300.csv,10,1,16,3.859372817798272,3.859372817798272,03,03,1,0,True,known_visit_horizon,10,4,8,known_visit_horizon,commitment_horizon,8,h8
24,known_visit,DMCHBA,bernoulli,0.25,19,361,4,10,dmchba_h8_bernoulli_025,scenarios/known_visit_10target_300.csv,1,4,17,11.1191901879653,11.1191901879653,03,03,1,0,True,known_visit_horizon,10,4,8,known_visit_horizon,commitment_horizon,8,h8
24,known_visit,DMCHBA,bernoulli,0.25,19,361,4,10,dmchba_h8_bernoulli_025,scenarios/known_visit_10target_300.csv,2,16,16,33.978969215277516,33.978969215277516,03,03,1,0,True,known_visit_horizon,10,4,8,known_visit_horizon,commitment_horizon,8,h8
24,known_visit,DMCHBA,bernoulli,0.25,19,361,4,10,dmchba_h8_bernoulli_025,scenarios/known_visit_10target_300.csv,3,11,3,22.84914689102715,22.84914689102715,00,00,1,0,True,known_visit_horizon,10,4,8,known_visit_horizon,commitment_horizon,8,h8
24,known_visit,DMCHBA,bernoulli,0.25,19,361,4,10,dmchba_h8_bernoulli_025,scenarios/known_visit_10target_300.csv,4,8,8,15.95503642351969,15.95503642351969,01,01,1,0,True,known_visit_horizon,10,4,8,known_visit_horizon,commitment_horizon,8,h8
24,known_visit,DMCHBA,bernoulli,0.25,19,361,4,10,dmchba_h8_bernoulli_025,scenarios/known_visit_10target_300.csv,5,10,10,19.38976295427067,19.38976295427067,02,02,1,0,True,known_visit_horizon,10,4,8,known_visit_horizon,commitment_horizon,8,h8
24,known_visit,DMCHBA,bernoulli,0.25,19,361,4,10,dmchba_h8_bernoulli_025,scenarios/known_visit_10target_300.csv,6,5,11,8.951830845011818,8.951830845011818,02,02,1,0,True,known_visit_horizon,10,4,8,known_visit_horizon,commitment_horizon,8,h8
24,known_visit,DMCHBA,bernoulli,0.25,19,361,4,10,dmchba_h8_bernoulli_025,scenarios/known_visit_10target_300.csv,7,13,17,26.697203151972094,26.697203151972094,03,03,1,0,True,known_visit_horizon,10,4,8,known_visit_horizon,commitment_horizon,8,h8
24,known_visit,DMCHBA,bernoulli,0.25,19,361,4,10,dmchba_h8_bernoulli_025,scenarios/known_visit_10target_300.csv,8,4,2,8.981895229324538,8.981895229324538,00,00,1,0,True,known_visit_horizon,10,4,8,known_visit_horizon,commitment_horizon,8,h8
24,known_visit,DMCHBA,bernoulli,0.25,19,361,4,10,dmchba_h8_bernoulli_025,scenarios/known_visit_10target_300.csv,9,1,0,0.11361894331840282,0.11361894331840282,00,00,1,0,True,known_visit_horizon,10,4,8,known_visit_horizon,commitment_horizon,8,h8
24,known_visit,DMCHBA,bernoulli,0.25,19,361,4,10,dmchba_h8_bernoulli_025,scenarios/known_visit_10target_300.csv,10,3,16,7.118356390675122,7.118356390675122,03,03,1,0,True,known_visit_horizon,10,4,8,known_visit_horizon,commitment_horizon,8,h8
25,known_visit,DMCHBA,bernoulli,0.25,19,361,4,10,dmchba_h8_bernoulli_025,scenarios/known_visit_10target_300.csv,1,4,5,22.162197934255065,22.162197934255065,00,00,1,0,True,known_visit_horizon,10,4,8,known_visit_horizon,commitment_horizon,8,h8
25,known_visit,DMCHBA,bernoulli,0.25,19,361,4,10,dmchba_h8_bernoulli_025,scenarios/known_visit_10target_300.csv,2,2,9,7.597086069326256,7.597086069326256,01,01,2,1,True,known_visit_horizon,10,4,8,known_visit_horizon,commitment_horizon,8,h8
25,known_visit,DMCHBA,bernoulli,0.25,19,361,4,10,dmchba_h8_bernoulli_025,scenarios/known_visit_10target_300.csv,3,6,4,16.90346285830334,16.90346285830334,00,00,1,0,True,known_visit_horizon,10,4,8,known_visit_horizon,commitment_horizon,8,h8
25,known_visit,DMCHBA,bernoulli,0.25,19,361,4,10,dmchba_h8_bernoulli_025,scenarios/known_visit_10target_300.csv,4,10,6,26.743098669863883,26.743098669863883,01,01,1,0,True,known_visit_horizon,10,4,8,known_visit_horizon,commitment_horizon,8,h8
25,known_visit,DMCHBA,bernoulli,0.25,19,361,4,10,dmchba_h8_bernoulli_025,scenarios/known_visit_10target_300.csv,5,2,6,1.9925968996498598,1.9925968996498598,01,01,2,1,True,known_visit_horizon,10,4,8,known_visit_horizon,commitment_horizon,8,h8
25,known_visit,DMCHBA,bernoulli,0.25,19,361,4,10,dmchba_h8_bernoulli_025,scenarios/known_visit_10target_300.csv,6,6,17,10.469677820022577,10.469677820022577,03,03,1,0,True,known_visit_horizon,10,4,8,known_visit_horizon,commitment_horizon,8,h8
25,known_visit,DMCHBA,bernoulli,0.25,19,361,4,10,dmchba_h8_bernoulli_025,scenarios/known_visit_10target_300.csv,7,4,12,5.330070760065159,5.330070760065159,02,02,1,0,True,known_visit_horizon,10,4,8,known_visit_horizon,commitment_horizon,8,h8
25,known_visit,DMCHBA,bernoulli,0.25,19,361,4,10,dmchba_h8_bernoulli_025,scenarios/known_visit_10target_300.csv,8,5,10,10.579262833185501,10.579262833185501,02,02,1,0,True,known_visit_horizon,10,4,8,known_visit_horizon,commitment_horizon,8,h8
25,known_visit,DMCHBA,bernoulli,0.25,19,361,4,10,dmchba_h8_bernoulli_025,scenarios/known_visit_10target_300.csv,9,6,18,8.558606905657502,8.558606905657502,03,03,1,0,True,known_visit_horizon,10,4,8,known_visit_horizon,commitment_horizon,8,h8
25,known_visit,DMCHBA,bernoulli,0.25,19,361,4,10,dmchba_h8_bernoulli_025,scenarios/known_visit_10target_300.csv,10,8,15,17.462541656504975,17.462541656504975,03,03,1,0,True,known_visit_horizon,10,4,8,known_visit_horizon,commitment_horizon,8,h8
26,known_visit,DMCHBA,bernoulli,0.25,19,361,4,10,dmchba_h8_bernoulli_025,scenarios/known_visit_10target_300.csv,1,5,11,8.96965549850172,8.96965549850172,02,02,1,0,True,known_visit_horizon,10,4,8,known_visit_horizon,commitment_horizon,8,h8
26,known_visit,DMCHBA,bernoulli,0.25,19,361,4,10,dmchba_h8_bernoulli_025,scenarios/known_visit_10target_300.csv,2,17,0,31.1630172992759,31.1630172992759,00,00,1,0,True,known_visit_horizon,10,4,8,known_visit_horizon,commitment_horizon,8,h8
26,known_visit,DMCHBA,bernoulli,0.25,19,361,4,10,dmchba_h8_bernoulli_025,scenarios/known_visit_10target_300.csv,3,17,10,35.5803448253422,35.5803448253422,02,02,1,0,True,known_visit_horizon,10,4,8,known_visit_horizon,commitment_horizon,8,h8
26,known_visit,DMCHBA,bernoulli,0.25,19,361,4,10,dmchba_h8_bernoulli_025,scenarios/known_visit_10target_300.csv,4,8,15,17.164229570059337,17.164229570059337,03,03,1,0,True,known_visit_horizon,10,4,8,known_visit_horizon,commitment_horizon,8,h8
26,known_visit,DMCHBA,bernoulli,0.25,19,361,4,10,dmchba_h8_bernoulli_025,scenarios/known_visit_10target_300.csv,5,7,11,12.70922330408285,12.70922330408285,02,02,1,0,True,known_visit_horizon,10,4,8,known_visit_horizon,commitment_horizon,8,h8
26,known_visit,DMCHBA,bernoulli,0.25,19,361,4,10,dmchba_h8_bernoulli_025,scenarios/known_visit_10target_300.csv,6,1,18,0.15828459887939156,0.15828459887939156,03,03,1,0,True,known_visit_horizon,10,4,8,known_visit_horizon,commitment_horizon,8,h8
26,known_visit,DMCHBA,bernoulli,0.25,19,361,4,10,dmchba_h8_bernoulli_025,scenarios/known_visit_10target_300.csv,7,5,1,8.886225308794957,8.886225308794957,00,00,1,0,True,known_visit_horizon,10,4,8,known_visit_horizon,commitment_horizon,8,h8
26,known_visit,DMCHBA,bernoulli,0.25,19,361,4,10,dmchba_h8_bernoulli_025,scenarios/known_visit_10target_300.csv,8,9,4,17.33665687128247,17.33665687128247,01,01,1,0,True,known_visit_horizon,10,4,8,known_visit_horizon,commitment_horizon,8,h8
26,known_visit,DMCHBA,bernoulli,0.25,19,361,4,10,dmchba_h8_bernoulli_025,scenarios/known_visit_10target_300.csv,9,3,12,3.5657251230908393,3.5657251230908393,02,02,2,1,True,known_visit_horizon,10,4,8,known_visit_horizon,commitment_horizon,8,h8
26,known_visit,DMCHBA,bernoulli,0.25,19,361,4,10,dmchba_h8_bernoulli_025,scenarios/known_visit_10target_300.csv,10,14,1,24.14045211271219,24.14045211271219,00,00,1,0,True,known_visit_horizon,10,4,8,known_visit_horizon,commitment_horizon,8,h8
27,known_visit,DMCHBA,bernoulli,0.25,19,361,4,10,dmchba_h8_bernoulli_025,scenarios/known_visit_10target_300.csv,1,1,7,2.15181878309226,2.15181878309226,01,01,1,0,True,known_visit_horizon,10,4,8,known_visit_horizon,commitment_horizon,8,h8
27,known_visit,DMCHBA,bernoulli,0.25,19,361,4,10,dmchba_h8_bernoulli_025,scenarios/known_visit_10target_300.csv,2,5,4,14.182365975416559,14.182365975416559,00,00,1,0,True,known_visit_horizon,10,4,8,known_visit_horizon,commitment_horizon,8,h8
27,known_visit,DMCHBA,bernoulli,0.25,19,361,4,10,dmchba_h8_bernoulli_025,scenarios/known_visit_10target_300.csv,3,3,12,3.6398189281739763,3.6398189281739763,02,02,1,0,True,known_visit_horizon,10,4,8,known_visit_horizon,commitment_horizon,8,h8
27,known_visit,DMCHBA,bernoulli,0.25,19,361,4,10,dmchba_h8_bernoulli_025,scenarios/known_visit_10target_300.csv,4,7,14,22.012698777805795,22.012698777805795,02,02,1,0,True,known_visit_horizon,10,4,8,known_visit_horizon,commitment_horizon,8,h8
27,known_visit,DMCHBA,bernoulli,0.25,19,361,4,10,dmchba_h8_bernoulli_025,scenarios/known_visit_10target_300.csv,5,5,13,9.15098010733971,9.15098010733971,02,02,1,0,True,known_visit_horizon,10,4,8,known_visit_horizon,commitment_horizon,8,h8
27,known_visit,DMCHBA,bernoulli,0.25,19,361,4,10,dmchba_h8_bernoulli_025,scenarios/known_visit_10target_300.csv,6,5,15,12.276627666170862,12.276627666170862,03,03,1,0,True,known_visit_horizon,10,4,8,known_visit_horizon,commitment_horizon,8,h8
27,known_visit,DMCHBA,bernoulli,0.25,19,361,4,10,dmchba_h8_bernoulli_025,scenarios/known_visit_10target_300.csv,7,8,16,19.67704356270878,19.67704356270878,03,03,1,0,True,known_visit_horizon,10,4,8,known_visit_horizon,commitment_horizon,8,h8
27,known_visit,DMCHBA,bernoulli,0.25,19,361,4,10,dmchba_h8_bernoulli_025,scenarios/known_visit_10target_300.csv,8,1,0,0.2588328365680109,0.2588328365680109,00,00,1,0,True,known_visit_horizon,10,4,8,known_visit_horizon,commitment_horizon,8,h8
27,known_visit,DMCHBA,bernoulli,0.25,19,361,4,10,dmchba_h8_bernoulli_025,scenarios/known_visit_10target_300.csv,9,1,1,2.1771223837351164,2.1771223837351164,00,00,1,0,True,known_visit_horizon,10,4,8,known_visit_horizon,commitment_horizon,8,h8
27,known_visit,DMCHBA,bernoulli,0.25,19,361,4,10,dmchba_h8_bernoulli_025,scenarios/known_visit_10target_300.csv,10,9,13,16.180976762502894,16.180976762502894,02,02,1,0,True,known_visit_horizon,10,4,8,known_visit_horizon,commitment_horizon,8,h8
28,known_visit,DMCHBA,bernoulli,0.25,19,361,4,10,dmchba_h8_bernoulli_025,scenarios/known_visit_10target_300.csv,1,16,8,40.63393526763164,40.63393526763164,01,01,1,0,True,known_visit_horizon,10,4,8,known_visit_horizon,commitment_horizon,8,h8
28,known_visit,DMCHBA,bernoulli,0.25,19,361,4,10,dmchba_h8_bernoulli_025,scenarios/known_visit_10target_300.csv,2,9,8,31.161740128163874,31.161740128163874,03,03,1,0,True,known_visit_horizon,10,4,8,known_visit_horizon,commitment_horizon,8,h8
28,known_visit,DMCHBA,bernoulli,0.25,19,361,4,10,dmchba_h8_bernoulli_025,scenarios/known_visit_10target_300.csv,3,14,12,26.625685873782462,26.625685873782462,02,02,1,0,True,known_visit_horizon,10,4,8,known_visit_horizon,commitment_horizon,8,h8
28,known_visit,DMCHBA,bernoulli,0.25,19,361,4,10,dmchba_h8_bernoulli_025,scenarios/known_visit_10target_300.csv,4,7,1,16.43635515068033,16.43635515068033,00,00,1,0,True,known_visit_horizon,10,4,8,known_visit_horizon,commitment_horizon,8,h8
28,known_visit,DMCHBA,bernoulli,0.25,19,361,4,10,dmchba_h8_bernoulli_025,scenarios/known_visit_10target_300.csv,5,5,11,8.994774134764395,8.994774134764395,02,02,1,0,True,known_visit_horizon,10,4,8,known_visit_horizon,commitment_horizon,8,h8
28,known_visit,DMCHBA,bernoulli,0.25,19,361,4,10,dmchba_h8_bernoulli_025,scenarios/known_visit_10target_300.csv,6,2,5,3.8119212752043983,3.8119212752043983,01,01,1,0,True,known_visit_horizon,10,4,8,known_visit_horizon,commitment_horizon,8,h8
28,known_visit,DMCHBA,bernoulli,0.25,19,361,4,10,dmchba_h8_bernoulli_025,scenarios/known_visit_10target_300.csv,7,17,14,35.47031609648283,35.47031609648283,02,02,1,0,True,known_visit_horizon,10,4,8,known_visit_horizon,commitment_horizon,8,h8
28,known_visit,DMCHBA,bernoulli,0.25,19,361,4,10,dmchba_h8_bernoulli_025,scenarios/known_visit_10target_300.csv,8,4,17,7.0823066451849135,7.0823066451849135,03,03,1,0,True,known_visit_horizon,10,4,8,known_visit_horizon,commitment_horizon,8,h8
28,known_visit,DMCHBA,bernoulli,0.25,19,361,4,10,dmchba_h8_bernoulli_025,scenarios/known_visit_10target_300.csv,9,5,2,11.136083920816027,11.136083920816027,00,00,1,0,True,known_visit_horizon,10,4,8,known_visit_horizon,commitment_horizon,8,h8
28,known_visit,DMCHBA,bernoulli,0.25,19,361,4,10,dmchba_h8_bernoulli_025,scenarios/known_visit_10target_300.csv,10,10,3,21.31296731309729,21.31296731309729,01,01,1,0,True,known_visit_horizon,10,4,8,known_visit_horizon,commitment_horizon,8,h8
29,known_visit,DMCHBA,bernoulli,0.25,19,361,4,10,dmchba_h8_bernoulli_025,scenarios/known_visit_10target_300.csv,1,8,0,11.812460147695868,11.812460147695868,00,00,1,0,True,known_visit_horizon,10,4,8,known_visit_horizon,commitment_horizon,8,h8
29,known_visit,DMCHBA,bernoulli,0.25,19,361,4,10,dmchba_h8_bernoulli_025,scenarios/known_visit_10target_300.csv,2,17,10,41.623817575996384,41.623817575996384,03,03,1,0,True,known_visit_horizon,10,4,8,known_visit_horizon,commitment_horizon,8,h8
29,known_visit,DMCHBA,bernoulli,0.25,19,361,4,10,dmchba_h8_bernoulli_025,scenarios/known_visit_10target_300.csv,3,9,18,13.939696865378414,13.939696865378414,03,03,1,0,True,known_visit_horizon,10,4,8,known_visit_horizon,commitment_horizon,8,h8
29,known_visit,DMCHBA,bernoulli,0.25,19,361,4,10,dmchba_h8_bernoulli_025,scenarios/known_visit_10target_300.csv,4,6,11,10.794071065665035,10.794071065665035,02,02,1,0,True,known_visit_horizon,10,4,8,known_visit_horizon,commitment_horizon,8,h8
29,known_visit,DMCHBA,bernoulli,0.25,19,361,4,10,dmchba_h8_bernoulli_025,scenarios/known_visit_10target_300.csv,5,11,8,20.985994923392447,20.985994923392447,01,01,1,0,True,known_visit_horizon,10,4,8,known_visit_horizon,commitment_horizon,8,h8
29,known_visit,DMCHBA,bernoulli,0.25,19,361,4,10,dmchba_h8_bernoulli_025,scenarios/known_visit_10target_300.csv,6,2,0,1.799559395964232,1.799559395964232,00,00,1,0,True,known_visit_horizon,10,4,8,known_visit_horizon,commitment_horizon,8,h8
29,known_visit,DMCHBA,bernoulli,0.25,19,361,4,10,dmchba_h8_bernoulli_025,scenarios/known_visit_10target_300.csv,7,15,5,33.58348120312145,33.58348120312145,01,01,1,0,True,known_visit_horizon,10,4,8,known_visit_horizon,commitment_horizon,8,h8
29,known_visit,DMCHBA,bernoulli,0.25,19,361,4,10,dmchba_h8_bernoulli_025,scenarios/known_visit_10target_300.csv,8,7,18,10.548710593357516,10.548710593357516,03,03,2,1,True,known_visit_horizon,10,4,8,known_visit_horizon,commitment_horizon,8,h8
29,known_visit,DMCHBA,bernoulli,0.25,19,361,4,10,dmchba_h8_bernoulli_025,scenarios/known_visit_10target_300.csv,9,7,14,18.18465004149423,18.18465004149423,02,02,1,0,True,known_visit_horizon,10,4,8,known_visit_horizon,commitment_horizon,8,h8
29,known_visit,DMCHBA,bernoulli,0.25,19,361,4,10,dmchba_h8_bernoulli_025,scenarios/known_visit_10target_300.csv,10,12,16,22.739270449275114,22.739270449275114,03,03,1,0,True,known_visit_horizon,10,4,8,known_visit_horizon,commitment_horizon,8,h8
30,known_visit,DMCHBA,bernoulli,0.25,19,361,4,10,dmchba_h8_bernoulli_025,scenarios/known_visit_10target_300.csv,1,13,2,25.50555714782636,25.50555714782636,00,00,1,0,True,known_visit_horizon,10,4,8,known_visit_horizon,commitment_horizon,8,h8
30,known_visit,DMCHBA,bernoulli,0.25,19,361,4,10,dmchba_h8_bernoulli_025,scenarios/known_visit_10target_300.csv,2,3,5,5.563922325684578,5.563922325684578,01,01,1,0,True,known_visit_horizon,10,4,8,known_visit_horizon,commitment_horizon,8,h8
30,known_visit,DMCHBA,bernoulli,0.25,19,361,4,10,dmchba_h8_bernoulli_025,scenarios/known_visit_10target_300.csv,3,4,3,11.113111994483896,11.113111994483896,01,01,1,0,True,known_visit_horizon,10,4,8,known_visit_horizon,commitment_horizon,8,h8
30,known_visit,DMCHBA,bernoulli,0.25,19,361,4,10,dmchba_h8_bernoulli_025,scenarios/known_visit_10target_300.csv,4,10,16,18.901258743892708,18.901258743892708,03,03,1,0,True,known_visit_horizon,10,4,8,known_visit_horizon,commitment_horizon,8,h8
30,known_visit,DMCHBA,bernoulli,0.25,19,361,4,10,dmchba_h8_bernoulli_025,scenarios/known_visit_10target_300.csv,5,12,17,24.847138658932746,24.847138658932746,03,03,1,0,True,known_visit_horizon,10,4,8,known_visit_horizon,commitment_horizon,8,h8
30,known_visit,DMCHBA,bernoulli,0.25,19,361,4,10,dmchba_h8_bernoulli_025,scenarios/known_visit_10target_300.csv,6,7,5,20.136563699720238,20.136563699720238,01,01,1,0,True,known_visit_horizon,10,4,8,known_visit_horizon,commitment_horizon,8,h8
30,known_visit,DMCHBA,bernoulli,0.25,19,361,4,10,dmchba_h8_bernoulli_025,scenarios/known_visit_10target_300.csv,7,4,8,12.562843606681161,12.562843606681161,02,02,1,0,True,known_visit_horizon,10,4,8,known_visit_horizon,commitment_horizon,8,h8
30,known_visit,DMCHBA,bernoulli,0.25,19,361,4,10,dmchba_h8_bernoulli_025,scenarios/known_visit_10target_300.csv,8,12,7,27.94364625758438,27.94364625758438,02,02,1,0,True,known_visit_horizon,10,4,8,known_visit_horizon,commitment_horizon,8,h8
30,known_visit,DMCHBA,bernoulli,0.25,19,361,4,10,dmchba_h8_bernoulli_025,scenarios/known_visit_10target_300.csv,9,14,18,30.288724101428507,30.288724101428507,03,03,1,0,True,known_visit_horizon,10,4,8,known_visit_horizon,commitment_horizon,8,h8
30,known_visit,DMCHBA,bernoulli,0.25,19,361,4,10,dmchba_h8_bernoulli_025,scenarios/known_visit_10target_300.csv,10,18,4,37.919560370625284,37.919560370625284,00,00,1,0,True,known_visit_horizon,10,4,8,known_visit_horizon,commitment_horizon,8,h8
31,known_visit,DMCHBA,bernoulli,0.25,19,361,4,10,dmchba_h8_bernoulli_025,scenarios/known_visit_10target_300.csv,1,14,2,34.24432105195144,34.24432105195144,01,01,1,0,True,known_visit_horizon,10,4,8,known_visit_horizon,commitment_horizon,8,h8
31,known_visit,DMCHBA,bernoulli,0.25,19,361,4,10,dmchba_h8_bernoulli_025,scenarios/known_visit_10target_300.csv,2,18,12,47.35854628077249,47.35854628077249,03,03,1,0,True,known_visit_horizon,10,4,8,known_visit_horizon,commitment_horizon,8,h8
31,known_visit,DMCHBA,bernoulli,0.25,19,361,4,10,dmchba_h8_bernoulli_025,scenarios/known_visit_10target_300.csv,3,15,10,38.00955806938589,38.00955806938589,03,03,1,0,True,known_visit_horizon,10,4,8,known_visit_horizon,commitment_horizon,8,h8
31,known_visit,DMCHBA,bernoulli,0.25,19,361,4,10,dmchba_h8_bernoulli_025,scenarios/known_visit_10target_300.csv,4,1,17,2.0705219973555007,2.0705219973555007,03,03,1,0,True,known_visit_horizon,10,4,8,known_visit_horizon,commitment_horizon,8,h8
31,known_visit,DMCHBA,bernoulli,0.25,19,361,4,10,dmchba_h8_bernoulli_025,scenarios/known_visit_10target_300.csv,5,4,2,8.922408052035417,8.922408052035417,00,00,1,0,True,known_visit_horizon,10,4,8,known_visit_horizon,commitment_horizon,8,h8
31,known_visit,DMCHBA,bernoulli,0.25,19,361,4,10,dmchba_h8_bernoulli_025,scenarios/known_visit_10target_300.csv,6,12,0,26.499880471238733,26.499880471238733,00,00,1,0,True,known_visit_horizon,10,4,8,known_visit_horizon,commitment_horizon,8,h8
31,known_visit,DMCHBA,bernoulli,0.25,19,361,4,10,dmchba_h8_bernoulli_025,scenarios/known_visit_10target_300.csv,7,9,7,27.485129821157624,27.485129821157624,02,02,1,0,True,known_visit_horizon,10,4,8,known_visit_horizon,commitment_horizon,8,h8
31,known_visit,DMCHBA,bernoulli,0.25,19,361,4,10,dmchba_h8_bernoulli_025,scenarios/known_visit_10target_300.csv,8,6,12,19.044149782757092,19.044149782757092,03,03,1,0,True,known_visit_horizon,10,4,8,known_visit_horizon,commitment_horizon,8,h8
31,known_visit,DMCHBA,bernoulli,0.25,19,361,4,10,dmchba_h8_bernoulli_025,scenarios/known_visit_10target_300.csv,9,3,3,13.169320243588347,13.169320243588347,01,01,1,0,True,known_visit_horizon,10,4,8,known_visit_horizon,commitment_horizon,8,h8
31,known_visit,DMCHBA,bernoulli,0.25,19,361,4,10,dmchba_h8_bernoulli_025,scenarios/known_visit_10target_300.csv,10,0,7,0.5503683065029014,0.5503683065029014,01,01,1,0,True,known_visit_horizon,10,4,8,known_visit_horizon,commitment_horizon,8,h8
32,known_visit,DMCHBA,bernoulli,0.25,19,361,4,10,dmchba_h8_bernoulli_025,scenarios/known_visit_10target_300.csv,1,12,3,24.75276152280384,24.75276152280384,00,00,1,0,True,known_visit_horizon,10,4,8,known_visit_horizon,commitment_horizon,8,h8
32,known_visit,DMCHBA,bernoulli,0.25,19,361,4,10,dmchba_h8_bernoulli_025,scenarios/known_visit_10target_300.csv,2,14,17,28.396537743742467,28.396537743742467,03,03,1,0,True,known_visit_horizon,10,4,8,known_visit_horizon,commitment_horizon,8,h8
32,known_visit,DMCHBA,bernoulli,0.25,19,361,4,10,dmchba_h8_bernoulli_025,scenarios/known_visit_10target_300.csv,3,3,14,7.15206006734417,7.15206006734417,02,02,1,0,True,known_visit_horizon,10,4,8,known_visit_horizon,commitment_horizon,8,h8
32,known_visit,DMCHBA,bernoulli,0.25,19,361,4,10,dmchba_h8_bernoulli_025,scenarios/known_visit_10target_300.csv,4,13,17,26.653428387117547,26.653428387117547,03,03,1,0,True,known_visit_horizon,10,4,8,known_visit_horizon,commitment_horizon,8,h8
32,known_visit,DMCHBA,bernoulli,0.25,19,361,4,10,dmchba_h8_bernoulli_025,scenarios/known_visit_10target_300.csv,5,10,17,21.251155990953716,21.251155990953716,03,03,1,0,True,known_visit_horizon,10,4,8,known_visit_horizon,commitment_horizon,8,h8
32,known_visit,DMCHBA,bernoulli,0.25,19,361,4,10,dmchba_h8_bernoulli_025,scenarios/known_visit_10target_300.csv,6,8,9,24.552508303884565,24.552508303884565,02,02,1,0,True,known_visit_horizon,10,4,8,known_visit_horizon,commitment_horizon,8,h8
32,known_visit,DMCHBA,bernoulli,0.25,19,361,4,10,dmchba_h8_bernoulli_025,scenarios/known_visit_10target_300.csv,7,2,3,7.334752975296411,7.334752975296411,01,01,1,0,True,known_visit_horizon,10,4,8,known_visit_horizon,commitment_horizon,8,h8
32,known_visit,DMCHBA,bernoulli,0.25,19,361,4,10,dmchba_h8_bernoulli_025,scenarios/known_visit_10target_300.csv,8,4,4,12.92733985073026,12.92733985073026,01,01,1,0,True,known_visit_horizon,10,4,8,known_visit_horizon,commitment_horizon,8,h8
32,known_visit,DMCHBA,bernoulli,0.25,19,361,4,10,dmchba_h8_bernoulli_025,scenarios/known_visit_10target_300.csv,9,11,7,33.47798580432412,33.47798580432412,00,00,1,0,True,known_visit_horizon,10,4,8,known_visit_horizon,commitment_horizon,8,h8
32,known_visit,DMCHBA,bernoulli,0.25,19,361,4,10,dmchba_h8_bernoulli_025,scenarios/known_visit_10target_300.csv,10,10,0,15.602487969217602,15.602487969217602,00,00,2,1,True,known_visit_horizon,10,4,8,known_visit_horizon,commitment_horizon,8,h8
33,known_visit,DMCHBA,bernoulli,0.25,19,361,4,10,dmchba_h8_bernoulli_025,scenarios/known_visit_10target_300.csv,1,3,1,5.76684113745915,5.76684113745915,00,00,1,0,True,known_visit_horizon,10,4,8,known_visit_horizon,commitment_horizon,8,h8
33,known_visit,DMCHBA,bernoulli,0.25,19,361,4,10,dmchba_h8_bernoulli_025,scenarios/known_visit_10target_300.csv,2,2,1,3.8589040491775957,3.8589040491775957,00,00,1,0,True,known_visit_horizon,10,4,8,known_visit_horizon,commitment_horizon,8,h8
33,known_visit,DMCHBA,bernoulli,0.25,19,361,4,10,dmchba_h8_bernoulli_025,scenarios/known_visit_10target_300.csv,3,11,5,26.485308656783296,26.485308656783296,01,01,1,0,True,known_visit_horizon,10,4,8,known_visit_horizon,commitment_horizon,8,h8
33,known_visit,DMCHBA,bernoulli,0.25,19,361,4,10,dmchba_h8_bernoulli_025,scenarios/known_visit_10target_300.csv,4,10,18,15.093130911913672,15.093130911913672,03,03,1,0,True,known_visit_horizon,10,4,8,known_visit_horizon,commitment_horizon,8,h8
33,known_visit,DMCHBA,bernoulli,0.25,19,361,4,10,dmchba_h8_bernoulli_025,scenarios/known_visit_10target_300.csv,5,1,7,2.1522078347427365,2.1522078347427365,01,01,1,0,True,known_visit_horizon,10,4,8,known_visit_horizon,commitment_horizon,8,h8
33,known_visit,DMCHBA,bernoulli,0.25,19,361,4,10,dmchba_h8_bernoulli_025,scenarios/known_visit_10target_300.csv,6,3,15,8.973588500750502,8.973588500750502,02,02,2,1,True,known_visit_horizon,10,4,8,known_visit_horizon,commitment_horizon,8,h8
33,known_visit,DMCHBA,bernoulli,0.25,19,361,4,10,dmchba_h8_bernoulli_025,scenarios/known_visit_10target_300.csv,7,11,8,21.15819750760966,21.15819750760966,01,01,1,0,True,known_visit_horizon,10,4,8,known_visit_horizon,commitment_horizon,8,h8
33,known_visit,DMCHBA,bernoulli,0.25,19,361,4,10,dmchba_h8_bernoulli_025,scenarios/known_visit_10target_300.csv,8,18,9,45.06059553669204,45.06059553669204,02,02,1,0,True,known_visit_horizon,10,4,8,known_visit_horizon,commitment_horizon,8,h8
33,known_visit,DMCHBA,bernoulli,0.25,19,361,4,10,dmchba_h8_bernoulli_025,scenarios/known_visit_10target_300.csv,9,8,15,17.741057099723697,17.741057099723697,02,02,1,0,True,known_visit_horizon,10,4,8,known_visit_horizon,commitment_horizon,8,h8
33,known_visit,DMCHBA,bernoulli,0.25,19,361,4,10,dmchba_h8_bernoulli_025,scenarios/known_visit_10target_300.csv,10,10,16,18.80667948854972,18.80667948854972,03,03,1,0,True,known_visit_horizon,10,4,8,known_visit_horizon,commitment_horizon,8,h8
34,known_visit,DMCHBA,bernoulli,0.25,19,361,4,10,dmchba_h8_bernoulli_025,scenarios/known_visit_10target_300.csv,1,15,17,26.809059512606712,26.809059512606712,03,03,1,0,True,known_visit_horizon,10,4,8,known_visit_horizon,commitment_horizon,8,h8
34,known_visit,DMCHBA,bernoulli,0.25,19,361,4,10,dmchba_h8_bernoulli_025,scenarios/known_visit_10target_300.csv,2,9,13,15.775163170296846,15.775163170296846,02,02,1,0,True,known_visit_horizon,10,4,8,known_visit_horizon,commitment_horizon,8,h8
34,known_visit,DMCHBA,bernoulli,0.25,19,361,4,10,dmchba_h8_bernoulli_025,scenarios/known_visit_10target_300.csv,3,9,17,15.915776290885864,15.915776290885864,03,03,1,0,True,known_visit_horizon,10,4,8,known_visit_horizon,commitment_horizon,8,h8
34,known_visit,DMCHBA,bernoulli,0.25,19,361,4,10,dmchba_h8_bernoulli_025,scenarios/known_visit_10target_300.csv,4,9,12,13.725680812172024,13.725680812172024,02,02,1,0,True,known_visit_horizon,10,4,8,known_visit_horizon,commitment_horizon,8,h8
34,known_visit,DMCHBA,bernoulli,0.25,19,361,4,10,dmchba_h8_bernoulli_025,scenarios/known_visit_10target_300.csv,5,7,17,12.1389018808519,12.1389018808519,03,03,1,0,True,known_visit_horizon,10,4,8,known_visit_horizon,commitment_horizon,8,h8
34,known_visit,DMCHBA,bernoulli,0.25,19,361,4,10,dmchba_h8_bernoulli_025,scenarios/known_visit_10target_300.csv,6,15,11,33.548246894072996,33.548246894072996,02,02,1,0,True,known_visit_horizon,10,4,8,known_visit_horizon,commitment_horizon,8,h8
34,known_visit,DMCHBA,bernoulli,0.25,19,361,4,10,dmchba_h8_bernoulli_025,scenarios/known_visit_10target_300.csv,7,2,10,9.134826724912562,9.134826724912562,01,01,1,0,True,known_visit_horizon,10,4,8,known_visit_horizon,commitment_horizon,8,h8
34,known_visit,DMCHBA,bernoulli,0.25,19,361,4,10,dmchba_h8_bernoulli_025,scenarios/known_visit_10target_300.csv,8,12,14,22.876678298882812,22.876678298882812,02,02,1,0,True,known_visit_horizon,10,4,8,known_visit_horizon,commitment_horizon,8,h8
34,known_visit,DMCHBA,bernoulli,0.25,19,361,4,10,dmchba_h8_bernoulli_025,scenarios/known_visit_10target_300.csv,9,16,4,36.72062252337142,36.72062252337142,00,00,1,0,True,known_visit_horizon,10,4,8,known_visit_horizon,commitment_horizon,8,h8
34,known_visit,DMCHBA,bernoulli,0.25,19,361,4,10,dmchba_h8_bernoulli_025,scenarios/known_visit_10target_300.csv,10,12,5,27.593981212845396,27.593981212845396,00,00,1,0,True,known_visit_horizon,10,4,8,known_visit_horizon,commitment_horizon,8,h8
35,known_visit,DMCHBA,bernoulli,0.25,19,361,4,10,dmchba_h8_bernoulli_025,scenarios/known_visit_10target_300.csv,1,4,10,12.882549940107861,12.882549940107861,02,02,1,0,True,known_visit_horizon,10,4,8,known_visit_horizon,commitment_horizon,8,h8
35,known_visit,DMCHBA,bernoulli,0.25,19,361,4,10,dmchba_h8_bernoulli_025,scenarios/known_visit_10target_300.csv,2,18,15,34.81935974362295,34.81935974362295,03,03,1,0,True,known_visit_horizon,10,4,8,known_visit_horizon,commitment_horizon,8,h8
35,known_visit,DMCHBA,bernoulli,0.25,19,361,4,10,dmchba_h8_bernoulli_025,scenarios/known_visit_10target_300.csv,3,18,7,38.78021987748485,38.78021987748485,01,01,1,0,True,known_visit_horizon,10,4,8,known_visit_horizon,commitment_horizon,8,h8
35,known_visit,DMCHBA,bernoulli,0.25,19,361,4,10,dmchba_h8_bernoulli_025,scenarios/known_visit_10target_300.csv,4,5,0,6.982706152421783,6.982706152421783,00,00,1,0,True,known_visit_horizon,10,4,8,known_visit_horizon,commitment_horizon,8,h8
35,known_visit,DMCHBA,bernoulli,0.25,19,361,4,10,dmchba_h8_bernoulli_025,scenarios/known_visit_10target_300.csv,5,14,3,42.89851732645439,42.89851732645439,00,00,1,0,True,known_visit_horizon,10,4,8,known_visit_horizon,commitment_horizon,8,h8
35,known_visit,DMCHBA,bernoulli,0.25,19,361,4,10,dmchba_h8_bernoulli_025,scenarios/known_visit_10target_300.csv,6,2,4,5.508323024009108,5.508323024009108,01,01,2,1,True,known_visit_horizon,10,4,8,known_visit_horizon,commitment_horizon,8,h8
35,known_visit,DMCHBA,bernoulli,0.25,19,361,4,10,dmchba_h8_bernoulli_025,scenarios/known_visit_10target_300.csv,7,7,7,19.627219947523063,19.627219947523063,01,01,1,0,True,known_visit_horizon,10,4,8,known_visit_horizon,commitment_horizon,8,h8
35,known_visit,DMCHBA,bernoulli,0.25,19,361,4,10,dmchba_h8_bernoulli_025,scenarios/known_visit_10target_300.csv,8,1,9,5.741919388041082,5.741919388041082,02,02,1,0,True,known_visit_horizon,10,4,8,known_visit_horizon,commitment_horizon,8,h8
35,known_visit,DMCHBA,bernoulli,0.25,19,361,4,10,dmchba_h8_bernoulli_025,scenarios/known_visit_10target_300.csv,9,3,9,9.1582088789115,9.1582088789115,02,02,1,0,True,known_visit_horizon,10,4,8,known_visit_horizon,commitment_horizon,8,h8
35,known_visit,DMCHBA,bernoulli,0.25,19,361,4,10,dmchba_h8_bernoulli_025,scenarios/known_visit_10target_300.csv,10,0,10,2.0287340081203293,2.0287340081203293,02,02,1,0,True,known_visit_horizon,10,4,8,known_visit_horizon,commitment_horizon,8,h8
36,known_visit,DMCHBA,bernoulli,0.25,19,361,4,10,dmchba_h8_bernoulli_025,scenarios/known_visit_10target_300.csv,1,10,2,27.250424441983423,27.250424441983423,00,00,1,0,True,known_visit_horizon,10,4,8,known_visit_horizon,commitment_horizon,8,h8
36,known_visit,DMCHBA,bernoulli,0.25,19,361,4,10,dmchba_h8_bernoulli_025,scenarios/known_visit_10target_300.csv,2,4,9,10.792560479991714,10.792560479991714,02,02,1,0,True,known_visit_horizon,10,4,8,known_visit_horizon,commitment_horizon,8,h8
36,known_visit,DMCHBA,bernoulli,0.25,19,361,4,10,dmchba_h8_bernoulli_025,scenarios/known_visit_10target_300.csv,3,16,16,29.316622791308575,29.316622791308575,03,03,1,0,True,known_visit_horizon,10,4,8,known_visit_horizon,commitment_horizon,8,h8
36,known_visit,DMCHBA,bernoulli,0.25,19,361,4,10,dmchba_h8_bernoulli_025,scenarios/known_visit_10target_300.csv,4,0,1,0.4838713029555276,0.4838713029555276,00,00,1,0,True,known_visit_horizon,10,4,8,known_visit_horizon,commitment_horizon,8,h8
36,known_visit,DMCHBA,bernoulli,0.25,19,361,4,10,dmchba_h8_bernoulli_025,scenarios/known_visit_10target_300.csv,5,3,1,5.8614241910088625,5.8614241910088625,00,00,1,0,True,known_visit_horizon,10,4,8,known_visit_horizon,commitment_horizon,8,h8
36,known_visit,DMCHBA,bernoulli,0.25,19,361,4,10,dmchba_h8_bernoulli_025,scenarios/known_visit_10target_300.csv,6,7,7,19.66796273382202,19.66796273382202,02,02,1,0,True,known_visit_horizon,10,4,8,known_visit_horizon,commitment_horizon,8,h8
36,known_visit,DMCHBA,bernoulli,0.25,19,361,4,10,dmchba_h8_bernoulli_025,scenarios/known_visit_10target_300.csv,7,8,4,19.785303549406873,19.785303549406873,00,00,1,0,True,known_visit_horizon,10,4,8,known_visit_horizon,commitment_horizon,8,h8
36,known_visit,DMCHBA,bernoulli,0.25,19,361,4,10,dmchba_h8_bernoulli_025,scenarios/known_visit_10target_300.csv,8,1,4,3.713935175702832,3.713935175702832,01,01,1,0,True,known_visit_horizon,10,4,8,known_visit_horizon,commitment_horizon,8,h8
36,known_visit,DMCHBA,bernoulli,0.25,19,361,4,10,dmchba_h8_bernoulli_025,scenarios/known_visit_10target_300.csv,9,16,15,31.03978785056338,31.03978785056338,03,03,1,0,True,known_visit_horizon,10,4,8,known_visit_horizon,commitment_horizon,8,h8
36,known_visit,DMCHBA,bernoulli,0.25,19,361,4,10,dmchba_h8_bernoulli_025,scenarios/known_visit_10target_300.csv,10,17,7,37.83055143642841,37.83055143642841,01,01,1,0,True,known_visit_horizon,10,4,8,known_visit_horizon,commitment_horizon,8,h8
37,known_visit,DMCHBA,bernoulli,0.25,19,361,4,10,dmchba_h8_bernoulli_025,scenarios/known_visit_10target_300.csv,1,15,9,33.625292682871454,33.625292682871454,02,02,1,0,True,known_visit_horizon,10,4,8,known_visit_horizon,commitment_horizon,8,h8
37,known_visit,DMCHBA,bernoulli,0.25,19,361,4,10,dmchba_h8_bernoulli_025,scenarios/known_visit_10target_300.csv,2,14,10,29.919361403989228,29.919361403989228,02,02,1,0,True,known_visit_horizon,10,4,8,known_visit_horizon,commitment_horizon,8,h8
37,known_visit,DMCHBA,bernoulli,0.25,19,361,4,10,dmchba_h8_bernoulli_025,scenarios/known_visit_10target_300.csv,3,17,14,34.734145243753545,34.734145243753545,03,03,1,0,True,known_visit_horizon,10,4,8,known_visit_horizon,commitment_horizon,8,h8
37,known_visit,DMCHBA,bernoulli,0.25,19,361,4,10,dmchba_h8_bernoulli_025,scenarios/known_visit_10target_300.csv,4,10,3,28.999286346403967,28.999286346403967,00,00,1,0,True,known_visit_horizon,10,4,8,known_visit_horizon,commitment_horizon,8,h8
37,known_visit,DMCHBA,bernoulli,0.25,19,361,4,10,dmchba_h8_bernoulli_025,scenarios/known_visit_10target_300.csv,5,0,8,2.432167819469507,2.432167819469507,01,01,1,0,True,known_visit_horizon,10,4,8,known_visit_horizon,commitment_horizon,8,h8
37,known_visit,DMCHBA,bernoulli,0.25,19,361,4,10,dmchba_h8_bernoulli_025,scenarios/known_visit_10target_300.csv,6,2,3,7.407206330962067,7.407206330962067,00,00,1,0,True,known_visit_horizon,10,4,8,known_visit_horizon,commitment_horizon,8,h8
37,known_visit,DMCHBA,bernoulli,0.25,19,361,4,10,dmchba_h8_bernoulli_025,scenarios/known_visit_10target_300.csv,7,0,13,0.4900198952748306,0.4900198952748306,02,02,1,0,True,known_visit_horizon,10,4,8,known_visit_horizon,commitment_horizon,8,h8
37,known_visit,DMCHBA,bernoulli,0.25,19,361,4,10,dmchba_h8_bernoulli_025,scenarios/known_visit_10target_300.csv,8,10,6,23.698085473803275,23.698085473803275,01,01,2,1,True,known_visit_horizon,10,4,8,known_visit_horizon,commitment_horizon,8,h8
37,known_visit,DMCHBA,bernoulli,0.25,19,361,4,10,dmchba_h8_bernoulli_025,scenarios/known_visit_10target_300.csv,9,6,1,18.169599737290483,18.169599737290483,00,00,1,0,True,known_visit_horizon,10,4,8,known_visit_horizon,commitment_horizon,8,h8
37,known_visit,DMCHBA,bernoulli,0.25,19,361,4,10,dmchba_h8_bernoulli_025,scenarios/known_visit_10target_300.csv,10,7,8,14.653082321189771,14.653082321189771,01,01,1,0,True,known_visit_horizon,10,4,8,known_visit_horizon,commitment_horizon,8,h8
38,known_visit,DMCHBA,bernoulli,0.25,19,361,4,10,dmchba_h8_bernoulli_025,scenarios/known_visit_10target_300.csv,1,16,4,44.492054032947564,44.492054032947564,01,01,1,0,True,known_visit_horizon,10,4,8,known_visit_horizon,commitment_horizon,8,h8
38,known_visit,DMCHBA,bernoulli,0.25,19,361,4,10,dmchba_h8_bernoulli_025,scenarios/known_visit_10target_300.csv,2,4,14,12.850480939108147,12.850480939108147,03,03,1,0,True,known_visit_horizon,10,4,8,known_visit_horizon,commitment_horizon,8,h8
38,known_visit,DMCHBA,bernoulli,0.25,19,361,4,10,dmchba_h8_bernoulli_025,scenarios/known_visit_10target_300.csv,3,18,1,35.22820340003373,35.22820340003373,00,00,1,0,True,known_visit_horizon,10,4,8,known_visit_horizon,commitment_horizon,8,h8
38,known_visit,DMCHBA,bernoulli,0.25,19,361,4,10,dmchba_h8_bernoulli_025,scenarios/known_visit_10target_300.csv,4,4,8,9.452008679783928,9.452008679783928,01,01,2,1,True,known_visit_horizon,10,4,8,known_visit_horizon,commitment_horizon,8,h8
38,known_visit,DMCHBA,bernoulli,0.25,19,361,4,10,dmchba_h8_bernoulli_025,scenarios/known_visit_10target_300.csv,5,18,10,33.29709854086054,33.29709854086054,02,02,1,0,True,known_visit_horizon,10,4,8,known_visit_horizon,commitment_horizon,8,h8
38,known_visit,DMCHBA,bernoulli,0.25,19,361,4,10,dmchba_h8_bernoulli_025,scenarios/known_visit_10target_300.csv,6,18,8,33.57829286223977,33.57829286223977,01,01,1,0,True,known_visit_horizon,10,4,8,known_visit_horizon,commitment_horizon,8,h8
38,known_visit,DMCHBA,bernoulli,0.25,19,361,4,10,dmchba_h8_bernoulli_025,scenarios/known_visit_10target_300.csv,7,3,8,7.360435982693945,7.360435982693945,01,01,1,0,True,known_visit_horizon,10,4,8,known_visit_horizon,commitment_horizon,8,h8
38,known_visit,DMCHBA,bernoulli,0.25,19,361,4,10,dmchba_h8_bernoulli_025,scenarios/known_visit_10target_300.csv,8,5,11,9.015218210088264,9.015218210088264,02,02,1,0,True,known_visit_horizon,10,4,8,known_visit_horizon,commitment_horizon,8,h8
38,known_visit,DMCHBA,bernoulli,0.25,19,361,4,10,dmchba_h8_bernoulli_025,scenarios/known_visit_10target_300.csv,9,18,2,33.13703439768263,33.13703439768263,00,00,1,0,True,known_visit_horizon,10,4,8,known_visit_horizon,commitment_horizon,8,h8
38,known_visit,DMCHBA,bernoulli,0.25,19,361,4,10,dmchba_h8_bernoulli_025,scenarios/known_visit_10target_300.csv,10,13,2,24.347049748567475,24.347049748567475,00,00,1,0,True,known_visit_horizon,10,4,8,known_visit_horizon,commitment_horizon,8,h8
39,known_visit,DMCHBA,bernoulli,0.25,19,361,4,10,dmchba_h8_bernoulli_025,scenarios/known_visit_10target_300.csv,1,5,15,12.129067610152594,12.129067610152594,03,03,1,0,True,known_visit_horizon,10,4,8,known_visit_horizon,commitment_horizon,8,h8
39,known_visit,DMCHBA,bernoulli,0.25,19,361,4,10,dmchba_h8_bernoulli_025,scenarios/known_visit_10target_300.csv,2,2,13,4.17865061380677,4.17865061380677,02,02,1,0,True,known_visit_horizon,10,4,8,known_visit_horizon,commitment_horizon,8,h8
39,known_visit,DMCHBA,bernoulli,0.25,19,361,4,10,dmchba_h8_bernoulli_025,scenarios/known_visit_10target_300.csv,3,17,12,38.30802125746843,38.30802125746843,03,03,1,0,True,known_visit_horizon,10,4,8,known_visit_horizon,commitment_horizon,8,h8
39,known_visit,DMCHBA,bernoulli,0.25,19,361,4,10,dmchba_h8_bernoulli_025,scenarios/known_visit_10target_300.csv,4,3,9,12.945043192807585,12.945043192807585,02,02,2,1,True,known_visit_horizon,10,4,8,known_visit_horizon,commitment_horizon,8,h8
39,known_visit,DMCHBA,bernoulli,0.25,19,361,4,10,dmchba_h8_bernoulli_025,scenarios/known_visit_10target_300.csv,5,6,9,18.379982829809876,18.379982829809876,02,02,2,1,True,known_visit_horizon,10,4,8,known_visit_horizon,commitment_horizon,8,h8
39,known_visit,DMCHBA,bernoulli,0.25,19,361,4,10,dmchba_h8_bernoulli_025,scenarios/known_visit_10target_300.csv,6,7,3,15.729181968643735,15.729181968643735,00,00,1,0,True,known_visit_horizon,10,4,8,known_visit_horizon,commitment_horizon,8,h8
39,known_visit,DMCHBA,bernoulli,0.25,19,361,4,10,dmchba_h8_bernoulli_025,scenarios/known_visit_10target_300.csv,7,1,13,2.186848735002437,2.186848735002437,02,02,1,0,True,known_visit_horizon,10,4,8,known_visit_horizon,commitment_horizon,8,h8
39,known_visit,DMCHBA,bernoulli,0.25,19,361,4,10,dmchba_h8_bernoulli_025,scenarios/known_visit_10target_300.csv,8,3,3,8.640996833873498,8.640996833873498,00,00,1,0,True,known_visit_horizon,10,4,8,known_visit_horizon,commitment_horizon,8,h8
39,known_visit,DMCHBA,bernoulli,0.25,19,361,4,10,dmchba_h8_bernoulli_025,scenarios/known_visit_10target_300.csv,9,10,13,24.460166955578373,24.460166955578373,03,03,2,1,True,known_visit_horizon,10,4,8,known_visit_horizon,commitment_horizon,8,h8
39,known_visit,DMCHBA,bernoulli,0.25,19,361,4,10,dmchba_h8_bernoulli_025,scenarios/known_visit_10target_300.csv,10,11,11,30.494001005444165,30.494001005444165,02,02,1,0,True,known_visit_horizon,10,4,8,known_visit_horizon,commitment_horizon,8,h8
40,known_visit,DMCHBA,bernoulli,0.25,19,361,4,10,dmchba_h8_bernoulli_025,scenarios/known_visit_10target_300.csv,1,1,1,2.1991526510619823,2.1991526510619823,00,00,1,0,True,known_visit_horizon,10,4,8,known_visit_horizon,commitment_horizon,8,h8
40,known_visit,DMCHBA,bernoulli,0.25,19,361,4,10,dmchba_h8_bernoulli_025,scenarios/known_visit_10target_300.csv,2,4,8,19.92862127999695,19.92862127999695,01,01,1,0,True,known_visit_horizon,10,4,8,known_visit_horizon,commitment_horizon,8,h8
40,known_visit,DMCHBA,bernoulli,0.25,19,361,4,10,dmchba_h8_bernoulli_025,scenarios/known_visit_10target_300.csv,3,2,9,7.4336385023620135,7.4336385023620135,02,02,1,0,True,known_visit_horizon,10,4,8,known_visit_horizon,commitment_horizon,8,h8
40,known_visit,DMCHBA,bernoulli,0.25,19,361,4,10,dmchba_h8_bernoulli_025,scenarios/known_visit_10target_300.csv,4,13,18,24.925877554452224,24.925877554452224,03,03,1,0,True,known_visit_horizon,10,4,8,known_visit_horizon,commitment_horizon,8,h8
40,known_visit,DMCHBA,bernoulli,0.25,19,361,4,10,dmchba_h8_bernoulli_025,scenarios/known_visit_10target_300.csv,5,4,4,8.871177138834929,8.871177138834929,01,01,2,1,True,known_visit_horizon,10,4,8,known_visit_horizon,commitment_horizon,8,h8
40,known_visit,DMCHBA,bernoulli,0.25,19,361,4,10,dmchba_h8_bernoulli_025,scenarios/known_visit_10target_300.csv,6,10,4,27.355811178126057,27.355811178126057,00,00,1,0,True,known_visit_horizon,10,4,8,known_visit_horizon,commitment_horizon,8,h8
40,known_visit,DMCHBA,bernoulli,0.25,19,361,4,10,dmchba_h8_bernoulli_025,scenarios/known_visit_10target_300.csv,7,0,17,0.41561059046672144,0.41561059046672144,03,03,1,0,True,known_visit_horizon,10,4,8,known_visit_horizon,commitment_horizon,8,h8
40,known_visit,DMCHBA,bernoulli,0.25,19,361,4,10,dmchba_h8_bernoulli_025,scenarios/known_visit_10target_300.csv,8,7,15,26.872905345211745,26.872905345211745,02,02,1,0,True,known_visit_horizon,10,4,8,known_visit_horizon,commitment_horizon,8,h8
40,known_visit,DMCHBA,bernoulli,0.25,19,361,4,10,dmchba_h8_bernoulli_025,scenarios/known_visit_10target_300.csv,9,4,10,13.001390993629059,13.001390993629059,02,02,1,0,True,known_visit_horizon,10,4,8,known_visit_horizon,commitment_horizon,8,h8
40,known_visit,DMCHBA,bernoulli,0.25,19,361,4,10,dmchba_h8_bernoulli_025,scenarios/known_visit_10target_300.csv,10,7,17,12.565405311898934,12.565405311898934,03,03,1,0,True,known_visit_horizon,10,4,8,known_visit_horizon,commitment_horizon,8,h8
41,known_visit,DMCHBA,bernoulli,0.25,19,361,4,10,dmchba_h8_bernoulli_025,scenarios/known_visit_10target_300.csv,1,7,2,17.83030425158783,17.83030425158783,01,01,1,0,True,known_visit_horizon,10,4,8,known_visit_horizon,commitment_horizon,8,h8
41,known_visit,DMCHBA,bernoulli,0.25,19,361,4,10,dmchba_h8_bernoulli_025,scenarios/known_visit_10target_300.csv,2,15,1,26.558802442393986,26.558802442393986,00,00,1,0,True,known_visit_horizon,10,4,8,known_visit_horizon,commitment_horizon,8,h8
41,known_visit,DMCHBA,bernoulli,0.25,19,361,4,10,dmchba_h8_bernoulli_025,scenarios/known_visit_10target_300.csv,3,6,2,19.797662126738373,19.797662126738373,01,01,1,0,True,known_visit_horizon,10,4,8,known_visit_horizon,commitment_horizon,8,h8
41,known_visit,DMCHBA,bernoulli,0.25,19,361,4,10,dmchba_h8_bernoulli_025,scenarios/known_visit_10target_300.csv,4,7,5,12.58347648985439,12.58347648985439,01,01,1,0,True,known_visit_horizon,10,4,8,known_visit_horizon,commitment_horizon,8,h8
41,known_visit,DMCHBA,bernoulli,0.25,19,361,4,10,dmchba_h8_bernoulli_025,scenarios/known_visit_10target_300.csv,5,1,6,0.10528099588465382,0.10528099588465382,01,01,1,0,True,known_visit_horizon,10,4,8,known_visit_horizon,commitment_horizon,8,h8
41,known_visit,DMCHBA,bernoulli,0.25,19,361,4,10,dmchba_h8_bernoulli_025,scenarios/known_visit_10target_300.csv,6,13,1,22.762045049469894,22.762045049469894,00,00,1,0,True,known_visit_horizon,10,4,8,known_visit_horizon,commitment_horizon,8,h8
41,known_visit,DMCHBA,bernoulli,0.25,19,361,4,10,dmchba_h8_bernoulli_025,scenarios/known_visit_10target_300.csv,7,9,10,17.617623028475972,17.617623028475972,02,02,1,0,True,known_visit_horizon,10,4,8,known_visit_horizon,commitment_horizon,8,h8
41,known_visit,DMCHBA,bernoulli,0.25,19,361,4,10,dmchba_h8_bernoulli_025,scenarios/known_visit_10target_300.csv,8,5,0,6.938287694235367,6.938287694235367,00,00,1,0,True,known_visit_horizon,10,4,8,known_visit_horizon,commitment_horizon,8,h8
41,known_visit,DMCHBA,bernoulli,0.25,19,361,4,10,dmchba_h8_bernoulli_025,scenarios/known_visit_10target_300.csv,9,13,2,32.27265727849084,32.27265727849084,00,00,1,0,True,known_visit_horizon,10,4,8,known_visit_horizon,commitment_horizon,8,h8
41,known_visit,DMCHBA,bernoulli,0.25,19,361,4,10,dmchba_h8_bernoulli_025,scenarios/known_visit_10target_300.csv,10,13,10,24.667013162072177,24.667013162072177,02,02,1,0,True,known_visit_horizon,10,4,8,known_visit_horizon,commitment_horizon,8,h8
42,known_visit,DMCHBA,bernoulli,0.25,19,361,4,10,dmchba_h8_bernoulli_025,scenarios/known_visit_10target_300.csv,1,2,15,7.153474955274558,7.153474955274558,02,02,1,0,True,known_visit_horizon,10,4,8,known_visit_horizon,commitment_horizon,8,h8
42,known_visit,DMCHBA,bernoulli,0.25,19,361,4,10,dmchba_h8_bernoulli_025,scenarios/known_visit_10target_300.csv,2,2,14,5.539303485296828,5.539303485296828,02,02,1,0,True,known_visit_horizon,10,4,8,known_visit_horizon,commitment_horizon,8,h8
42,known_visit,DMCHBA,bernoulli,0.25,19,361,4,10,dmchba_h8_bernoulli_025,scenarios/known_visit_10target_300.csv,3,17,7,40.74081194986892,40.74081194986892,00,00,1,0,True,known_visit_horizon,10,4,8,known_visit_horizon,commitment_horizon,8,h8
42,known_visit,DMCHBA,bernoulli,0.25,19,361,4,10,dmchba_h8_bernoulli_025,scenarios/known_visit_10target_300.csv,4,4,12,16.08521066511999,16.08521066511999,01,01,2,1,True,known_visit_horizon,10,4,8,known_visit_horizon,commitment_horizon,8,h8
42,known_visit,DMCHBA,bernoulli,0.25,19,361,4,10,dmchba_h8_bernoulli_025,scenarios/known_visit_10target_300.csv,5,6,13,18.559422620116823,18.559422620116823,02,02,1,0,True,known_visit_horizon,10,4,8,known_visit_horizon,commitment_horizon,8,h8
42,known_visit,DMCHBA,bernoulli,0.25,19,361,4,10,dmchba_h8_bernoulli_025,scenarios/known_visit_10target_300.csv,6,17,15,40.98099103566426,40.98099103566426,03,03,1,0,True,known_visit_horizon,10,4,8,known_visit_horizon,commitment_horizon,8,h8
42,known_visit,DMCHBA,bernoulli,0.25,19,361,4,10,dmchba_h8_bernoulli_025,scenarios/known_visit_10target_300.csv,7,9,18,21.570853290870833,21.570853290870833,03,03,1,0,True,known_visit_horizon,10,4,8,known_visit_horizon,commitment_horizon,8,h8
42,known_visit,DMCHBA,bernoulli,0.25,19,361,4,10,dmchba_h8_bernoulli_025,scenarios/known_visit_10target_300.csv,8,17,5,36.965959207373935,36.965959207373935,00,00,1,0,True,known_visit_horizon,10,4,8,known_visit_horizon,commitment_horizon,8,h8
42,known_visit,DMCHBA,bernoulli,0.25,19,361,4,10,dmchba_h8_bernoulli_025,scenarios/known_visit_10target_300.csv,9,9,11,26.906660321674035,26.906660321674035,01,01,1,0,True,known_visit_horizon,10,4,8,known_visit_horizon,commitment_horizon,8,h8
42,known_visit,DMCHBA,bernoulli,0.25,19,361,4,10,dmchba_h8_bernoulli_025,scenarios/known_visit_10target_300.csv,10,5,2,10.659816946320047,10.659816946320047,00,00,1,0,True,known_visit_horizon,10,4,8,known_visit_horizon,commitment_horizon,8,h8
43,known_visit,DMCHBA,bernoulli,0.25,19,361,4,10,dmchba_h8_bernoulli_025,scenarios/known_visit_10target_300.csv,1,0,10,2.180053784723454,2.180053784723454,02,02,1,0,True,known_visit_horizon,10,4,8,known_visit_horizon,commitment_horizon,8,h8
43,known_visit,DMCHBA,bernoulli,0.25,19,361,4,10,dmchba_h8_bernoulli_025,scenarios/known_visit_10target_300.csv,2,18,5,35.39927914109665,35.39927914109665,01,01,1,0,True,known_visit_horizon,10,4,8,known_visit_horizon,commitment_horizon,8,h8
43,known_visit,DMCHBA,bernoulli,0.25,19,361,4,10,dmchba_h8_bernoulli_025,scenarios/known_visit_10target_300.csv,3,2,7,32.05924157182218,32.05924157182218,00,00,1,0,True,known_visit_horizon,10,4,8,known_visit_horizon,commitment_horizon,8,h8
43,known_visit,DMCHBA,bernoulli,0.25,19,361,4,10,dmchba_h8_bernoulli_025,scenarios/known_visit_10target_300.csv,4,17,15,33.101825096917345,33.101825096917345,03,03,1,0,True,known_visit_horizon,10,4,8,known_visit_horizon,commitment_horizon,8,h8
43,known_visit,DMCHBA,bernoulli,0.25,19,361,4,10,dmchba_h8_bernoulli_025,scenarios/known_visit_10target_300.csv,5,10,4,19.58782794191879,19.58782794191879,01,01,1,0,True,known_visit_horizon,10,4,8,known_visit_horizon,commitment_horizon,8,h8
43,known_visit,DMCHBA,bernoulli,0.25,19,361,4,10,dmchba_h8_bernoulli_025,scenarios/known_visit_10target_300.csv,6,13,11,26.46671904234884,26.46671904234884,02,02,1,0,True,known_visit_horizon,10,4,8,known_visit_horizon,commitment_horizon,8,h8
43,known_visit,DMCHBA,bernoulli,0.25,19,361,4,10,dmchba_h8_bernoulli_025,scenarios/known_visit_10target_300.csv,7,4,5,7.278990419651742,7.278990419651742,01,01,2,1,True,known_visit_horizon,10,4,8,known_visit_horizon,commitment_horizon,8,h8
43,known_visit,DMCHBA,bernoulli,0.25,19,361,4,10,dmchba_h8_bernoulli_025,scenarios/known_visit_10target_300.csv,8,14,9,32.166502774111926,32.166502774111926,02,02,1,0,True,known_visit_horizon,10,4,8,known_visit_horizon,commitment_horizon,8,h8
43,known_visit,DMCHBA,bernoulli,0.25,19,361,4,10,dmchba_h8_bernoulli_025,scenarios/known_visit_10target_300.csv,9,2,3,7.482918696939921,7.482918696939921,00,00,1,0,True,known_visit_horizon,10,4,8,known_visit_horizon,commitment_horizon,8,h8
43,known_visit,DMCHBA,bernoulli,0.25,19,361,4,10,dmchba_h8_bernoulli_025,scenarios/known_visit_10target_300.csv,10,14,1,46.01691985910369,46.01691985910369,02,02,1,0,True,known_visit_horizon,10,4,8,known_visit_horizon,commitment_horizon,8,h8
44,known_visit,DMCHBA,bernoulli,0.25,19,361,4,10,dmchba_h8_bernoulli_025,scenarios/known_visit_10target_300.csv,1,15,0,35.38381546885609,35.38381546885609,00,00,1,0,True,known_visit_horizon,10,4,8,known_visit_horizon,commitment_horizon,8,h8
44,known_visit,DMCHBA,bernoulli,0.25,19,361,4,10,dmchba_h8_bernoulli_025,scenarios/known_visit_10target_300.csv,2,6,14,33.415844899210974,33.415844899210974,03,03,1,0,True,known_visit_horizon,10,4,8,known_visit_horizon,commitment_horizon,8,h8
44,known_visit,DMCHBA,bernoulli,0.25,19,361,4,10,dmchba_h8_bernoulli_025,scenarios/known_visit_10target_300.csv,3,6,12,12.961059073985206,12.961059073985206,02,02,1,0,True,known_visit_horizon,10,4,8,known_visit_horizon,commitment_horizon,8,h8
44,known_visit,DMCHBA,bernoulli,0.25,19,361,4,10,dmchba_h8_bernoulli_025,scenarios/known_visit_10target_300.csv,4,8,18,12.281742242072047,12.281742242072047,03,03,1,0,True,known_visit_horizon,10,4,8,known_visit_horizon,commitment_horizon,8,h8
44,known_visit,DMCHBA,bernoulli,0.25,19,361,4,10,dmchba_h8_bernoulli_025,scenarios/known_visit_10target_300.csv,5,9,5,19.654350402016366,19.654350402016366,01,01,1,0,True,known_visit_horizon,10,4,8,known_visit_horizon,commitment_horizon,8,h8
44,known_visit,DMCHBA,bernoulli,0.25,19,361,4,10,dmchba_h8_bernoulli_025,scenarios/known_visit_10target_300.csv,6,4,3,10.809511620694499,10.809511620694499,00,00,1,0,True,known_visit_horizon,10,4,8,known_visit_horizon,commitment_horizon,8,h8
44,known_visit,DMCHBA,bernoulli,0.25,19,361,4,10,dmchba_h8_bernoulli_025,scenarios/known_visit_10target_300.csv,7,10,13,24.482899996619732,24.482899996619732,03,03,2,1,True,known_visit_horizon,10,4,8,known_visit_horizon,commitment_horizon,8,h8
44,known_visit,DMCHBA,bernoulli,0.25,19,361,4,10,dmchba_h8_bernoulli_025,scenarios/known_visit_10target_300.csv,8,15,10,38.463243369628465,38.463243369628465,01,01,1,0,True,known_visit_horizon,10,4,8,known_visit_horizon,commitment_horizon,8,h8
44,known_visit,DMCHBA,bernoulli,0.25,19,361,4,10,dmchba_h8_bernoulli_025,scenarios/known_visit_10target_300.csv,9,0,7,0.4112106699807868,0.4112106699807868,01,01,1,0,True,known_visit_horizon,10,4,8,known_visit_horizon,commitment_horizon,8,h8
44,known_visit,DMCHBA,bernoulli,0.25,19,361,4,10,dmchba_h8_bernoulli_025,scenarios/known_visit_10target_300.csv,10,12,5,24.7116400133537,24.7116400133537,01,01,1,0,True,known_visit_horizon,10,4,8,known_visit_horizon,commitment_horizon,8,h8
45,known_visit,DMCHBA,bernoulli,0.25,19,361,4,10,dmchba_h8_bernoulli_025,scenarios/known_visit_10target_300.csv,1,8,17,14.245930501983844,14.245930501983844,03,03,1,0,True,known_visit_horizon,10,4,8,known_visit_horizon,commitment_horizon,8,h8
45,known_visit,DMCHBA,bernoulli,0.25,19,361,4,10,dmchba_h8_bernoulli_025,scenarios/known_visit_10target_300.csv,2,3,1,5.500657891206999,5.500657891206999,00,00,1,0,True,known_visit_horizon,10,4,8,known_visit_horizon,commitment_horizon,8,h8
45,known_visit,DMCHBA,bernoulli,0.25,19,361,4,10,dmchba_h8_bernoulli_025,scenarios/known_visit_10target_300.csv,3,16,5,28.241622696012158,28.241622696012158,01,01,2,1,True,known_visit_horizon,10,4,8,known_visit_horizon,commitment_horizon,8,h8
45,known_visit,DMCHBA,bernoulli,0.25,19,361,4,10,dmchba_h8_bernoulli_025,scenarios/known_visit_10target_300.csv,4,18,16,33.18972873031929,33.18972873031929,03,03,1,0,True,known_visit_horizon,10,4,8,known_visit_horizon,commitment_horizon,8,h8
45,known_visit,DMCHBA,bernoulli,0.25,19,361,4,10,dmchba_h8_bernoulli_025,scenarios/known_visit_10target_300.csv,5,18,3,35.400694633985026,35.400694633985026,01,01,1,0,True,known_visit_horizon,10,4,8,known_visit_horizon,commitment_horizon,8,h8
45,known_visit,DMCHBA,bernoulli,0.25,19,361,4,10,dmchba_h8_bernoulli_025,scenarios/known_visit_10target_300.csv,6,16,2,40.757208015050345,40.757208015050345,01,01,1,0,True,known_visit_horizon,10,4,8,known_visit_horizon,commitment_horizon,8,h8
45,known_visit,DMCHBA,bernoulli,0.25,19,361,4,10,dmchba_h8_bernoulli_025,scenarios/known_visit_10target_300.csv,7,7,5,12.520642657363824,12.520642657363824,01,01,2,1,True,known_visit_horizon,10,4,8,known_visit_horizon,commitment_horizon,8,h8
45,known_visit,DMCHBA,bernoulli,0.25,19,361,4,10,dmchba_h8_bernoulli_025,scenarios/known_visit_10target_300.csv,8,9,12,21.853743067651262,21.853743067651262,02,02,1,0,True,known_visit_horizon,10,4,8,known_visit_horizon,commitment_horizon,8,h8
45,known_visit,DMCHBA,bernoulli,0.25,19,361,4,10,dmchba_h8_bernoulli_025,scenarios/known_visit_10target_300.csv,9,5,10,10.67521847961015,10.67521847961015,02,02,1,0,True,known_visit_horizon,10,4,8,known_visit_horizon,commitment_horizon,8,h8
45,known_visit,DMCHBA,bernoulli,0.25,19,361,4,10,dmchba_h8_bernoulli_025,scenarios/known_visit_10target_300.csv,10,16,9,39.290011057461385,39.290011057461385,02,02,1,0,True,known_visit_horizon,10,4,8,known_visit_horizon,commitment_horizon,8,h8
46,known_visit,DMCHBA,bernoulli,0.25,19,361,4,10,dmchba_h8_bernoulli_025,scenarios/known_visit_10target_300.csv,1,16,14,44.1602519539501,44.1602519539501,03,03,1,0,True,known_visit_horizon,10,4,8,known_visit_horizon,commitment_horizon,8,h8
46,known_visit,DMCHBA,bernoulli,0.25,19,361,4,10,dmchba_h8_bernoulli_025,scenarios/known_visit_10target_300.csv,2,2,4,16.014112596006566,16.014112596006566,02,02,1,0,True,known_visit_horizon,10,4,8,known_visit_horizon,commitment_horizon,8,h8
46,known_visit,DMCHBA,bernoulli,0.25,19,361,4,10,dmchba_h8_bernoulli_025,scenarios/known_visit_10target_300.csv,3,16,2,29.879127191894433,29.879127191894433,00,00,1,0,True,known_visit_horizon,10,4,8,known_visit_horizon,commitment_horizon,8,h8
46,known_visit,DMCHBA,bernoulli,0.25,19,361,4,10,dmchba_h8_bernoulli_025,scenarios/known_visit_10target_300.csv,4,4,16,8.961794040293023,8.961794040293023,03,03,2,1,True,known_visit_horizon,10,4,8,known_visit_horizon,commitment_horizon,8,h8
46,known_visit,DMCHBA,bernoulli,0.25,19,361,4,10,dmchba_h8_bernoulli_025,scenarios/known_visit_10target_300.csv,5,5,13,20.137887033517668,20.137887033517668,01,01,1,0,True,known_visit_horizon,10,4,8,known_visit_horizon,commitment_horizon,8,h8
46,known_visit,DMCHBA,bernoulli,0.25,19,361,4,10,dmchba_h8_bernoulli_025,scenarios/known_visit_10target_300.csv,6,0,4,12.274844573698095,12.274844573698095,02,02,1,0,True,known_visit_horizon,10,4,8,known_visit_horizon,commitment_horizon,8,h8
46,known_visit,DMCHBA,bernoulli,0.25,19,361,4,10,dmchba_h8_bernoulli_025,scenarios/known_visit_10target_300.csv,7,6,15,14.418059660811261,14.418059660811261,03,03,2,1,True,known_visit_horizon,10,4,8,known_visit_horizon,commitment_horizon,8,h8
46,known_visit,DMCHBA,bernoulli,0.25,19,361,4,10,dmchba_h8_bernoulli_025,scenarios/known_visit_10target_300.csv,8,0,11,0.4118911581749739,0.4118911581749739,02,02,1,0,True,known_visit_horizon,10,4,8,known_visit_horizon,commitment_horizon,8,h8
46,known_visit,DMCHBA,bernoulli,0.25,19,361,4,10,dmchba_h8_bernoulli_025,scenarios/known_visit_10target_300.csv,9,6,17,17.955426912620084,17.955426912620084,03,03,1,0,True,known_visit_horizon,10,4,8,known_visit_horizon,commitment_horizon,8,h8
46,known_visit,DMCHBA,bernoulli,0.25,19,361,4,10,dmchba_h8_bernoulli_025,scenarios/known_visit_10target_300.csv,10,10,18,26.90483094582584,26.90483094582584,03,03,1,0,True,known_visit_horizon,10,4,8,known_visit_horizon,commitment_horizon,8,h8
47,known_visit,DMCHBA,bernoulli,0.25,19,361,4,10,dmchba_h8_bernoulli_025,scenarios/known_visit_10target_300.csv,1,9,11,23.022810367269887,23.022810367269887,01,01,1,0,True,known_visit_horizon,10,4,8,known_visit_horizon,commitment_horizon,8,h8
47,known_visit,DMCHBA,bernoulli,0.25,19,361,4,10,dmchba_h8_bernoulli_025,scenarios/known_visit_10target_300.csv,2,3,14,7.44104748827179,7.44104748827179,02,02,2,1,True,known_visit_horizon,10,4,8,known_visit_horizon,commitment_horizon,8,h8
47,known_visit,DMCHBA,bernoulli,0.25,19,361,4,10,dmchba_h8_bernoulli_025,scenarios/known_visit_10target_300.csv,3,9,13,19.99979355868761,19.99979355868761,02,02,2,1,True,known_visit_horizon,10,4,8,known_visit_horizon,commitment_horizon,8,h8
47,known_visit,DMCHBA,bernoulli,0.25,19,361,4,10,dmchba_h8_bernoulli_025,scenarios/known_visit_10target_300.csv,4,9,18,34.80040486894517,34.80040486894517,01,01,1,0,True,known_visit_horizon,10,4,8,known_visit_horizon,commitment_horizon,8,h8
47,known_visit,DMCHBA,bernoulli,0.25,19,361,4,10,dmchba_h8_bernoulli_025,scenarios/known_visit_10target_300.csv,5,15,8,38.66600090663808,38.66600090663808,00,00,1,0,True,known_visit_horizon,10,4,8,known_visit_horizon,commitment_horizon,8,h8
47,known_visit,DMCHBA,bernoulli,0.25,19,361,4,10,dmchba_h8_bernoulli_025,scenarios/known_visit_10target_300.csv,6,11,13,23.643987695106393,23.643987695106393,02,02,1,0,True,known_visit_horizon,10,4,8,known_visit_horizon,commitment_horizon,8,h8
47,known_visit,DMCHBA,bernoulli,0.25,19,361,4,10,dmchba_h8_bernoulli_025,scenarios/known_visit_10target_300.csv,7,5,17,9.057930657709607,9.057930657709607,03,03,1,0,True,known_visit_horizon,10,4,8,known_visit_horizon,commitment_horizon,8,h8
47,known_visit,DMCHBA,bernoulli,0.25,19,361,4,10,dmchba_h8_bernoulli_025,scenarios/known_visit_10target_300.csv,8,5,18,6.971306075458922,6.971306075458922,03,03,1,0,True,known_visit_horizon,10,4,8,known_visit_horizon,commitment_horizon,8,h8
47,known_visit,DMCHBA,bernoulli,0.25,19,361,4,10,dmchba_h8_bernoulli_025,scenarios/known_visit_10target_300.csv,9,9,5,22.751511640540794,22.751511640540794,00,00,1,0,True,known_visit_horizon,10,4,8,known_visit_horizon,commitment_horizon,8,h8
47,known_visit,DMCHBA,bernoulli,0.25,19,361,4,10,dmchba_h8_bernoulli_025,scenarios/known_visit_10target_300.csv,10,14,14,30.855932369109766,30.855932369109766,02,02,1,0,True,known_visit_horizon,10,4,8,known_visit_horizon,commitment_horizon,8,h8
48,known_visit,DMCHBA,bernoulli,0.25,19,361,4,10,dmchba_h8_bernoulli_025,scenarios/known_visit_10target_300.csv,1,11,16,59.32345142360135,59.32345142360135,03,03,1,0,True,known_visit_horizon,10,4,8,known_visit_horizon,commitment_horizon,8,h8
48,known_visit,DMCHBA,bernoulli,0.25,19,361,4,10,dmchba_h8_bernoulli_025,scenarios/known_visit_10target_300.csv,2,18,5,42.69590354222459,42.69590354222459,02,02,1,0,True,known_visit_horizon,10,4,8,known_visit_horizon,commitment_horizon,8,h8
48,known_visit,DMCHBA,bernoulli,0.25,19,361,4,10,dmchba_h8_bernoulli_025,scenarios/known_visit_10target_300.csv,3,5,0,21.713248366696714,21.713248366696714,00,00,1,0,True,known_visit_horizon,10,4,8,known_visit_horizon,commitment_horizon,8,h8
48,known_visit,DMCHBA,bernoulli,0.25,19,361,4,10,dmchba_h8_bernoulli_025,scenarios/known_visit_10target_300.csv,4,5,9,12.725277037795422,12.725277037795422,02,02,2,1,True,known_visit_horizon,10,4,8,known_visit_horizon,commitment_horizon,8,h8
48,known_visit,DMCHBA,bernoulli,0.25,19,361,4,10,dmchba_h8_bernoulli_025,scenarios/known_visit_10target_300.csv,5,12,8,26.86848178485843,26.86848178485843,02,02,2,1,True,known_visit_horizon,10,4,8,known_visit_horizon,commitment_horizon,8,h8
48,known_visit,DMCHBA,bernoulli,0.25,19,361,4,10,dmchba_h8_bernoulli_025,scenarios/known_visit_10target_300.csv,6,14,8,30.692844827918286,30.692844827918286,02,02,2,1,True,known_visit_horizon,10,4,8,known_visit_horizon,commitment_horizon,8,h8
48,known_visit,DMCHBA,bernoulli,0.25,19,361,4,10,dmchba_h8_bernoulli_025,scenarios/known_visit_10target_300.csv,7,0,1,0.5798217829135229,0.5798217829135229,00,00,2,1,True,known_visit_horizon,10,4,8,known_visit_horizon,commitment_horizon,8,h8
48,known_visit,DMCHBA,bernoulli,0.25,19,361,4,10,dmchba_h8_bernoulli_025,scenarios/known_visit_10target_300.csv,8,5,14,13.97069563114179,13.97069563114179,03,03,1,0,True,known_visit_horizon,10,4,8,known_visit_horizon,commitment_horizon,8,h8
48,known_visit,DMCHBA,bernoulli,0.25,19,361,4,10,dmchba_h8_bernoulli_025,scenarios/known_visit_10target_300.csv,9,0,4,5.581125034421186,5.581125034421186,00,00,2,1,True,known_visit_horizon,10,4,8,known_visit_horizon,commitment_horizon,8,h8
48,known_visit,DMCHBA,bernoulli,0.25,19,361,4,10,dmchba_h8_bernoulli_025,scenarios/known_visit_10target_300.csv,10,0,7,0.42608556026299615,0.42608556026299615,01,01,1,0,True,known_visit_horizon,10,4,8,known_visit_horizon,commitment_horizon,8,h8
49,known_visit,DMCHBA,bernoulli,0.25,19,361,4,10,dmchba_h8_bernoulli_025,scenarios/known_visit_10target_300.csv,1,7,16,13.957603226556325,13.957603226556325,03,03,1,0,True,known_visit_horizon,10,4,8,known_visit_horizon,commitment_horizon,8,h8
49,known_visit,DMCHBA,bernoulli,0.25,19,361,4,10,dmchba_h8_bernoulli_025,scenarios/known_visit_10target_300.csv,2,4,4,19.963484928865967,19.963484928865967,00,00,1,0,True,known_visit_horizon,10,4,8,known_visit_horizon,commitment_horizon,8,h8
49,known_visit,DMCHBA,bernoulli,0.25,19,361,4,10,dmchba_h8_bernoulli_025,scenarios/known_visit_10target_300.csv,3,6,10,15.785639850877638,15.785639850877638,01,01,1,0,True,known_visit_horizon,10,4,8,known_visit_horizon,commitment_horizon,8,h8
49,known_visit,DMCHBA,bernoulli,0.25,19,361,4,10,dmchba_h8_bernoulli_025,scenarios/known_visit_10target_300.csv,4,16,15,31.120906745599093,31.120906745599093,03,03,1,0,True,known_visit_horizon,10,4,8,known_visit_horizon,commitment_horizon,8,h8
49,known_visit,DMCHBA,bernoulli,0.25,19,361,4,10,dmchba_h8_bernoulli_025,scenarios/known_visit_10target_300.csv,5,0,8,2.1282241931887245,2.1282241931887245,01,01,1,0,True,known_visit_horizon,10,4,8,known_visit_horizon,commitment_horizon,8,h8
49,known_visit,DMCHBA,bernoulli,0.25,19,361,4,10,dmchba_h8_bernoulli_025,scenarios/known_visit_10target_300.csv,6,15,12,31.724839261759747,31.724839261759747,02,02,1,0,True,known_visit_horizon,10,4,8,known_visit_horizon,commitment_horizon,8,h8
49,known_visit,DMCHBA,bernoulli,0.25,19,361,4,10,dmchba_h8_bernoulli_025,scenarios/known_visit_10target_300.csv,7,15,1,48.00711068710452,48.00711068710452,00,00,1,0,True,known_visit_horizon,10,4,8,known_visit_horizon,commitment_horizon,8,h8
49,known_visit,DMCHBA,bernoulli,0.25,19,361,4,10,dmchba_h8_bernoulli_025,scenarios/known_visit_10target_300.csv,8,6,2,12.628093398726756,12.628093398726756,00,00,1,0,True,known_visit_horizon,10,4,8,known_visit_horizon,commitment_horizon,8,h8
49,known_visit,DMCHBA,bernoulli,0.25,19,361,4,10,dmchba_h8_bernoulli_025,scenarios/known_visit_10target_300.csv,9,1,14,4.059276149570103,4.059276149570103,02,02,2,1,True,known_visit_horizon,10,4,8,known_visit_horizon,commitment_horizon,8,h8
49,known_visit,DMCHBA,bernoulli,0.25,19,361,4,10,dmchba_h8_bernoulli_025,scenarios/known_visit_10target_300.csv,10,2,1,3.861365407126852,3.861365407126852,00,00,1,0,True,known_visit_horizon,10,4,8,known_visit_horizon,commitment_horizon,8,h8
50,known_visit,DMCHBA,bernoulli,0.25,19,361,4,10,dmchba_h8_bernoulli_025,scenarios/known_visit_10target_300.csv,1,15,1,30.822300201357763,30.822300201357763,00,00,1,0,True,known_visit_horizon,10,4,8,known_visit_horizon,commitment_horizon,8,h8
50,known_visit,DMCHBA,bernoulli,0.25,19,361,4,10,dmchba_h8_bernoulli_025,scenarios/known_visit_10target_300.csv,2,3,6,18.00298373244049,18.00298373244049,02,02,1,0,True,known_visit_horizon,10,4,8,known_visit_horizon,commitment_horizon,8,h8
50,known_visit,DMCHBA,bernoulli,0.25,19,361,4,10,dmchba_h8_bernoulli_025,scenarios/known_visit_10target_300.csv,3,10,3,21.611953303182446,21.611953303182446,01,01,1,0,True,known_visit_horizon,10,4,8,known_visit_horizon,commitment_horizon,8,h8
50,known_visit,DMCHBA,bernoulli,0.25,19,361,4,10,dmchba_h8_bernoulli_025,scenarios/known_visit_10target_300.csv,4,2,1,4.078649913856103,4.078649913856103,00,00,1,0,True,known_visit_horizon,10,4,8,known_visit_horizon,commitment_horizon,8,h8
50,known_visit,DMCHBA,bernoulli,0.25,19,361,4,10,dmchba_h8_bernoulli_025,scenarios/known_visit_10target_300.csv,5,3,8,14.277717851022143,14.277717851022143,02,02,1,0,True,known_visit_horizon,10,4,8,known_visit_horizon,commitment_horizon,8,h8
50,known_visit,DMCHBA,bernoulli,0.25,19,361,4,10,dmchba_h8_bernoulli_025,scenarios/known_visit_10target_300.csv,6,8,0,16.584145062777825,16.584145062777825,00,00,1,0,True,known_visit_horizon,10,4,8,known_visit_horizon,commitment_horizon,8,h8
50,known_visit,DMCHBA,bernoulli,0.25,19,361,4,10,dmchba_h8_bernoulli_025,scenarios/known_visit_10target_300.csv,7,4,12,5.292457005228011,5.292457005228011,02,02,2,1,True,known_visit_horizon,10,4,8,known_visit_horizon,commitment_horizon,8,h8
50,known_visit,DMCHBA,bernoulli,0.25,19,361,4,10,dmchba_h8_bernoulli_025,scenarios/known_visit_10target_300.csv,8,0,9,27.96083699681153,27.96083699681153,03,03,1,0,True,known_visit_horizon,10,4,8,known_visit_horizon,commitment_horizon,8,h8
50,known_visit,DMCHBA,bernoulli,0.25,19,361,4,10,dmchba_h8_bernoulli_025,scenarios/known_visit_10target_300.csv,9,7,4,14.512260942750519,14.512260942750519,01,01,1,0,True,known_visit_horizon,10,4,8,known_visit_horizon,commitment_horizon,8,h8
50,known_visit,DMCHBA,bernoulli,0.25,19,361,4,10,dmchba_h8_bernoulli_025,scenarios/known_visit_10target_300.csv,10,1,4,3.8923737648306767,3.8923737648306767,01,01,2,1,True,known_visit_horizon,10,4,8,known_visit_horizon,commitment_horizon,8,h8
51,known_visit,DMCHBA,bernoulli,0.25,19,361,4,10,dmchba_h8_bernoulli_025,scenarios/known_visit_10target_300.csv,1,15,17,33.71195273896571,33.71195273896571,02,02,1,0,True,known_visit_horizon,10,4,8,known_visit_horizon,commitment_horizon,8,h8
51,known_visit,DMCHBA,bernoulli,0.25,19,361,4,10,dmchba_h8_bernoulli_025,scenarios/known_visit_10target_300.csv,2,10,12,15.907818493747719,15.907818493747719,02,02,2,1,True,known_visit_horizon,10,4,8,known_visit_horizon,commitment_horizon,8,h8
51,known_visit,DMCHBA,bernoulli,0.25,19,361,4,10,dmchba_h8_bernoulli_025,scenarios/known_visit_10target_300.csv,3,2,10,9.02556965031895,9.02556965031895,01,01,1,0,True,known_visit_horizon,10,4,8,known_visit_horizon,commitment_horizon,8,h8
51,known_visit,DMCHBA,bernoulli,0.25,19,361,4,10,dmchba_h8_bernoulli_025,scenarios/known_visit_10target_300.csv,4,14,13,24.949602832406523,24.949602832406523,02,02,1,0,True,known_visit_horizon,10,4,8,known_visit_horizon,commitment_horizon,8,h8
51,known_visit,DMCHBA,bernoulli,0.25,19,361,4,10,dmchba_h8_bernoulli_025,scenarios/known_visit_10target_300.csv,5,7,10,17.789110061382516,17.789110061382516,01,01,1,0,True,known_visit_horizon,10,4,8,known_visit_horizon,commitment_horizon,8,h8
51,known_visit,DMCHBA,bernoulli,0.25,19,361,4,10,dmchba_h8_bernoulli_025,scenarios/known_visit_10target_300.csv,6,8,14,19.058214009787818,19.058214009787818,03,03,1,0,True,known_visit_horizon,10,4,8,known_visit_horizon,commitment_horizon,8,h8
51,known_visit,DMCHBA,bernoulli,0.25,19,361,4,10,dmchba_h8_bernoulli_025,scenarios/known_visit_10target_300.csv,7,13,13,22.866485041348174,22.866485041348174,02,02,1,0,True,known_visit_horizon,10,4,8,known_visit_horizon,commitment_horizon,8,h8
51,known_visit,DMCHBA,bernoulli,0.25,19,361,4,10,dmchba_h8_bernoulli_025,scenarios/known_visit_10target_300.csv,8,18,0,36.71446672347125,36.71446672347125,00,00,1,0,True,known_visit_horizon,10,4,8,known_visit_horizon,commitment_horizon,8,h8
51,known_visit,DMCHBA,bernoulli,0.25,19,361,4,10,dmchba_h8_bernoulli_025,scenarios/known_visit_10target_300.csv,9,11,15,26.47702782405707,26.47702782405707,03,03,1,0,True,known_visit_horizon,10,4,8,known_visit_horizon,commitment_horizon,8,h8
51,known_visit,DMCHBA,bernoulli,0.25,19,361,4,10,dmchba_h8_bernoulli_025,scenarios/known_visit_10target_300.csv,10,9,2,17.205366363289595,17.205366363289595,00,00,1,0,True,known_visit_horizon,10,4,8,known_visit_horizon,commitment_horizon,8,h8
52,known_visit,DMCHBA,bernoulli,0.25,19,361,4,10,dmchba_h8_bernoulli_025,scenarios/known_visit_10target_300.csv,1,9,18,21.482646729272233,21.482646729272233,03,03,1,0,True,known_visit_horizon,10,4,8,known_visit_horizon,commitment_horizon,8,h8
52,known_visit,DMCHBA,bernoulli,0.25,19,361,4,10,dmchba_h8_bernoulli_025,scenarios/known_visit_10target_300.csv,2,2,14,5.521691677729968,5.521691677729968,02,02,1,0,True,known_visit_horizon,10,4,8,known_visit_horizon,commitment_horizon,8,h8
52,known_visit,DMCHBA,bernoulli,0.25,19,361,4,10,dmchba_h8_bernoulli_025,scenarios/known_visit_10target_300.csv,3,6,16,12.91240363918323,12.91240363918323,03,03,2,1,True,known_visit_horizon,10,4,8,known_visit_horizon,commitment_horizon,8,h8
52,known_visit,DMCHBA,bernoulli,0.25,19,361,4,10,dmchba_h8_bernoulli_025,scenarios/known_visit_10target_300.csv,4,2,2,5.2880524560032605,5.2880524560032605,00,00,1,0,True,known_visit_horizon,10,4,8,known_visit_horizon,commitment_horizon,8,h8
52,known_visit,DMCHBA,bernoulli,0.25,19,361,4,10,dmchba_h8_bernoulli_025,scenarios/known_visit_10target_300.csv,5,11,11,37.59473698065531,37.59473698065531,03,03,1,0,True,known_visit_horizon,10,4,8,known_visit_horizon,commitment_horizon,8,h8
52,known_visit,DMCHBA,bernoulli,0.25,19,361,4,10,dmchba_h8_bernoulli_025,scenarios/known_visit_10target_300.csv,6,11,5,25.82108158617157,25.82108158617157,00,00,1,0,True,known_visit_horizon,10,4,8,known_visit_horizon,commitment_horizon,8,h8
52,known_visit,DMCHBA,bernoulli,0.25,19,361,4,10,dmchba_h8_bernoulli_025,scenarios/known_visit_10target_300.csv,7,17,7,40.00797513963482,40.00797513963482,00,00,1,0,True,known_visit_horizon,10,4,8,known_visit_horizon,commitment_horizon,8,h8
52,known_visit,DMCHBA,bernoulli,0.25,19,361,4,10,dmchba_h8_bernoulli_025,scenarios/known_visit_10target_300.csv,8,11,14,32.42707377338206,32.42707377338206,03,03,1,0,True,known_visit_horizon,10,4,8,known_visit_horizon,commitment_horizon,8,h8
52,known_visit,DMCHBA,bernoulli,0.25,19,361,4,10,dmchba_h8_bernoulli_025,scenarios/known_visit_10target_300.csv,9,5,16,10.885866395617423,10.885866395617423,03,03,2,1,True,known_visit_horizon,10,4,8,known_visit_horizon,commitment_horizon,8,h8
52,known_visit,DMCHBA,bernoulli,0.25,19,361,4,10,dmchba_h8_bernoulli_025,scenarios/known_visit_10target_300.csv,10,6,11,17.610357824678808,17.610357824678808,01,01,1,0,True,known_visit_horizon,10,4,8,known_visit_horizon,commitment_horizon,8,h8
53,known_visit,DMCHBA,bernoulli,0.25,19,361,4,10,dmchba_h8_bernoulli_025,scenarios/known_visit_10target_300.csv,1,2,13,3.771825576851633,3.771825576851633,02,02,1,0,True,known_visit_horizon,10,4,8,known_visit_horizon,commitment_horizon,8,h8
53,known_visit,DMCHBA,bernoulli,0.25,19,361,4,10,dmchba_h8_bernoulli_025,scenarios/known_visit_10target_300.csv,2,10,10,30.4286372184987,30.4286372184987,01,01,1,0,True,known_visit_horizon,10,4,8,known_visit_horizon,commitment_horizon,8,h8
53,known_visit,DMCHBA,bernoulli,0.25,19,361,4,10,dmchba_h8_bernoulli_025,scenarios/known_visit_10target_300.csv,3,10,16,19.597384235070106,19.597384235070106,03,03,1,0,True,known_visit_horizon,10,4,8,known_visit_horizon,commitment_horizon,8,h8
53,known_visit,DMCHBA,bernoulli,0.25,19,361,4,10,dmchba_h8_bernoulli_025,scenarios/known_visit_10target_300.csv,4,18,15,34.71781855997267,34.71781855997267,02,02,1,0,True,known_visit_horizon,10,4,8,known_visit_horizon,commitment_horizon,8,h8
53,known_visit,DMCHBA,bernoulli,0.25,19,361,4,10,dmchba_h8_bernoulli_025,scenarios/known_visit_10target_300.csv,5,7,6,17.757123048746138,17.757123048746138,01,01,1,0,True,known_visit_horizon,10,4,8,known_visit_horizon,commitment_horizon,8,h8
53,known_visit,DMCHBA,bernoulli,0.25,19,361,4,10,dmchba_h8_bernoulli_025,scenarios/known_visit_10target_300.csv,6,11,0,17.2508080587896,17.2508080587896,00,00,1,0,True,known_visit_horizon,10,4,8,known_visit_horizon,commitment_horizon,8,h8
53,known_visit,DMCHBA,bernoulli,0.25,19,361,4,10,dmchba_h8_bernoulli_025,scenarios/known_visit_10target_300.csv,7,16,17,31.557294962211586,31.557294962211586,03,03,1,0,True,known_visit_horizon,10,4,8,known_visit_horizon,commitment_horizon,8,h8
53,known_visit,DMCHBA,bernoulli,0.25,19,361,4,10,dmchba_h8_bernoulli_025,scenarios/known_visit_10target_300.csv,8,1,0,0.18120642276448118,0.18120642276448118,00,00,1,0,True,known_visit_horizon,10,4,8,known_visit_horizon,commitment_horizon,8,h8
53,known_visit,DMCHBA,bernoulli,0.25,19,361,4,10,dmchba_h8_bernoulli_025,scenarios/known_visit_10target_300.csv,9,18,4,35.898023242122896,35.898023242122896,00,00,1,0,True,known_visit_horizon,10,4,8,known_visit_horizon,commitment_horizon,8,h8
53,known_visit,DMCHBA,bernoulli,0.25,19,361,4,10,dmchba_h8_bernoulli_025,scenarios/known_visit_10target_300.csv,10,4,8,8.969925787061394,8.969925787061394,01,01,1,0,True,known_visit_horizon,10,4,8,known_visit_horizon,commitment_horizon,8,h8
54,known_visit,DMCHBA,bernoulli,0.25,19,361,4,10,dmchba_h8_bernoulli_025,scenarios/known_visit_10target_300.csv,1,15,13,37.38001395143033,37.38001395143033,03,03,1,0,True,known_visit_horizon,10,4,8,known_visit_horizon,commitment_horizon,8,h8
54,known_visit,DMCHBA,bernoulli,0.25,19,361,4,10,dmchba_h8_bernoulli_025,scenarios/known_visit_10target_300.csv,2,9,15,19.282549702028444,19.282549702028444,03,03,1,0,True,known_visit_horizon,10,4,8,known_visit_horizon,commitment_horizon,8,h8
54,known_visit,DMCHBA,bernoulli,0.25,19,361,4,10,dmchba_h8_bernoulli_025,scenarios/known_visit_10target_300.csv,3,18,6,40.58764472199799,40.58764472199799,00,00,1,0,True,known_visit_horizon,10,4,8,known_visit_horizon,commitment_horizon,8,h8
54,known_visit,DMCHBA,bernoulli,0.25,19,361,4,10,dmchba_h8_bernoulli_025,scenarios/known_visit_10target_300.csv,4,1,9,5.716984179983333,5.716984179983333,02,02,1,0,True,known_visit_horizon,10,4,8,known_visit_horizon,commitment_horizon,8,h8
54,known_visit,DMCHBA,bernoulli,0.25,19,361,4,10,dmchba_h8_bernoulli_025,scenarios/known_visit_10target_300.csv,5,15,1,26.418215836369676,26.418215836369676,00,00,1,0,True,known_visit_horizon,10,4,8,known_visit_horizon,commitment_horizon,8,h8
54,known_visit,DMCHBA,bernoulli,0.25,19,361,4,10,dmchba_h8_bernoulli_025,scenarios/known_visit_10target_300.csv,6,8,13,24.684018940034875,24.684018940034875,03,03,1,0,True,known_visit_horizon,10,4,8,known_visit_horizon,commitment_horizon,8,h8
54,known_visit,DMCHBA,bernoulli,0.25,19,361,4,10,dmchba_h8_bernoulli_025,scenarios/known_visit_10target_300.csv,7,3,7,5.4865784622508205,5.4865784622508205,01,01,1,0,True,known_visit_horizon,10,4,8,known_visit_horizon,commitment_horizon,8,h8
54,known_visit,DMCHBA,bernoulli,0.25,19,361,4,10,dmchba_h8_bernoulli_025,scenarios/known_visit_10target_300.csv,8,5,8,10.748023886669914,10.748023886669914,01,01,2,1,True,known_visit_horizon,10,4,8,known_visit_horizon,commitment_horizon,8,h8
54,known_visit,DMCHBA,bernoulli,0.25,19,361,4,10,dmchba_h8_bernoulli_025,scenarios/known_visit_10target_300.csv,9,1,11,2.212873455184393,2.212873455184393,02,02,1,0,True,known_visit_horizon,10,4,8,known_visit_horizon,commitment_horizon,8,h8
54,known_visit,DMCHBA,bernoulli,0.25,19,361,4,10,dmchba_h8_bernoulli_025,scenarios/known_visit_10target_300.csv,10,8,10,19.47400073740028,19.47400073740028,01,01,1,0,True,known_visit_horizon,10,4,8,known_visit_horizon,commitment_horizon,8,h8
55,known_visit,DMCHBA,bernoulli,0.25,19,361,4,10,dmchba_h8_bernoulli_025,scenarios/known_visit_10target_300.csv,1,8,10,15.8215839771295,15.8215839771295,02,02,2,1,True,known_visit_horizon,10,4,8,known_visit_horizon,commitment_horizon,8,h8
55,known_visit,DMCHBA,bernoulli,0.25,19,361,4,10,dmchba_h8_bernoulli_025,scenarios/known_visit_10target_300.csv,2,13,1,23.104274660552147,23.104274660552147,00,00,1,0,True,known_visit_horizon,10,4,8,known_visit_horizon,commitment_horizon,8,h8
55,known_visit,DMCHBA,bernoulli,0.25,19,361,4,10,dmchba_h8_bernoulli_025,scenarios/known_visit_10target_300.csv,3,8,4,26.264690624734293,26.264690624734293,02,02,2,1,True,known_visit_horizon,10,4,8,known_visit_horizon,commitment_horizon,8,h8
55,known_visit,DMCHBA,bernoulli,0.25,19,361,4,10,dmchba_h8_bernoulli_025,scenarios/known_visit_10target_300.csv,4,8,17,14.085616789287128,14.085616789287128,03,03,1,0,True,known_visit_horizon,10,4,8,known_visit_horizon,commitment_horizon,8,h8
55,known_visit,DMCHBA,bernoulli,0.25,19,361,4,10,dmchba_h8_bernoulli_025,scenarios/known_visit_10target_300.csv,5,9,3,29.914205810614554,29.914205810614554,02,02,1,0,True,known_visit_horizon,10,4,8,known_visit_horizon,commitment_horizon,8,h8
55,known_visit,DMCHBA,bernoulli,0.25,19,361,4,10,dmchba_h8_bernoulli_025,scenarios/known_visit_10target_300.csv,6,10,6,36.94387515073041,36.94387515073041,02,02,1,0,True,known_visit_horizon,10,4,8,known_visit_horizon,commitment_horizon,8,h8
55,known_visit,DMCHBA,bernoulli,0.25,19,361,4,10,dmchba_h8_bernoulli_025,scenarios/known_visit_10target_300.csv,7,15,7,37.289111139988876,37.289111139988876,00,00,1,0,True,known_visit_horizon,10,4,8,known_visit_horizon,commitment_horizon,8,h8
55,known_visit,DMCHBA,bernoulli,0.25,19,361,4,10,dmchba_h8_bernoulli_025,scenarios/known_visit_10target_300.csv,8,2,9,61.46030187875067,61.46030187875067,01,01,1,0,True,known_visit_horizon,10,4,8,known_visit_horizon,commitment_horizon,8,h8
55,known_visit,DMCHBA,bernoulli,0.25,19,361,4,10,dmchba_h8_bernoulli_025,scenarios/known_visit_10target_300.csv,9,10,1,18.03112495041158,18.03112495041158,00,00,2,1,True,known_visit_horizon,10,4,8,known_visit_horizon,commitment_horizon,8,h8
55,known_visit,DMCHBA,bernoulli,0.25,19,361,4,10,dmchba_h8_bernoulli_025,scenarios/known_visit_10target_300.csv,10,0,1,0.5129214918786859,0.5129214918786859,00,00,2,1,True,known_visit_horizon,10,4,8,known_visit_horizon,commitment_horizon,8,h8
56,known_visit,DMCHBA,bernoulli,0.25,19,361,4,10,dmchba_h8_bernoulli_025,scenarios/known_visit_10target_300.csv,1,2,13,3.77792246519702,3.77792246519702,02,02,1,0,True,known_visit_horizon,10,4,8,known_visit_horizon,commitment_horizon,8,h8
56,known_visit,DMCHBA,bernoulli,0.25,19,361,4,10,dmchba_h8_bernoulli_025,scenarios/known_visit_10target_300.csv,2,6,11,14.938656421349158,14.938656421349158,02,02,2,1,True,known_visit_horizon,10,4,8,known_visit_horizon,commitment_horizon,8,h8
56,known_visit,DMCHBA,bernoulli,0.25,19,361,4,10,dmchba_h8_bernoulli_025,scenarios/known_visit_10target_300.csv,3,16,3,31.776273481869037,31.776273481869037,00,00,1,0,True,known_visit_horizon,10,4,8,known_visit_horizon,commitment_horizon,8,h8
56,known_visit,DMCHBA,bernoulli,0.25,19,361,4,10,dmchba_h8_bernoulli_025,scenarios/known_visit_10target_300.csv,4,7,13,19.43822181103136,19.43822181103136,03,03,1,0,True,known_visit_horizon,10,4,8,known_visit_horizon,commitment_horizon,8,h8
56,known_visit,DMCHBA,bernoulli,0.25,19,361,4,10,dmchba_h8_bernoulli_025,scenarios/known_visit_10target_300.csv,5,7,16,14.392749826986488,14.392749826986488,03,03,1,0,True,known_visit_horizon,10,4,8,known_visit_horizon,commitment_horizon,8,h8
56,known_visit,DMCHBA,bernoulli,0.25,19,361,4,10,dmchba_h8_bernoulli_025,scenarios/known_visit_10target_300.csv,6,4,2,8.969843262403439,8.969843262403439,00,00,1,0,True,known_visit_horizon,10,4,8,known_visit_horizon,commitment_horizon,8,h8
56,known_visit,DMCHBA,bernoulli,0.25,19,361,4,10,dmchba_h8_bernoulli_025,scenarios/known_visit_10target_300.csv,7,6,18,8.942468618384474,8.942468618384474,03,03,1,0,True,known_visit_horizon,10,4,8,known_visit_horizon,commitment_horizon,8,h8
56,known_visit,DMCHBA,bernoulli,0.25,19,361,4,10,dmchba_h8_bernoulli_025,scenarios/known_visit_10target_300.csv,8,2,4,5.624810695127407,5.624810695127407,01,01,1,0,True,known_visit_horizon,10,4,8,known_visit_horizon,commitment_horizon,8,h8
56,known_visit,DMCHBA,bernoulli,0.25,19,361,4,10,dmchba_h8_bernoulli_025,scenarios/known_visit_10target_300.csv,9,11,9,27.354784275534122,27.354784275534122,02,02,1,0,True,known_visit_horizon,10,4,8,known_visit_horizon,commitment_horizon,8,h8
56,known_visit,DMCHBA,bernoulli,0.25,19,361,4,10,dmchba_h8_bernoulli_025,scenarios/known_visit_10target_300.csv,10,3,11,9.57396714803245,9.57396714803245,02,02,2,1,True,known_visit_horizon,10,4,8,known_visit_horizon,commitment_horizon,8,h8
57,known_visit,DMCHBA,bernoulli,0.25,19,361,4,10,dmchba_h8_bernoulli_025,scenarios/known_visit_10target_300.csv,1,0,1,0.42230779693166043,0.42230779693166043,00,00,1,0,True,known_visit_horizon,10,4,8,known_visit_horizon,commitment_horizon,8,h8
57,known_visit,DMCHBA,bernoulli,0.25,19,361,4,10,dmchba_h8_bernoulli_025,scenarios/known_visit_10target_300.csv,2,12,16,22.74603953221252,22.74603953221252,03,03,1,0,True,known_visit_horizon,10,4,8,known_visit_horizon,commitment_horizon,8,h8
57,known_visit,DMCHBA,bernoulli,0.25,19,361,4,10,dmchba_h8_bernoulli_025,scenarios/known_visit_10target_300.csv,3,13,12,28.03432192066886,28.03432192066886,02,02,1,0,True,known_visit_horizon,10,4,8,known_visit_horizon,commitment_horizon,8,h8
57,known_visit,DMCHBA,bernoulli,0.25,19,361,4,10,dmchba_h8_bernoulli_025,scenarios/known_visit_10target_300.csv,4,9,10,17.20200318911252,17.20200318911252,02,02,1,0,True,known_visit_horizon,10,4,8,known_visit_horizon,commitment_horizon,8,h8
57,known_visit,DMCHBA,bernoulli,0.25,19,361,4,10,dmchba_h8_bernoulli_025,scenarios/known_visit_10target_300.csv,5,9,12,13.562475104694949,13.562475104694949,02,02,2,1,True,known_visit_horizon,10,4,8,known_visit_horizon,commitment_horizon,8,h8
57,known_visit,DMCHBA,bernoulli,0.25,19,361,4,10,dmchba_h8_bernoulli_025,scenarios/known_visit_10target_300.csv,6,6,1,17.68603861835255,17.68603861835255,01,01,1,0,True,known_visit_horizon,10,4,8,known_visit_horizon,commitment_horizon,8,h8
57,known_visit,DMCHBA,bernoulli,0.25,19,361,4,10,dmchba_h8_bernoulli_025,scenarios/known_visit_10target_300.csv,7,14,2,37.55249225890544,37.55249225890544,01,01,1,0,True,known_visit_horizon,10,4,8,known_visit_horizon,commitment_horizon,8,h8
57,known_visit,DMCHBA,bernoulli,0.25,19,361,4,10,dmchba_h8_bernoulli_025,scenarios/known_visit_10target_300.csv,8,16,12,33.31906373134595,33.31906373134595,02,02,1,0,True,known_visit_horizon,10,4,8,known_visit_horizon,commitment_horizon,8,h8
57,known_visit,DMCHBA,bernoulli,0.25,19,361,4,10,dmchba_h8_bernoulli_025,scenarios/known_visit_10target_300.csv,9,2,4,5.600500152761283,5.600500152761283,01,01,2,1,True,known_visit_horizon,10,4,8,known_visit_horizon,commitment_horizon,8,h8
57,known_visit,DMCHBA,bernoulli,0.25,19,361,4,10,dmchba_h8_bernoulli_025,scenarios/known_visit_10target_300.csv,10,11,0,28.215011667046927,28.215011667046927,01,01,1,0,True,known_visit_horizon,10,4,8,known_visit_horizon,commitment_horizon,8,h8
58,known_visit,DMCHBA,bernoulli,0.25,19,361,4,10,dmchba_h8_bernoulli_025,scenarios/known_visit_10target_300.csv,1,17,0,38.773138765186644,38.773138765186644,00,00,1,0,True,known_visit_horizon,10,4,8,known_visit_horizon,commitment_horizon,8,h8
58,known_visit,DMCHBA,bernoulli,0.25,19,361,4,10,dmchba_h8_bernoulli_025,scenarios/known_visit_10target_300.csv,2,5,16,10.94392395734371,10.94392395734371,03,03,1,0,True,known_visit_horizon,10,4,8,known_visit_horizon,commitment_horizon,8,h8
58,known_visit,DMCHBA,bernoulli,0.25,19,361,4,10,dmchba_h8_bernoulli_025,scenarios/known_visit_10target_300.csv,3,15,16,32.659399906214944,32.659399906214944,03,03,1,0,True,known_visit_horizon,10,4,8,known_visit_horizon,commitment_horizon,8,h8
58,known_visit,DMCHBA,bernoulli,0.25,19,361,4,10,dmchba_h8_bernoulli_025,scenarios/known_visit_10target_300.csv,4,11,3,22.877625288742674,22.877625288742674,00,00,1,0,True,known_visit_horizon,10,4,8,known_visit_horizon,commitment_horizon,8,h8
58,known_visit,DMCHBA,bernoulli,0.25,19,361,4,10,dmchba_h8_bernoulli_025,scenarios/known_visit_10target_300.csv,5,2,17,3.9156190124010295,3.9156190124010295,03,03,1,0,True,known_visit_horizon,10,4,8,known_visit_horizon,commitment_horizon,8,h8
58,known_visit,DMCHBA,bernoulli,0.25,19,361,4,10,dmchba_h8_bernoulli_025,scenarios/known_visit_10target_300.csv,6,15,8,31.771400717213837,31.771400717213837,01,01,1,0,True,known_visit_horizon,10,4,8,known_visit_horizon,commitment_horizon,8,h8
58,known_visit,DMCHBA,bernoulli,0.25,19,361,4,10,dmchba_h8_bernoulli_025,scenarios/known_visit_10target_300.csv,7,16,2,33.60398476512004,33.60398476512004,00,00,1,0,True,known_visit_horizon,10,4,8,known_visit_horizon,commitment_horizon,8,h8
58,known_visit,DMCHBA,bernoulli,0.25,19,361,4,10,dmchba_h8_bernoulli_025,scenarios/known_visit_10target_300.csv,8,18,14,33.225587791318446,33.225587791318446,02,02,1,0,True,known_visit_horizon,10,4,8,known_visit_horizon,commitment_horizon,8,h8
58,known_visit,DMCHBA,bernoulli,0.25,19,361,4,10,dmchba_h8_bernoulli_025,scenarios/known_visit_10target_300.csv,9,12,17,24.976903532675635,24.976903532675635,03,03,1,0,True,known_visit_horizon,10,4,8,known_visit_horizon,commitment_horizon,8,h8
58,known_visit,DMCHBA,bernoulli,0.25,19,361,4,10,dmchba_h8_bernoulli_025,scenarios/known_visit_10target_300.csv,10,8,9,17.579655687814373,17.579655687814373,01,01,1,0,True,known_visit_horizon,10,4,8,known_visit_horizon,commitment_horizon,8,h8
59,known_visit,DMCHBA,bernoulli,0.25,19,361,4,10,dmchba_h8_bernoulli_025,scenarios/known_visit_10target_300.csv,1,5,5,16.042508509064117,16.042508509064117,01,01,1,0,True,known_visit_horizon,10,4,8,known_visit_horizon,commitment_horizon,8,h8
59,known_visit,DMCHBA,bernoulli,0.25,19,361,4,10,dmchba_h8_bernoulli_025,scenarios/known_visit_10target_300.csv,2,8,10,20.219573765524206,20.219573765524206,02,02,1,0,True,known_visit_horizon,10,4,8,known_visit_horizon,commitment_horizon,8,h8
59,known_visit,DMCHBA,bernoulli,0.25,19,361,4,10,dmchba_h8_bernoulli_025,scenarios/known_visit_10target_300.csv,3,7,13,12.569077728693877,12.569077728693877,02,02,1,0,True,known_visit_horizon,10,4,8,known_visit_horizon,commitment_horizon,8,h8
59,known_visit,DMCHBA,bernoulli,0.25,19,361,4,10,dmchba_h8_bernoulli_025,scenarios/known_visit_10target_300.csv,4,0,3,3.9079224048751935,3.9079224048751935,01,01,1,0,True,known_visit_horizon,10,4,8,known_visit_horizon,commitment_horizon,8,h8
59,known_visit,DMCHBA,bernoulli,0.25,19,361,4,10,dmchba_h8_bernoulli_025,scenarios/known_visit_10target_300.csv,5,12,1,20.774327317614844,20.774327317614844,00,00,1,0,True,known_visit_horizon,10,4,8,known_visit_horizon,commitment_horizon,8,h8
59,known_visit,DMCHBA,bernoulli,0.25,19,361,4,10,dmchba_h8_bernoulli_025,scenarios/known_visit_10target_300.csv,6,11,16,21.473857563593707,21.473857563593707,03,03,1,0,True,known_visit_horizon,10,4,8,known_visit_horizon,commitment_horizon,8,h8
59,known_visit,DMCHBA,bernoulli,0.25,19,361,4,10,dmchba_h8_bernoulli_025,scenarios/known_visit_10target_300.csv,7,14,12,33.836406305585754,33.836406305585754,03,03,1,0,True,known_visit_horizon,10,4,8,known_visit_horizon,commitment_horizon,8,h8
59,known_visit,DMCHBA,bernoulli,0.25,19,361,4,10,dmchba_h8_bernoulli_025,scenarios/known_visit_10target_300.csv,8,13,16,24.961319064422025,24.961319064422025,03,03,1,0,True,known_visit_horizon,10,4,8,known_visit_horizon,commitment_horizon,8,h8
59,known_visit,DMCHBA,bernoulli,0.25,19,361,4,10,dmchba_h8_bernoulli_025,scenarios/known_visit_10target_300.csv,9,3,17,5.646365971169876,5.646365971169876,03,03,1,0,True,known_visit_horizon,10,4,8,known_visit_horizon,commitment_horizon,8,h8
59,known_visit,DMCHBA,bernoulli,0.25,19,361,4,10,dmchba_h8_bernoulli_025,scenarios/known_visit_10target_300.csv,10,3,9,26.700691267227626,26.700691267227626,01,01,1,0,True,known_visit_horizon,10,4,8,known_visit_horizon,commitment_horizon,8,h8
60,known_visit,DMCHBA,bernoulli,0.25,19,361,4,10,dmchba_h8_bernoulli_025,scenarios/known_visit_10target_300.csv,1,13,17,30.387300036732256,30.387300036732256,03,03,1,0,True,known_visit_horizon,10,4,8,known_visit_horizon,commitment_horizon,8,h8
60,known_visit,DMCHBA,bernoulli,0.25,19,361,4,10,dmchba_h8_bernoulli_025,scenarios/known_visit_10target_300.csv,2,7,3,16.22758902106655,16.22758902106655,00,00,1,0,True,known_visit_horizon,10,4,8,known_visit_horizon,commitment_horizon,8,h8
60,known_visit,DMCHBA,bernoulli,0.25,19,361,4,10,dmchba_h8_bernoulli_025,scenarios/known_visit_10target_300.csv,3,11,18,24.994641839549793,24.994641839549793,03,03,1,0,True,known_visit_horizon,10,4,8,known_visit_horizon,commitment_horizon,8,h8
60,known_visit,DMCHBA,bernoulli,0.25,19,361,4,10,dmchba_h8_bernoulli_025,scenarios/known_visit_10target_300.csv,4,17,16,39.237607975363154,39.237607975363154,03,03,1,0,True,known_visit_horizon,10,4,8,known_visit_horizon,commitment_horizon,8,h8
60,known_visit,DMCHBA,bernoulli,0.25,19,361,4,10,dmchba_h8_bernoulli_025,scenarios/known_visit_10target_300.csv,5,1,8,4.0387227111585915,4.0387227111585915,01,01,1,0,True,known_visit_horizon,10,4,8,known_visit_horizon,commitment_horizon,8,h8
60,known_visit,DMCHBA,bernoulli,0.25,19,361,4,10,dmchba_h8_bernoulli_025,scenarios/known_visit_10target_300.csv,6,9,3,19.509002953198156,19.509002953198156,00,00,1,0,True,known_visit_horizon,10,4,8,known_visit_horizon,commitment_horizon,8,h8
60,known_visit,DMCHBA,bernoulli,0.25,19,361,4,10,dmchba_h8_bernoulli_025,scenarios/known_visit_10target_300.csv,7,10,10,18.771062141847608,18.771062141847608,02,02,2,1,True,known_visit_horizon,10,4,8,known_visit_horizon,commitment_horizon,8,h8
60,known_visit,DMCHBA,bernoulli,0.25,19,361,4,10,dmchba_h8_bernoulli_025,scenarios/known_visit_10target_300.csv,8,0,8,2.1052360872071154,2.1052360872071154,01,01,1,0,True,known_visit_horizon,10,4,8,known_visit_horizon,commitment_horizon,8,h8
60,known_visit,DMCHBA,bernoulli,0.25,19,361,4,10,dmchba_h8_bernoulli_025,scenarios/known_visit_10target_300.csv,9,10,18,22.92867275807088,22.92867275807088,03,03,1,0,True,known_visit_horizon,10,4,8,known_visit_horizon,commitment_horizon,8,h8
60,known_visit,DMCHBA,bernoulli,0.25,19,361,4,10,dmchba_h8_bernoulli_025,scenarios/known_visit_10target_300.csv,10,6,3,14.233631940819638,14.233631940819638,00,00,1,0,True,known_visit_horizon,10,4,8,known_visit_horizon,commitment_horizon,8,h8
61,known_visit,DMCHBA,bernoulli,0.25,19,361,4,10,dmchba_h8_bernoulli_025,scenarios/known_visit_10target_300.csv,1,2,14,12.993288104780161,12.993288104780161,03,03,1,0,True,known_visit_horizon,10,4,8,known_visit_horizon,commitment_horizon,8,h8
61,known_visit,DMCHBA,bernoulli,0.25,19,361,4,10,dmchba_h8_bernoulli_025,scenarios/known_visit_10target_300.csv,2,2,5,4.108810869261817,4.108810869261817,01,01,1,0,True,known_visit_horizon,10,4,8,known_visit_horizon,commitment_horizon,8,h8
61,known_visit,DMCHBA,bernoulli,0.25,19,361,4,10,dmchba_h8_bernoulli_025,scenarios/known_visit_10target_300.csv,3,1,1,2.12368723700375,2.12368723700375,00,00,1,0,True,known_visit_horizon,10,4,8,known_visit_horizon,commitment_horizon,8,h8
61,known_visit,DMCHBA,bernoulli,0.25,19,361,4,10,dmchba_h8_bernoulli_025,scenarios/known_visit_10target_300.csv,4,12,10,22.520130541860702,22.520130541860702,02,02,1,0,True,known_visit_horizon,10,4,8,known_visit_horizon,commitment_horizon,8,h8
61,known_visit,DMCHBA,bernoulli,0.25,19,361,4,10,dmchba_h8_bernoulli_025,scenarios/known_visit_10target_300.csv,5,2,12,1.8775458538416094,1.8775458538416094,02,02,2,1,True,known_visit_horizon,10,4,8,known_visit_horizon,commitment_horizon,8,h8
61,known_visit,DMCHBA,bernoulli,0.25,19,361,4,10,dmchba_h8_bernoulli_025,scenarios/known_visit_10target_300.csv,6,2,10,16.686903833362177,16.686903833362177,01,01,1,0,True,known_visit_horizon,10,4,8,known_visit_horizon,commitment_horizon,8,h8
61,known_visit,DMCHBA,bernoulli,0.25,19,361,4,10,dmchba_h8_bernoulli_025,scenarios/known_visit_10target_300.csv,7,3,5,6.031478247672424,6.031478247672424,01,01,1,0,True,known_visit_horizon,10,4,8,known_visit_horizon,commitment_horizon,8,h8
61,known_visit,DMCHBA,bernoulli,0.25,19,361,4,10,dmchba_h8_bernoulli_025,scenarios/known_visit_10target_300.csv,8,8,12,12.261123689044995,12.261123689044995,02,02,1,0,True,known_visit_horizon,10,4,8,known_visit_horizon,commitment_horizon,8,h8
61,known_visit,DMCHBA,bernoulli,0.25,19,361,4,10,dmchba_h8_bernoulli_025,scenarios/known_visit_10target_300.csv,9,13,9,26.145948147369623,26.145948147369623,02,02,1,0,True,known_visit_horizon,10,4,8,known_visit_horizon,commitment_horizon,8,h8
61,known_visit,DMCHBA,bernoulli,0.25,19,361,4,10,dmchba_h8_bernoulli_025,scenarios/known_visit_10target_300.csv,10,3,17,5.806079248584135,5.806079248584135,03,03,1,0,True,known_visit_horizon,10,4,8,known_visit_horizon,commitment_horizon,8,h8
62,known_visit,DMCHBA,bernoulli,0.25,19,361,4,10,dmchba_h8_bernoulli_025,scenarios/known_visit_10target_300.csv,1,1,2,3.8919095297144146,3.8919095297144146,00,00,1,0,True,known_visit_horizon,10,4,8,known_visit_horizon,commitment_horizon,8,h8
62,known_visit,DMCHBA,bernoulli,0.25,19,361,4,10,dmchba_h8_bernoulli_025,scenarios/known_visit_10target_300.csv,2,4,1,11.781061273595103,11.781061273595103,00,00,1,0,True,known_visit_horizon,10,4,8,known_visit_horizon,commitment_horizon,8,h8
62,known_visit,DMCHBA,bernoulli,0.25,19,361,4,10,dmchba_h8_bernoulli_025,scenarios/known_visit_10target_300.csv,3,2,1,7.937879712987546,7.937879712987546,00,00,1,0,True,known_visit_horizon,10,4,8,known_visit_horizon,commitment_horizon,8,h8
62,known_visit,DMCHBA,bernoulli,0.25,19,361,4,10,dmchba_h8_bernoulli_025,scenarios/known_visit_10target_300.csv,4,4,13,11.631663265627026,11.631663265627026,02,02,1,0,True,known_visit_horizon,10,4,8,known_visit_horizon,commitment_horizon,8,h8
62,known_visit,DMCHBA,bernoulli,0.25,19,361,4,10,dmchba_h8_bernoulli_025,scenarios/known_visit_10target_300.csv,5,18,6,39.66181489126152,39.66181489126152,01,01,1,0,True,known_visit_horizon,10,4,8,known_visit_horizon,commitment_horizon,8,h8
62,known_visit,DMCHBA,bernoulli,0.25,19,361,4,10,dmchba_h8_bernoulli_025,scenarios/known_visit_10target_300.csv,6,14,0,30.71950062559774,30.71950062559774,00,00,1,0,True,known_visit_horizon,10,4,8,known_visit_horizon,commitment_horizon,8,h8
62,known_visit,DMCHBA,bernoulli,0.25,19,361,4,10,dmchba_h8_bernoulli_025,scenarios/known_visit_10target_300.csv,7,3,14,7.559837633087731,7.559837633087731,02,02,1,0,True,known_visit_horizon,10,4,8,known_visit_horizon,commitment_horizon,8,h8
62,known_visit,DMCHBA,bernoulli,0.25,19,361,4,10,dmchba_h8_bernoulli_025,scenarios/known_visit_10target_300.csv,8,3,18,3.7176536996047846,3.7176536996047846,03,03,1,0,True,known_visit_horizon,10,4,8,known_visit_horizon,commitment_horizon,8,h8
62,known_visit,DMCHBA,bernoulli,0.25,19,361,4,10,dmchba_h8_bernoulli_025,scenarios/known_visit_10target_300.csv,9,9,15,19.344795613650692,19.344795613650692,03,03,1,0,True,known_visit_horizon,10,4,8,known_visit_horizon,commitment_horizon,8,h8
62,known_visit,DMCHBA,bernoulli,0.25,19,361,4,10,dmchba_h8_bernoulli_025,scenarios/known_visit_10target_300.csv,10,10,15,21.355671862558424,21.355671862558424,03,03,1,0,True,known_visit_horizon,10,4,8,known_visit_horizon,commitment_horizon,8,h8
63,known_visit,DMCHBA,bernoulli,0.25,19,361,4,10,dmchba_h8_bernoulli_025,scenarios/known_visit_10target_300.csv,1,16,5,38.84692278819477,38.84692278819477,00,00,1,0,True,known_visit_horizon,10,4,8,known_visit_horizon,commitment_horizon,8,h8
63,known_visit,DMCHBA,bernoulli,0.25,19,361,4,10,dmchba_h8_bernoulli_025,scenarios/known_visit_10target_300.csv,2,5,6,6.666872376857045,6.666872376857045,01,01,1,0,True,known_visit_horizon,10,4,8,known_visit_horizon,commitment_horizon,8,h8
63,known_visit,DMCHBA,bernoulli,0.25,19,361,4,10,dmchba_h8_bernoulli_025,scenarios/known_visit_10target_300.csv,3,10,2,23.1165024497608,23.1165024497608,00,00,1,0,True,known_visit_horizon,10,4,8,known_visit_horizon,commitment_horizon,8,h8
63,known_visit,DMCHBA,bernoulli,0.25,19,361,4,10,dmchba_h8_bernoulli_025,scenarios/known_visit_10target_300.csv,4,1,17,2.1135526745300597,2.1135526745300597,03,03,1,0,True,known_visit_horizon,10,4,8,known_visit_horizon,commitment_horizon,8,h8
63,known_visit,DMCHBA,bernoulli,0.25,19,361,4,10,dmchba_h8_bernoulli_025,scenarios/known_visit_10target_300.csv,5,13,13,22.58489887004447,22.58489887004447,02,02,1,0,True,known_visit_horizon,10,4,8,known_visit_horizon,commitment_horizon,8,h8
63,known_visit,DMCHBA,bernoulli,0.25,19,361,4,10,dmchba_h8_bernoulli_025,scenarios/known_visit_10target_300.csv,6,5,14,14.372885626915892,14.372885626915892,03,03,2,1,True,known_visit_horizon,10,4,8,known_visit_horizon,commitment_horizon,8,h8
63,known_visit,DMCHBA,bernoulli,0.25,19,361,4,10,dmchba_h8_bernoulli_025,scenarios/known_visit_10target_300.csv,7,8,11,20.92030486340071,20.92030486340071,01,01,1,0,True,known_visit_horizon,10,4,8,known_visit_horizon,commitment_horizon,8,h8
63,known_visit,DMCHBA,bernoulli,0.25,19,361,4,10,dmchba_h8_bernoulli_025,scenarios/known_visit_10target_300.csv,8,15,13,26.12506038998859,26.12506038998859,02,02,1,0,True,known_visit_horizon,10,4,8,known_visit_horizon,commitment_horizon,8,h8
63,known_visit,DMCHBA,bernoulli,0.25,19,361,4,10,dmchba_h8_bernoulli_025,scenarios/known_visit_10target_300.csv,9,6,8,12.155709916866774,12.155709916866774,01,01,1,0,True,known_visit_horizon,10,4,8,known_visit_horizon,commitment_horizon,8,h8
63,known_visit,DMCHBA,bernoulli,0.25,19,361,4,10,dmchba_h8_bernoulli_025,scenarios/known_visit_10target_300.csv,10,2,3,7.328181229046912,7.328181229046912,00,00,1,0,True,known_visit_horizon,10,4,8,known_visit_horizon,commitment_horizon,8,h8
64,known_visit,DMCHBA,bernoulli,0.25,19,361,4,10,dmchba_h8_bernoulli_025,scenarios/known_visit_10target_300.csv,1,18,3,36.16788519546683,36.16788519546683,01,01,1,0,True,known_visit_horizon,10,4,8,known_visit_horizon,commitment_horizon,8,h8
64,known_visit,DMCHBA,bernoulli,0.25,19,361,4,10,dmchba_h8_bernoulli_025,scenarios/known_visit_10target_300.csv,2,11,11,19.45850002077259,19.45850002077259,02,02,1,0,True,known_visit_horizon,10,4,8,known_visit_horizon,commitment_horizon,8,h8
64,known_visit,DMCHBA,bernoulli,0.25,19,361,4,10,dmchba_h8_bernoulli_025,scenarios/known_visit_10target_300.csv,3,7,15,15.679647219644394,15.679647219644394,03,03,1,0,True,known_visit_horizon,10,4,8,known_visit_horizon,commitment_horizon,8,h8
64,known_visit,DMCHBA,bernoulli,0.25,19,361,4,10,dmchba_h8_bernoulli_025,scenarios/known_visit_10target_300.csv,4,9,11,15.935416186064174,15.935416186064174,02,02,1,0,True,known_visit_horizon,10,4,8,known_visit_horizon,commitment_horizon,8,h8
64,known_visit,DMCHBA,bernoulli,0.25,19,361,4,10,dmchba_h8_bernoulli_025,scenarios/known_visit_10target_300.csv,5,6,2,17.009969699339702,17.009969699339702,00,00,1,0,True,known_visit_horizon,10,4,8,known_visit_horizon,commitment_horizon,8,h8
64,known_visit,DMCHBA,bernoulli,0.25,19,361,4,10,dmchba_h8_bernoulli_025,scenarios/known_visit_10target_300.csv,6,16,2,38.22359655139992,38.22359655139992,00,00,1,0,True,known_visit_horizon,10,4,8,known_visit_horizon,commitment_horizon,8,h8
64,known_visit,DMCHBA,bernoulli,0.25,19,361,4,10,dmchba_h8_bernoulli_025,scenarios/known_visit_10target_300.csv,7,5,11,8.890813841163423,8.890813841163423,02,02,2,1,True,known_visit_horizon,10,4,8,known_visit_horizon,commitment_horizon,8,h8
64,known_visit,DMCHBA,bernoulli,0.25,19,361,4,10,dmchba_h8_bernoulli_025,scenarios/known_visit_10target_300.csv,8,14,1,32.429418115722655,32.429418115722655,00,00,1,0,True,known_visit_horizon,10,4,8,known_visit_horizon,commitment_horizon,8,h8
64,known_visit,DMCHBA,bernoulli,0.25,19,361,4,10,dmchba_h8_bernoulli_025,scenarios/known_visit_10target_300.csv,9,13,2,28.858287842182175,28.858287842182175,00,00,1,0,True,known_visit_horizon,10,4,8,known_visit_horizon,commitment_horizon,8,h8
64,known_visit,DMCHBA,bernoulli,0.25,19,361,4,10,dmchba_h8_bernoulli_025,scenarios/known_visit_10target_300.csv,10,4,4,9.163034644902984,9.163034644902984,01,01,1,0,True,known_visit_horizon,10,4,8,known_visit_horizon,commitment_horizon,8,h8
65,known_visit,DMCHBA,bernoulli,0.25,19,361,4,10,dmchba_h8_bernoulli_025,scenarios/known_visit_10target_300.csv,1,16,0,33.2482694196639,33.2482694196639,00,00,1,0,True,known_visit_horizon,10,4,8,known_visit_horizon,commitment_horizon,8,h8
65,known_visit,DMCHBA,bernoulli,0.25,19,361,4,10,dmchba_h8_bernoulli_025,scenarios/known_visit_10target_300.csv,2,3,12,3.6363831174721004,3.6363831174721004,02,02,1,0,True,known_visit_horizon,10,4,8,known_visit_horizon,commitment_horizon,8,h8
65,known_visit,DMCHBA,bernoulli,0.25,19,361,4,10,dmchba_h8_bernoulli_025,scenarios/known_visit_10target_300.csv,3,13,11,26.597085806673167,26.597085806673167,02,02,1,0,True,known_visit_horizon,10,4,8,known_visit_horizon,commitment_horizon,8,h8
65,known_visit,DMCHBA,bernoulli,0.25,19,361,4,10,dmchba_h8_bernoulli_025,scenarios/known_visit_10target_300.csv,4,13,18,20.519688377349972,20.519688377349972,03,03,2,1,True,known_visit_horizon,10,4,8,known_visit_horizon,commitment_horizon,8,h8
65,known_visit,DMCHBA,bernoulli,0.25,19,361,4,10,dmchba_h8_bernoulli_025,scenarios/known_visit_10target_300.csv,5,6,11,42.318810333891854,42.318810333891854,01,01,1,0,True,known_visit_horizon,10,4,8,known_visit_horizon,commitment_horizon,8,h8
65,known_visit,DMCHBA,bernoulli,0.25,19,361,4,10,dmchba_h8_bernoulli_025,scenarios/known_visit_10target_300.csv,6,10,13,17.57555962508939,17.57555962508939,02,02,2,1,True,known_visit_horizon,10,4,8,known_visit_horizon,commitment_horizon,8,h8
65,known_visit,DMCHBA,bernoulli,0.25,19,361,4,10,dmchba_h8_bernoulli_025,scenarios/known_visit_10target_300.csv,7,16,8,50.945860491216536,50.945860491216536,00,00,1,0,True,known_visit_horizon,10,4,8,known_visit_horizon,commitment_horizon,8,h8
65,known_visit,DMCHBA,bernoulli,0.25,19,361,4,10,dmchba_h8_bernoulli_025,scenarios/known_visit_10target_300.csv,8,17,6,45.729183349723506,45.729183349723506,00,00,1,0,True,known_visit_horizon,10,4,8,known_visit_horizon,commitment_horizon,8,h8
65,known_visit,DMCHBA,bernoulli,0.25,19,361,4,10,dmchba_h8_bernoulli_025,scenarios/known_visit_10target_300.csv,9,3,2,7.121161147292372,7.121161147292372,00,00,1,0,True,known_visit_horizon,10,4,8,known_visit_horizon,commitment_horizon,8,h8
65,known_visit,DMCHBA,bernoulli,0.25,19,361,4,10,dmchba_h8_bernoulli_025,scenarios/known_visit_10target_300.csv,10,11,9,22.54879443781704,22.54879443781704,01,01,1,0,True,known_visit_horizon,10,4,8,known_visit_horizon,commitment_horizon,8,h8
66,known_visit,DMCHBA,bernoulli,0.25,19,361,4,10,dmchba_h8_bernoulli_025,scenarios/known_visit_10target_300.csv,1,18,1,39.36575368046146,39.36575368046146,00,00,1,0,True,known_visit_horizon,10,4,8,known_visit_horizon,commitment_horizon,8,h8
66,known_visit,DMCHBA,bernoulli,0.25,19,361,4,10,dmchba_h8_bernoulli_025,scenarios/known_visit_10target_300.csv,2,6,3,13.958224653617412,13.958224653617412,01,01,1,0,True,known_visit_horizon,10,4,8,known_visit_horizon,commitment_horizon,8,h8
66,known_visit,DMCHBA,bernoulli,0.25,19,361,4,10,dmchba_h8_bernoulli_025,scenarios/known_visit_10target_300.csv,3,14,9,27.820271744366273,27.820271744366273,02,02,1,0,True,known_visit_horizon,10,4,8,known_visit_horizon,commitment_horizon,8,h8
66,known_visit,DMCHBA,bernoulli,0.25,19,361,4,10,dmchba_h8_bernoulli_025,scenarios/known_visit_10target_300.csv,4,16,18,25.866300734046455,25.866300734046455,03,03,1,0,True,known_visit_horizon,10,4,8,known_visit_horizon,commitment_horizon,8,h8
66,known_visit,DMCHBA,bernoulli,0.25,19,361,4,10,dmchba_h8_bernoulli_025,scenarios/known_visit_10target_300.csv,5,16,0,33.510470356734665,33.510470356734665,00,00,1,0,True,known_visit_horizon,10,4,8,known_visit_horizon,commitment_horizon,8,h8
66,known_visit,DMCHBA,bernoulli,0.25,19,361,4,10,dmchba_h8_bernoulli_025,scenarios/known_visit_10target_300.csv,6,7,9,15.71285161143067,15.71285161143067,02,02,1,0,True,known_visit_horizon,10,4,8,known_visit_horizon,commitment_horizon,8,h8
66,known_visit,DMCHBA,bernoulli,0.25,19,361,4,10,dmchba_h8_bernoulli_025,scenarios/known_visit_10target_300.csv,7,9,9,19.37197018536436,19.37197018536436,02,02,1,0,True,known_visit_horizon,10,4,8,known_visit_horizon,commitment_horizon,8,h8
66,known_visit,DMCHBA,bernoulli,0.25,19,361,4,10,dmchba_h8_bernoulli_025,scenarios/known_visit_10target_300.csv,8,16,4,33.211636325450414,33.211636325450414,01,01,1,0,True,known_visit_horizon,10,4,8,known_visit_horizon,commitment_horizon,8,h8
66,known_visit,DMCHBA,bernoulli,0.25,19,361,4,10,dmchba_h8_bernoulli_025,scenarios/known_visit_10target_300.csv,9,6,0,8.735412973603017,8.735412973603017,00,00,1,0,True,known_visit_horizon,10,4,8,known_visit_horizon,commitment_horizon,8,h8
66,known_visit,DMCHBA,bernoulli,0.25,19,361,4,10,dmchba_h8_bernoulli_025,scenarios/known_visit_10target_300.csv,10,6,6,8.428609604070923,8.428609604070923,01,01,1,0,True,known_visit_horizon,10,4,8,known_visit_horizon,commitment_horizon,8,h8
67,known_visit,DMCHBA,bernoulli,0.25,19,361,4,10,dmchba_h8_bernoulli_025,scenarios/known_visit_10target_300.csv,1,18,9,34.60097556390038,34.60097556390038,02,02,1,0,True,known_visit_horizon,10,4,8,known_visit_horizon,commitment_horizon,8,h8
67,known_visit,DMCHBA,bernoulli,0.25,19,361,4,10,dmchba_h8_bernoulli_025,scenarios/known_visit_10target_300.csv,2,18,1,42.163523356316944,42.163523356316944,01,01,1,0,True,known_visit_horizon,10,4,8,known_visit_horizon,commitment_horizon,8,h8
67,known_visit,DMCHBA,bernoulli,0.25,19,361,4,10,dmchba_h8_bernoulli_025,scenarios/known_visit_10target_300.csv,3,4,16,9.184578204435358,9.184578204435358,03,03,1,0,True,known_visit_horizon,10,4,8,known_visit_horizon,commitment_horizon,8,h8
67,known_visit,DMCHBA,bernoulli,0.25,19,361,4,10,dmchba_h8_bernoulli_025,scenarios/known_visit_10target_300.csv,4,17,3,40.128432610658535,40.128432610658535,00,00,1,0,True,known_visit_horizon,10,4,8,known_visit_horizon,commitment_horizon,8,h8
67,known_visit,DMCHBA,bernoulli,0.25,19,361,4,10,dmchba_h8_bernoulli_025,scenarios/known_visit_10target_300.csv,5,12,5,27.878545796147257,27.878545796147257,00,00,1,0,True,known_visit_horizon,10,4,8,known_visit_horizon,commitment_horizon,8,h8
67,known_visit,DMCHBA,bernoulli,0.25,19,361,4,10,dmchba_h8_bernoulli_025,scenarios/known_visit_10target_300.csv,6,2,0,1.9784036210473457,1.9784036210473457,00,00,2,1,True,known_visit_horizon,10,4,8,known_visit_horizon,commitment_horizon,8,h8
67,known_visit,DMCHBA,bernoulli,0.25,19,361,4,10,dmchba_h8_bernoulli_025,scenarios/known_visit_10target_300.csv,7,10,5,24.403548840057198,24.403548840057198,00,00,1,0,True,known_visit_horizon,10,4,8,known_visit_horizon,commitment_horizon,8,h8
67,known_visit,DMCHBA,bernoulli,0.25,19,361,4,10,dmchba_h8_bernoulli_025,scenarios/known_visit_10target_300.csv,8,17,17,37.228165152308065,37.228165152308065,03,03,1,0,True,known_visit_horizon,10,4,8,known_visit_horizon,commitment_horizon,8,h8
67,known_visit,DMCHBA,bernoulli,0.25,19,361,4,10,dmchba_h8_bernoulli_025,scenarios/known_visit_10target_300.csv,9,6,18,16.561792271723707,16.561792271723707,03,03,1,0,True,known_visit_horizon,10,4,8,known_visit_horizon,commitment_horizon,8,h8
67,known_visit,DMCHBA,bernoulli,0.25,19,361,4,10,dmchba_h8_bernoulli_025,scenarios/known_visit_10target_300.csv,10,7,3,15.812572157689782,15.812572157689782,00,00,1,0,True,known_visit_horizon,10,4,8,known_visit_horizon,commitment_horizon,8,h8
68,known_visit,DMCHBA,bernoulli,0.25,19,361,4,10,dmchba_h8_bernoulli_025,scenarios/known_visit_10target_300.csv,1,4,0,5.05497555913302,5.05497555913302,00,00,1,0,True,known_visit_horizon,10,4,8,known_visit_horizon,commitment_horizon,8,h8
68,known_visit,DMCHBA,bernoulli,0.25,19,361,4,10,dmchba_h8_bernoulli_025,scenarios/known_visit_10target_300.csv,2,0,8,2.1365189256386565,2.1365189256386565,01,01,1,0,True,known_visit_horizon,10,4,8,known_visit_horizon,commitment_horizon,8,h8
68,known_visit,DMCHBA,bernoulli,0.25,19,361,4,10,dmchba_h8_bernoulli_025,scenarios/known_visit_10target_300.csv,3,0,10,2.3347491420945166,2.3347491420945166,02,02,1,0,True,known_visit_horizon,10,4,8,known_visit_horizon,commitment_horizon,8,h8
68,known_visit,DMCHBA,bernoulli,0.25,19,361,4,10,dmchba_h8_bernoulli_025,scenarios/known_visit_10target_300.csv,4,15,18,31.23096119424846,31.23096119424846,03,03,1,0,True,known_visit_horizon,10,4,8,known_visit_horizon,commitment_horizon,8,h8
68,known_visit,DMCHBA,bernoulli,0.25,19,361,4,10,dmchba_h8_bernoulli_025,scenarios/known_visit_10target_300.csv,5,13,0,20.634341367544916,20.634341367544916,00,00,1,0,True,known_visit_horizon,10,4,8,known_visit_horizon,commitment_horizon,8,h8
68,known_visit,DMCHBA,bernoulli,0.25,19,361,4,10,dmchba_h8_bernoulli_025,scenarios/known_visit_10target_300.csv,6,8,16,15.960063511597268,15.960063511597268,03,03,1,0,True,known_visit_horizon,10,4,8,known_visit_horizon,commitment_horizon,8,h8
68,known_visit,DMCHBA,bernoulli,0.25,19,361,4,10,dmchba_h8_bernoulli_025,scenarios/known_visit_10target_300.csv,7,7,6,22.36807179357999,22.36807179357999,01,01,1,0,True,known_visit_horizon,10,4,8,known_visit_horizon,commitment_horizon,8,h8
68,known_visit,DMCHBA,bernoulli,0.25,19,361,4,10,dmchba_h8_bernoulli_025,scenarios/known_visit_10target_300.csv,8,16,3,30.781350197128624,30.781350197128624,00,00,1,0,True,known_visit_horizon,10,4,8,known_visit_horizon,commitment_horizon,8,h8
68,known_visit,DMCHBA,bernoulli,0.25,19,361,4,10,dmchba_h8_bernoulli_025,scenarios/known_visit_10target_300.csv,9,1,5,9.712340900721186,9.712340900721186,01,01,1,0,True,known_visit_horizon,10,4,8,known_visit_horizon,commitment_horizon,8,h8
68,known_visit,DMCHBA,bernoulli,0.25,19,361,4,10,dmchba_h8_bernoulli_025,scenarios/known_visit_10target_300.csv,10,7,12,18.272081103026654,18.272081103026654,02,02,1,0,True,known_visit_horizon,10,4,8,known_visit_horizon,commitment_horizon,8,h8
69,known_visit,DMCHBA,bernoulli,0.25,19,361,4,10,dmchba_h8_bernoulli_025,scenarios/known_visit_10target_300.csv,1,1,3,5.739728449196528,5.739728449196528,00,00,1,0,True,known_visit_horizon,10,4,8,known_visit_horizon,commitment_horizon,8,h8
69,known_visit,DMCHBA,bernoulli,0.25,19,361,4,10,dmchba_h8_bernoulli_025,scenarios/known_visit_10target_300.csv,2,0,13,7.303170667052448,7.303170667052448,03,03,1,0,True,known_visit_horizon,10,4,8,known_visit_horizon,commitment_horizon,8,h8
69,known_visit,DMCHBA,bernoulli,0.25,19,361,4,10,dmchba_h8_bernoulli_025,scenarios/known_visit_10target_300.csv,3,7,9,16.343450622708332,16.343450622708332,02,02,1,0,True,known_visit_horizon,10,4,8,known_visit_horizon,commitment_horizon,8,h8
69,known_visit,DMCHBA,bernoulli,0.25,19,361,4,10,dmchba_h8_bernoulli_025,scenarios/known_visit_10target_300.csv,4,1,7,2.2148000090334805,2.2148000090334805,01,01,1,0,True,known_visit_horizon,10,4,8,known_visit_horizon,commitment_horizon,8,h8
69,known_visit,DMCHBA,bernoulli,0.25,19,361,4,10,dmchba_h8_bernoulli_025,scenarios/known_visit_10target_300.csv,5,10,3,21.59439025761794,21.59439025761794,00,00,1,0,True,known_visit_horizon,10,4,8,known_visit_horizon,commitment_horizon,8,h8
69,known_visit,DMCHBA,bernoulli,0.25,19,361,4,10,dmchba_h8_bernoulli_025,scenarios/known_visit_10target_300.csv,6,15,0,35.4354887872446,35.4354887872446,00,00,1,0,True,known_visit_horizon,10,4,8,known_visit_horizon,commitment_horizon,8,h8
69,known_visit,DMCHBA,bernoulli,0.25,19,361,4,10,dmchba_h8_bernoulli_025,scenarios/known_visit_10target_300.csv,7,12,5,24.761735069203116,24.761735069203116,01,01,1,0,True,known_visit_horizon,10,4,8,known_visit_horizon,commitment_horizon,8,h8
69,known_visit,DMCHBA,bernoulli,0.25,19,361,4,10,dmchba_h8_bernoulli_025,scenarios/known_visit_10target_300.csv,8,16,9,31.897667454144617,31.897667454144617,02,02,1,0,True,known_visit_horizon,10,4,8,known_visit_horizon,commitment_horizon,8,h8
69,known_visit,DMCHBA,bernoulli,0.25,19,361,4,10,dmchba_h8_bernoulli_025,scenarios/known_visit_10target_300.csv,9,2,9,7.503512202954058,7.503512202954058,02,02,1,0,True,known_visit_horizon,10,4,8,known_visit_horizon,commitment_horizon,8,h8
69,known_visit,DMCHBA,bernoulli,0.25,19,361,4,10,dmchba_h8_bernoulli_025,scenarios/known_visit_10target_300.csv,10,17,12,38.691943187930484,38.691943187930484,03,03,1,0,True,known_visit_horizon,10,4,8,known_visit_horizon,commitment_horizon,8,h8
70,known_visit,DMCHBA,bernoulli,0.25,19,361,4,10,dmchba_h8_bernoulli_025,scenarios/known_visit_10target_300.csv,1,18,7,39.543883163969674,39.543883163969674,01,01,1,0,True,known_visit_horizon,10,4,8,known_visit_horizon,commitment_horizon,8,h8
70,known_visit,DMCHBA,bernoulli,0.25,19,361,4,10,dmchba_h8_bernoulli_025,scenarios/known_visit_10target_300.csv,2,1,8,7.969163303154943,7.969163303154943,01,01,1,0,True,known_visit_horizon,10,4,8,known_visit_horizon,commitment_horizon,8,h8
70,known_visit,DMCHBA,bernoulli,0.25,19,361,4,10,dmchba_h8_bernoulli_025,scenarios/known_visit_10target_300.csv,3,1,15,5.371759278284967,5.371759278284967,03,03,1,0,True,known_visit_horizon,10,4,8,known_visit_horizon,commitment_horizon,8,h8
70,known_visit,DMCHBA,bernoulli,0.25,19,361,4,10,dmchba_h8_bernoulli_025,scenarios/known_visit_10target_300.csv,4,5,17,16.556821099748863,16.556821099748863,03,03,1,0,True,known_visit_horizon,10,4,8,known_visit_horizon,commitment_horizon,8,h8
70,known_visit,DMCHBA,bernoulli,0.25,19,361,4,10,dmchba_h8_bernoulli_025,scenarios/known_visit_10target_300.csv,5,17,8,35.750197752426935,35.750197752426935,01,01,1,0,True,known_visit_horizon,10,4,8,known_visit_horizon,commitment_horizon,8,h8
70,known_visit,DMCHBA,bernoulli,0.25,19,361,4,10,dmchba_h8_bernoulli_025,scenarios/known_visit_10target_300.csv,6,0,5,0.4721204015639413,0.4721204015639413,01,01,1,0,True,known_visit_horizon,10,4,8,known_visit_horizon,commitment_horizon,8,h8
70,known_visit,DMCHBA,bernoulli,0.25,19,361,4,10,dmchba_h8_bernoulli_025,scenarios/known_visit_10target_300.csv,7,2,16,9.284451402709012,9.284451402709012,03,03,1,0,True,known_visit_horizon,10,4,8,known_visit_horizon,commitment_horizon,8,h8
70,known_visit,DMCHBA,bernoulli,0.25,19,361,4,10,dmchba_h8_bernoulli_025,scenarios/known_visit_10target_300.csv,8,4,2,9.101978922855391,9.101978922855391,00,00,1,0,True,known_visit_horizon,10,4,8,known_visit_horizon,commitment_horizon,8,h8
70,known_visit,DMCHBA,bernoulli,0.25,19,361,4,10,dmchba_h8_bernoulli_025,scenarios/known_visit_10target_300.csv,9,15,2,28.01180828301949,28.01180828301949,00,00,1,0,True,known_visit_horizon,10,4,8,known_visit_horizon,commitment_horizon,8,h8
70,known_visit,DMCHBA,bernoulli,0.25,19,361,4,10,dmchba_h8_bernoulli_025,scenarios/known_visit_10target_300.csv,10,10,14,19.618451358271358,19.618451358271358,02,02,1,0,True,known_visit_horizon,10,4,8,known_visit_horizon,commitment_horizon,8,h8
71,known_visit,DMCHBA,bernoulli,0.25,19,361,4,10,dmchba_h8_bernoulli_025,scenarios/known_visit_10target_300.csv,1,15,15,29.242511515645283,29.242511515645283,03,03,1,0,True,known_visit_horizon,10,4,8,known_visit_horizon,commitment_horizon,8,h8
71,known_visit,DMCHBA,bernoulli,0.25,19,361,4,10,dmchba_h8_bernoulli_025,scenarios/known_visit_10target_300.csv,2,7,8,20.902727462901957,20.902727462901957,02,02,1,0,True,known_visit_horizon,10,4,8,known_visit_horizon,commitment_horizon,8,h8
71,known_visit,DMCHBA,bernoulli,0.25,19,361,4,10,dmchba_h8_bernoulli_025,scenarios/known_visit_10target_300.csv,3,5,4,14.422372178246873,14.422372178246873,00,00,2,1,True,known_visit_horizon,10,4,8,known_visit_horizon,commitment_horizon,8,h8
71,known_visit,DMCHBA,bernoulli,0.25,19,361,4,10,dmchba_h8_bernoulli_025,scenarios/known_visit_10target_300.csv,4,4,10,8.613415497341016,8.613415497341016,02,02,1,0,True,known_visit_horizon,10,4,8,known_visit_horizon,commitment_horizon,8,h8
71,known_visit,DMCHBA,bernoulli,0.25,19,361,4,10,dmchba_h8_bernoulli_025,scenarios/known_visit_10target_300.csv,5,0,4,2.155011350855778,2.155011350855778,01,01,1,0,True,known_visit_horizon,10,4,8,known_visit_horizon,commitment_horizon,8,h8
71,known_visit,DMCHBA,bernoulli,0.25,19,361,4,10,dmchba_h8_bernoulli_025,scenarios/known_visit_10target_300.csv,6,8,3,21.98114372896828,21.98114372896828,00,00,1,0,True,known_visit_horizon,10,4,8,known_visit_horizon,commitment_horizon,8,h8
71,known_visit,DMCHBA,bernoulli,0.25,19,361,4,10,dmchba_h8_bernoulli_025,scenarios/known_visit_10target_300.csv,7,2,6,9.391560954616152,9.391560954616152,01,01,1,0,True,known_visit_horizon,10,4,8,known_visit_horizon,commitment_horizon,8,h8
71,known_visit,DMCHBA,bernoulli,0.25,19,361,4,10,dmchba_h8_bernoulli_025,scenarios/known_visit_10target_300.csv,8,11,8,27.818065946177285,27.818065946177285,02,02,1,0,True,known_visit_horizon,10,4,8,known_visit_horizon,commitment_horizon,8,h8
71,known_visit,DMCHBA,bernoulli,0.25,19,361,4,10,dmchba_h8_bernoulli_025,scenarios/known_visit_10target_300.csv,9,16,13,34.72781141357967,34.72781141357967,03,03,1,0,True,known_visit_horizon,10,4,8,known_visit_horizon,commitment_horizon,8,h8
71,known_visit,DMCHBA,bernoulli,0.25,19,361,4,10,dmchba_h8_bernoulli_025,scenarios/known_visit_10target_300.csv,10,12,6,33.217717556210395,33.217717556210395,02,02,1,0,True,known_visit_horizon,10,4,8,known_visit_horizon,commitment_horizon,8,h8
72,known_visit,DMCHBA,bernoulli,0.25,19,361,4,10,dmchba_h8_bernoulli_025,scenarios/known_visit_10target_300.csv,1,9,6,28.62651650271441,28.62651650271441,02,02,2,1,True,known_visit_horizon,10,4,8,known_visit_horizon,commitment_horizon,8,h8
72,known_visit,DMCHBA,bernoulli,0.25,19,361,4,10,dmchba_h8_bernoulli_025,scenarios/known_visit_10target_300.csv,2,0,5,0.4406429961554814,0.4406429961554814,01,01,2,1,True,known_visit_horizon,10,4,8,known_visit_horizon,commitment_horizon,8,h8
72,known_visit,DMCHBA,bernoulli,0.25,19,361,4,10,dmchba_h8_bernoulli_025,scenarios/known_visit_10target_300.csv,3,18,7,46.26687697962924,46.26687697962924,02,02,1,0,True,known_visit_horizon,10,4,8,known_visit_horizon,commitment_horizon,8,h8
72,known_visit,DMCHBA,bernoulli,0.25,19,361,4,10,dmchba_h8_bernoulli_025,scenarios/known_visit_10target_300.csv,4,2,10,5.439859448332436,5.439859448332436,02,02,2,1,True,known_visit_horizon,10,4,8,known_visit_horizon,commitment_horizon,8,h8
72,known_visit,DMCHBA,bernoulli,0.25,19,361,4,10,dmchba_h8_bernoulli_025,scenarios/known_visit_10target_300.csv,5,7,11,16.56473395269327,16.56473395269327,02,02,1,0,True,known_visit_horizon,10,4,8,known_visit_horizon,commitment_horizon,8,h8
72,known_visit,DMCHBA,bernoulli,0.25,19,361,4,10,dmchba_h8_bernoulli_025,scenarios/known_visit_10target_300.csv,6,1,18,0.13530111953463891,0.13530111953463891,03,03,1,0,True,known_visit_horizon,10,4,8,known_visit_horizon,commitment_horizon,8,h8
72,known_visit,DMCHBA,bernoulli,0.25,19,361,4,10,dmchba_h8_bernoulli_025,scenarios/known_visit_10target_300.csv,7,5,1,8.905315950685106,8.905315950685106,00,00,2,1,True,known_visit_horizon,10,4,8,known_visit_horizon,commitment_horizon,8,h8
72,known_visit,DMCHBA,bernoulli,0.25,19,361,4,10,dmchba_h8_bernoulli_025,scenarios/known_visit_10target_300.csv,8,11,3,31.429632575059163,31.429632575059163,00,00,1,0,True,known_visit_horizon,10,4,8,known_visit_horizon,commitment_horizon,8,h8
72,known_visit,DMCHBA,bernoulli,0.25,19,361,4,10,dmchba_h8_bernoulli_025,scenarios/known_visit_10target_300.csv,9,6,16,12.524346257406908,12.524346257406908,03,03,1,0,True,known_visit_horizon,10,4,8,known_visit_horizon,commitment_horizon,8,h8
72,known_visit,DMCHBA,bernoulli,0.25,19,361,4,10,dmchba_h8_bernoulli_025,scenarios/known_visit_10target_300.csv,10,11,0,21.819829879416492,21.819829879416492,00,00,1,0,True,known_visit_horizon,10,4,8,known_visit_horizon,commitment_horizon,8,h8
73,known_visit,DMCHBA,bernoulli,0.25,19,361,4,10,dmchba_h8_bernoulli_025,scenarios/known_visit_10target_300.csv,1,13,10,26.21977660807408,26.21977660807408,02,02,1,0,True,known_visit_horizon,10,4,8,known_visit_horizon,commitment_horizon,8,h8
73,known_visit,DMCHBA,bernoulli,0.25,19,361,4,10,dmchba_h8_bernoulli_025,scenarios/known_visit_10target_300.csv,2,2,2,5.87629800548363,5.87629800548363,00,00,1,0,True,known_visit_horizon,10,4,8,known_visit_horizon,commitment_horizon,8,h8
73,known_visit,DMCHBA,bernoulli,0.25,19,361,4,10,dmchba_h8_bernoulli_025,scenarios/known_visit_10target_300.csv,3,0,2,2.183927700081727,2.183927700081727,00,00,1,0,True,known_visit_horizon,10,4,8,known_visit_horizon,commitment_horizon,8,h8
73,known_visit,DMCHBA,bernoulli,0.25,19,361,4,10,dmchba_h8_bernoulli_025,scenarios/known_visit_10target_300.csv,4,11,3,23.16926492517242,23.16926492517242,00,00,2,1,True,known_visit_horizon,10,4,8,known_visit_horizon,commitment_horizon,8,h8
73,known_visit,DMCHBA,bernoulli,0.25,19,361,4,10,dmchba_h8_bernoulli_025,scenarios/known_visit_10target_300.csv,5,8,11,24.554508866110933,24.554508866110933,03,03,1,0,True,known_visit_horizon,10,4,8,known_visit_horizon,commitment_horizon,8,h8
73,known_visit,DMCHBA,bernoulli,0.25,19,361,4,10,dmchba_h8_bernoulli_025,scenarios/known_visit_10target_300.csv,6,3,8,7.246222609774412,7.246222609774412,01,01,1,0,True,known_visit_horizon,10,4,8,known_visit_horizon,commitment_horizon,8,h8
73,known_visit,DMCHBA,bernoulli,0.25,19,361,4,10,dmchba_h8_bernoulli_025,scenarios/known_visit_10target_300.csv,7,18,14,41.715084237439086,41.715084237439086,02,02,1,0,True,known_visit_horizon,10,4,8,known_visit_horizon,commitment_horizon,8,h8
73,known_visit,DMCHBA,bernoulli,0.25,19,361,4,10,dmchba_h8_bernoulli_025,scenarios/known_visit_10target_300.csv,8,6,11,21.234440388167496,21.234440388167496,03,03,1,0,True,known_visit_horizon,10,4,8,known_visit_horizon,commitment_horizon,8,h8
73,known_visit,DMCHBA,bernoulli,0.25,19,361,4,10,dmchba_h8_bernoulli_025,scenarios/known_visit_10target_300.csv,9,16,3,31.897303866847494,31.897303866847494,00,00,1,0,True,known_visit_horizon,10,4,8,known_visit_horizon,commitment_horizon,8,h8
73,known_visit,DMCHBA,bernoulli,0.25,19,361,4,10,dmchba_h8_bernoulli_025,scenarios/known_visit_10target_300.csv,10,1,16,4.0109863103816386,4.0109863103816386,03,03,1,0,True,known_visit_horizon,10,4,8,known_visit_horizon,commitment_horizon,8,h8
74,known_visit,DMCHBA,bernoulli,0.25,19,361,4,10,dmchba_h8_bernoulli_025,scenarios/known_visit_10target_300.csv,1,9,11,23.978712715091973,23.978712715091973,02,02,1,0,True,known_visit_horizon,10,4,8,known_visit_horizon,commitment_horizon,8,h8
74,known_visit,DMCHBA,bernoulli,0.25,19,361,4,10,dmchba_h8_bernoulli_025,scenarios/known_visit_10target_300.csv,2,2,8,5.768381864048146,5.768381864048146,01,01,1,0,True,known_visit_horizon,10,4,8,known_visit_horizon,commitment_horizon,8,h8
74,known_visit,DMCHBA,bernoulli,0.25,19,361,4,10,dmchba_h8_bernoulli_025,scenarios/known_visit_10target_300.csv,3,6,17,10.78394206265031,10.78394206265031,03,03,1,0,True,known_visit_horizon,10,4,8,known_visit_horizon,commitment_horizon,8,h8
74,known_visit,DMCHBA,bernoulli,0.25,19,361,4,10,dmchba_h8_bernoulli_025,scenarios/known_visit_10target_300.csv,4,12,9,24.644916746183682,24.644916746183682,01,01,1,0,True,known_visit_horizon,10,4,8,known_visit_horizon,commitment_horizon,8,h8
74,known_visit,DMCHBA,bernoulli,0.25,19,361,4,10,dmchba_h8_bernoulli_025,scenarios/known_visit_10target_300.csv,5,6,2,12.467723735437971,12.467723735437971,00,00,1,0,True,known_visit_horizon,10,4,8,known_visit_horizon,commitment_horizon,8,h8
74,known_visit,DMCHBA,bernoulli,0.25,19,361,4,10,dmchba_h8_bernoulli_025,scenarios/known_visit_10target_300.csv,6,15,6,34.63004927606608,34.63004927606608,00,00,1,0,True,known_visit_horizon,10,4,8,known_visit_horizon,commitment_horizon,8,h8
74,known_visit,DMCHBA,bernoulli,0.25,19,361,4,10,dmchba_h8_bernoulli_025,scenarios/known_visit_10target_300.csv,7,2,12,1.9010583750312442,1.9010583750312442,02,02,1,0,True,known_visit_horizon,10,4,8,known_visit_horizon,commitment_horizon,8,h8
74,known_visit,DMCHBA,bernoulli,0.25,19,361,4,10,dmchba_h8_bernoulli_025,scenarios/known_visit_10target_300.csv,8,3,17,5.483162349600332,5.483162349600332,03,03,1,0,True,known_visit_horizon,10,4,8,known_visit_horizon,commitment_horizon,8,h8
74,known_visit,DMCHBA,bernoulli,0.25,19,361,4,10,dmchba_h8_bernoulli_025,scenarios/known_visit_10target_300.csv,9,1,10,7.800966823384435,7.800966823384435,02,02,1,0,True,known_visit_horizon,10,4,8,known_visit_horizon,commitment_horizon,8,h8
74,known_visit,DMCHBA,bernoulli,0.25,19,361,4,10,dmchba_h8_bernoulli_025,scenarios/known_visit_10target_300.csv,10,7,14,17.860158822116315,17.860158822116315,03,03,1,0,True,known_visit_horizon,10,4,8,known_visit_horizon,commitment_horizon,8,h8
75,known_visit,DMCHBA,bernoulli,0.25,19,361,4,10,dmchba_h8_bernoulli_025,scenarios/known_visit_10target_300.csv,1,11,1,19.075654514917705,19.075654514917705,00,00,1,0,True,known_visit_horizon,10,4,8,known_visit_horizon,commitment_horizon,8,h8
75,known_visit,DMCHBA,bernoulli,0.25,19,361,4,10,dmchba_h8_bernoulli_025,scenarios/known_visit_10target_300.csv,2,4,10,9.226498747034858,9.226498747034858,02,02,1,0,True,known_visit_horizon,10,4,8,known_visit_horizon,commitment_horizon,8,h8
75,known_visit,DMCHBA,bernoulli,0.25,19,361,4,10,dmchba_h8_bernoulli_025,scenarios/known_visit_10target_300.csv,3,2,11,3.9023306479300213,3.9023306479300213,02,02,2,1,True,known_visit_horizon,10,4,8,known_visit_horizon,commitment_horizon,8,h8
75,known_visit,DMCHBA,bernoulli,0.25,19,361,4,10,dmchba_h8_bernoulli_025,scenarios/known_visit_10target_300.csv,4,5,0,6.885048423407503,6.885048423407503,00,00,2,1,True,known_visit_horizon,10,4,8,known_visit_horizon,commitment_horizon,8,h8
75,known_visit,DMCHBA,bernoulli,0.25,19,361,4,10,dmchba_h8_bernoulli_025,scenarios/known_visit_10target_300.csv,5,6,11,14.42520640525759,14.42520640525759,02,02,2,1,True,known_visit_horizon,10,4,8,known_visit_horizon,commitment_horizon,8,h8
75,known_visit,DMCHBA,bernoulli,0.25,19,361,4,10,dmchba_h8_bernoulli_025,scenarios/known_visit_10target_300.csv,6,14,8,40.24405641978708,40.24405641978708,03,03,1,0,True,known_visit_horizon,10,4,8,known_visit_horizon,commitment_horizon,8,h8
75,known_visit,DMCHBA,bernoulli,0.25,19,361,4,10,dmchba_h8_bernoulli_025,scenarios/known_visit_10target_300.csv,7,18,11,35.10352060838231,35.10352060838231,02,02,1,0,True,known_visit_horizon,10,4,8,known_visit_horizon,commitment_horizon,8,h8
75,known_visit,DMCHBA,bernoulli,0.25,19,361,4,10,dmchba_h8_bernoulli_025,scenarios/known_visit_10target_300.csv,8,10,5,27.729323036568687,27.729323036568687,00,00,1,0,True,known_visit_horizon,10,4,8,known_visit_horizon,commitment_horizon,8,h8
75,known_visit,DMCHBA,bernoulli,0.25,19,361,4,10,dmchba_h8_bernoulli_025,scenarios/known_visit_10target_300.csv,9,2,10,5.649526285854716,5.649526285854716,02,02,2,1,True,known_visit_horizon,10,4,8,known_visit_horizon,commitment_horizon,8,h8
75,known_visit,DMCHBA,bernoulli,0.25,19,361,4,10,dmchba_h8_bernoulli_025,scenarios/known_visit_10target_300.csv,10,0,8,2.1290712736554926,2.1290712736554926,01,01,1,0,True,known_visit_horizon,10,4,8,known_visit_horizon,commitment_horizon,8,h8
76,known_visit,DMCHBA,bernoulli,0.25,19,361,4,10,dmchba_h8_bernoulli_025,scenarios/known_visit_10target_300.csv,1,16,12,36.72428328172419,36.72428328172419,02,02,1,0,True,known_visit_horizon,10,4,8,known_visit_horizon,commitment_horizon,8,h8
76,known_visit,DMCHBA,bernoulli,0.25,19,361,4,10,dmchba_h8_bernoulli_025,scenarios/known_visit_10target_300.csv,2,9,2,21.25421452782733,21.25421452782733,01,01,1,0,True,known_visit_horizon,10,4,8,known_visit_horizon,commitment_horizon,8,h8
76,known_visit,DMCHBA,bernoulli,0.25,19,361,4,10,dmchba_h8_bernoulli_025,scenarios/known_visit_10target_300.csv,3,0,5,0.46441107052801267,0.46441107052801267,01,01,1,0,True,known_visit_horizon,10,4,8,known_visit_horizon,commitment_horizon,8,h8
76,known_visit,DMCHBA,bernoulli,0.25,19,361,4,10,dmchba_h8_bernoulli_025,scenarios/known_visit_10target_300.csv,4,18,2,41.79848851469174,41.79848851469174,00,00,1,0,True,known_visit_horizon,10,4,8,known_visit_horizon,commitment_horizon,8,h8
76,known_visit,DMCHBA,bernoulli,0.25,19,361,4,10,dmchba_h8_bernoulli_025,scenarios/known_visit_10target_300.csv,5,10,7,32.109413612015175,32.109413612015175,01,01,1,0,True,known_visit_horizon,10,4,8,known_visit_horizon,commitment_horizon,8,h8
76,known_visit,DMCHBA,bernoulli,0.25,19,361,4,10,dmchba_h8_bernoulli_025,scenarios/known_visit_10target_300.csv,6,1,3,5.540358852345014,5.540358852345014,00,00,1,0,True,known_visit_horizon,10,4,8,known_visit_horizon,commitment_horizon,8,h8
76,known_visit,DMCHBA,bernoulli,0.25,19,361,4,10,dmchba_h8_bernoulli_025,scenarios/known_visit_10target_300.csv,7,3,15,8.861208481657824,8.861208481657824,02,02,1,0,True,known_visit_horizon,10,4,8,known_visit_horizon,commitment_horizon,8,h8
76,known_visit,DMCHBA,bernoulli,0.25,19,361,4,10,dmchba_h8_bernoulli_025,scenarios/known_visit_10target_300.csv,8,9,16,17.720875128255365,17.720875128255365,03,03,1,0,True,known_visit_horizon,10,4,8,known_visit_horizon,commitment_horizon,8,h8
76,known_visit,DMCHBA,bernoulli,0.25,19,361,4,10,dmchba_h8_bernoulli_025,scenarios/known_visit_10target_300.csv,9,14,18,30.174418959126506,30.174418959126506,03,03,1,0,True,known_visit_horizon,10,4,8,known_visit_horizon,commitment_horizon,8,h8
76,known_visit,DMCHBA,bernoulli,0.25,19,361,4,10,dmchba_h8_bernoulli_025,scenarios/known_visit_10target_300.csv,10,3,4,7.441931648404499,7.441931648404499,01,01,1,0,True,known_visit_horizon,10,4,8,known_visit_horizon,commitment_horizon,8,h8
77,known_visit,DMCHBA,bernoulli,0.25,19,361,4,10,dmchba_h8_bernoulli_025,scenarios/known_visit_10target_300.csv,1,3,12,3.592063803876966,3.592063803876966,02,02,2,1,True,known_visit_horizon,10,4,8,known_visit_horizon,commitment_horizon,8,h8
77,known_visit,DMCHBA,bernoulli,0.25,19,361,4,10,dmchba_h8_bernoulli_025,scenarios/known_visit_10target_300.csv,2,16,10,41.500327614420975,41.500327614420975,01,01,1,0,True,known_visit_horizon,10,4,8,known_visit_horizon,commitment_horizon,8,h8
77,known_visit,DMCHBA,bernoulli,0.25,19,361,4,10,dmchba_h8_bernoulli_025,scenarios/known_visit_10target_300.csv,3,0,5,0.4306700695417919,0.4306700695417919,01,01,1,0,True,known_visit_horizon,10,4,8,known_visit_horizon,commitment_horizon,8,h8
77,known_visit,DMCHBA,bernoulli,0.25,19,361,4,10,dmchba_h8_bernoulli_025,scenarios/known_visit_10target_300.csv,4,8,11,21.38422022829777,21.38422022829777,02,02,2,1,True,known_visit_horizon,10,4,8,known_visit_horizon,commitment_horizon,8,h8
77,known_visit,DMCHBA,bernoulli,0.25,19,361,4,10,dmchba_h8_bernoulli_025,scenarios/known_visit_10target_300.csv,5,14,11,36.04959939082713,36.04959939082713,01,01,1,0,True,known_visit_horizon,10,4,8,known_visit_horizon,commitment_horizon,8,h8
77,known_visit,DMCHBA,bernoulli,0.25,19,361,4,10,dmchba_h8_bernoulli_025,scenarios/known_visit_10target_300.csv,6,14,4,29.420516885877024,29.420516885877024,00,00,1,0,True,known_visit_horizon,10,4,8,known_visit_horizon,commitment_horizon,8,h8
77,known_visit,DMCHBA,bernoulli,0.25,19,361,4,10,dmchba_h8_bernoulli_025,scenarios/known_visit_10target_300.csv,7,14,6,33.18258481444926,33.18258481444926,00,00,1,0,True,known_visit_horizon,10,4,8,known_visit_horizon,commitment_horizon,8,h8
77,known_visit,DMCHBA,bernoulli,0.25,19,361,4,10,dmchba_h8_bernoulli_025,scenarios/known_visit_10target_300.csv,8,7,12,17.776260567804716,17.776260567804716,02,02,1,0,True,known_visit_horizon,10,4,8,known_visit_horizon,commitment_horizon,8,h8
77,known_visit,DMCHBA,bernoulli,0.25,19,361,4,10,dmchba_h8_bernoulli_025,scenarios/known_visit_10target_300.csv,9,5,9,16.508064239227238,16.508064239227238,01,01,2,1,True,known_visit_horizon,10,4,8,known_visit_horizon,commitment_horizon,8,h8
77,known_visit,DMCHBA,bernoulli,0.25,19,361,4,10,dmchba_h8_bernoulli_025,scenarios/known_visit_10target_300.csv,10,4,14,8.96393098013716,8.96393098013716,02,02,1,0,True,known_visit_horizon,10,4,8,known_visit_horizon,commitment_horizon,8,h8
78,known_visit,DMCHBA,bernoulli,0.25,19,361,4,10,dmchba_h8_bernoulli_025,scenarios/known_visit_10target_300.csv,1,16,3,31.090588483354477,31.090588483354477,00,00,1,0,True,known_visit_horizon,10,4,8,known_visit_horizon,commitment_horizon,8,h8
78,known_visit,DMCHBA,bernoulli,0.25,19,361,4,10,dmchba_h8_bernoulli_025,scenarios/known_visit_10target_300.csv,2,12,9,35.64372168745608,35.64372168745608,01,01,2,1,True,known_visit_horizon,10,4,8,known_visit_horizon,commitment_horizon,8,h8
78,known_visit,DMCHBA,bernoulli,0.25,19,361,4,10,dmchba_h8_bernoulli_025,scenarios/known_visit_10target_300.csv,3,11,12,28.931361550301663,28.931361550301663,03,03,1,0,True,known_visit_horizon,10,4,8,known_visit_horizon,commitment_horizon,8,h8
78,known_visit,DMCHBA,bernoulli,0.25,19,361,4,10,dmchba_h8_bernoulli_025,scenarios/known_visit_10target_300.csv,4,3,17,5.613395311970595,5.613395311970595,03,03,1,0,True,known_visit_horizon,10,4,8,known_visit_horizon,commitment_horizon,8,h8
78,known_visit,DMCHBA,bernoulli,0.25,19,361,4,10,dmchba_h8_bernoulli_025,scenarios/known_visit_10target_300.csv,5,6,17,11.114921281006543,11.114921281006543,03,03,1,0,True,known_visit_horizon,10,4,8,known_visit_horizon,commitment_horizon,8,h8
78,known_visit,DMCHBA,bernoulli,0.25,19,361,4,10,dmchba_h8_bernoulli_025,scenarios/known_visit_10target_300.csv,6,7,2,14.089756182460633,14.089756182460633,00,00,1,0,True,known_visit_horizon,10,4,8,known_visit_horizon,commitment_horizon,8,h8
78,known_visit,DMCHBA,bernoulli,0.25,19,361,4,10,dmchba_h8_bernoulli_025,scenarios/known_visit_10target_300.csv,7,3,13,174.47820830388017,174.47820830388017,03,03,1,0,True,known_visit_horizon,10,4,8,known_visit_horizon,commitment_horizon,8,h8
78,known_visit,DMCHBA,bernoulli,0.25,19,361,4,10,dmchba_h8_bernoulli_025,scenarios/known_visit_10target_300.csv,8,10,5,24.932411132791174,24.932411132791174,01,01,1,0,True,known_visit_horizon,10,4,8,known_visit_horizon,commitment_horizon,8,h8
78,known_visit,DMCHBA,bernoulli,0.25,19,361,4,10,dmchba_h8_bernoulli_025,scenarios/known_visit_10target_300.csv,9,0,8,2.214058183887687,2.214058183887687,01,01,2,1,True,known_visit_horizon,10,4,8,known_visit_horizon,commitment_horizon,8,h8
78,known_visit,DMCHBA,bernoulli,0.25,19,361,4,10,dmchba_h8_bernoulli_025,scenarios/known_visit_10target_300.csv,10,1,0,0.1650629361898802,0.1650629361898802,00,00,1,0,True,known_visit_horizon,10,4,8,known_visit_horizon,commitment_horizon,8,h8
79,known_visit,DMCHBA,bernoulli,0.25,19,361,4,10,dmchba_h8_bernoulli_025,scenarios/known_visit_10target_300.csv,1,4,12,5.184927398972261,5.184927398972261,02,02,1,0,True,known_visit_horizon,10,4,8,known_visit_horizon,commitment_horizon,8,h8
79,known_visit,DMCHBA,bernoulli,0.25,19,361,4,10,dmchba_h8_bernoulli_025,scenarios/known_visit_10target_300.csv,2,15,16,27.856163568801147,27.856163568801147,03,03,1,0,True,known_visit_horizon,10,4,8,known_visit_horizon,commitment_horizon,8,h8
79,known_visit,DMCHBA,bernoulli,0.25,19,361,4,10,dmchba_h8_bernoulli_025,scenarios/known_visit_10target_300.csv,3,11,12,17.08136594774954,17.08136594774954,02,02,1,0,True,known_visit_horizon,10,4,8,known_visit_horizon,commitment_horizon,8,h8
79,known_visit,DMCHBA,bernoulli,0.25,19,361,4,10,dmchba_h8_bernoulli_025,scenarios/known_visit_10target_300.csv,4,4,0,5.35472171047187,5.35472171047187,00,00,1,0,True,known_visit_horizon,10,4,8,known_visit_horizon,commitment_horizon,8,h8
79,known_visit,DMCHBA,bernoulli,0.25,19,361,4,10,dmchba_h8_bernoulli_025,scenarios/known_visit_10target_300.csv,5,17,5,36.398971965957394,36.398971965957394,01,01,1,0,True,known_visit_horizon,10,4,8,known_visit_horizon,commitment_horizon,8,h8
79,known_visit,DMCHBA,bernoulli,0.25,19,361,4,10,dmchba_h8_bernoulli_025,scenarios/known_visit_10target_300.csv,6,2,8,5.652661039303166,5.652661039303166,01,01,1,0,True,known_visit_horizon,10,4,8,known_visit_horizon,commitment_horizon,8,h8
79,known_visit,DMCHBA,bernoulli,0.25,19,361,4,10,dmchba_h8_bernoulli_025,scenarios/known_visit_10target_300.csv,7,2,3,14.548832766581823,14.548832766581823,00,00,1,0,True,known_visit_horizon,10,4,8,known_visit_horizon,commitment_horizon,8,h8
79,known_visit,DMCHBA,bernoulli,0.25,19,361,4,10,dmchba_h8_bernoulli_025,scenarios/known_visit_10target_300.csv,8,2,17,3.9048320220914543,3.9048320220914543,03,03,1,0,True,known_visit_horizon,10,4,8,known_visit_horizon,commitment_horizon,8,h8
79,known_visit,DMCHBA,bernoulli,0.25,19,361,4,10,dmchba_h8_bernoulli_025,scenarios/known_visit_10target_300.csv,9,4,8,9.37337885802896,9.37337885802896,01,01,1,0,True,known_visit_horizon,10,4,8,known_visit_horizon,commitment_horizon,8,h8
79,known_visit,DMCHBA,bernoulli,0.25,19,361,4,10,dmchba_h8_bernoulli_025,scenarios/known_visit_10target_300.csv,10,16,14,29.280827679784096,29.280827679784096,02,02,1,0,True,known_visit_horizon,10,4,8,known_visit_horizon,commitment_horizon,8,h8
80,known_visit,DMCHBA,bernoulli,0.25,19,361,4,10,dmchba_h8_bernoulli_025,scenarios/known_visit_10target_300.csv,1,10,16,22.426423405610294,22.426423405610294,02,02,1,0,True,known_visit_horizon,10,4,8,known_visit_horizon,commitment_horizon,8,h8
80,known_visit,DMCHBA,bernoulli,0.25,19,361,4,10,dmchba_h8_bernoulli_025,scenarios/known_visit_10target_300.csv,2,4,4,12.26771064007786,12.26771064007786,00,00,1,0,True,known_visit_horizon,10,4,8,known_visit_horizon,commitment_horizon,8,h8
80,known_visit,DMCHBA,bernoulli,0.25,19,361,4,10,dmchba_h8_bernoulli_025,scenarios/known_visit_10target_300.csv,3,10,11,24.099977061769053,24.099977061769053,01,01,1,0,True,known_visit_horizon,10,4,8,known_visit_horizon,commitment_horizon,8,h8
80,known_visit,DMCHBA,bernoulli,0.25,19,361,4,10,dmchba_h8_bernoulli_025,scenarios/known_visit_10target_300.csv,4,16,12,36.32524016882912,36.32524016882912,01,01,1,0,True,known_visit_horizon,10,4,8,known_visit_horizon,commitment_horizon,8,h8
80,known_visit,DMCHBA,bernoulli,0.25,19,361,4,10,dmchba_h8_bernoulli_025,scenarios/known_visit_10target_300.csv,5,10,2,33.229095148599356,33.229095148599356,00,00,1,0,True,known_visit_horizon,10,4,8,known_visit_horizon,commitment_horizon,8,h8
80,known_visit,DMCHBA,bernoulli,0.25,19,361,4,10,dmchba_h8_bernoulli_025,scenarios/known_visit_10target_300.csv,6,9,18,27.898520459509733,27.898520459509733,02,02,1,0,True,known_visit_horizon,10,4,8,known_visit_horizon,commitment_horizon,8,h8
80,known_visit,DMCHBA,bernoulli,0.25,19,361,4,10,dmchba_h8_bernoulli_025,scenarios/known_visit_10target_300.csv,7,10,13,17.37082481474885,17.37082481474885,02,02,2,1,True,known_visit_horizon,10,4,8,known_visit_horizon,commitment_horizon,8,h8
80,known_visit,DMCHBA,bernoulli,0.25,19,361,4,10,dmchba_h8_bernoulli_025,scenarios/known_visit_10target_300.csv,8,6,6,19.244128065097378,19.244128065097378,00,00,1,0,True,known_visit_horizon,10,4,8,known_visit_horizon,commitment_horizon,8,h8
80,known_visit,DMCHBA,bernoulli,0.25,19,361,4,10,dmchba_h8_bernoulli_025,scenarios/known_visit_10target_300.csv,9,15,14,35.7178762480743,35.7178762480743,03,03,1,0,True,known_visit_horizon,10,4,8,known_visit_horizon,commitment_horizon,8,h8
80,known_visit,DMCHBA,bernoulli,0.25,19,361,4,10,dmchba_h8_bernoulli_025,scenarios/known_visit_10target_300.csv,10,0,11,6.9772606401310755,6.9772606401310755,01,01,1,0,True,known_visit_horizon,10,4,8,known_visit_horizon,commitment_horizon,8,h8
81,known_visit,DMCHBA,bernoulli,0.25,19,361,4,10,dmchba_h8_bernoulli_025,scenarios/known_visit_10target_300.csv,1,12,7,21.32134772538144,21.32134772538144,01,01,1,0,True,known_visit_horizon,10,4,8,known_visit_horizon,commitment_horizon,8,h8
81,known_visit,DMCHBA,bernoulli,0.25,19,361,4,10,dmchba_h8_bernoulli_025,scenarios/known_visit_10target_300.csv,2,3,17,5.513137081828258,5.513137081828258,03,03,1,0,True,known_visit_horizon,10,4,8,known_visit_horizon,commitment_horizon,8,h8
81,known_visit,DMCHBA,bernoulli,0.25,19,361,4,10,dmchba_h8_bernoulli_025,scenarios/known_visit_10target_300.csv,3,12,0,23.04077054222907,23.04077054222907,00,00,1,0,True,known_visit_horizon,10,4,8,known_visit_horizon,commitment_horizon,8,h8
81,known_visit,DMCHBA,bernoulli,0.25,19,361,4,10,dmchba_h8_bernoulli_025,scenarios/known_visit_10target_300.csv,4,5,3,48.170940148510375,48.170940148510375,02,02,1,0,True,known_visit_horizon,10,4,8,known_visit_horizon,commitment_horizon,8,h8
81,known_visit,DMCHBA,bernoulli,0.25,19,361,4,10,dmchba_h8_bernoulli_025,scenarios/known_visit_10target_300.csv,5,7,7,12.77649797101385,12.77649797101385,01,01,1,0,True,known_visit_horizon,10,4,8,known_visit_horizon,commitment_horizon,8,h8
81,known_visit,DMCHBA,bernoulli,0.25,19,361,4,10,dmchba_h8_bernoulli_025,scenarios/known_visit_10target_300.csv,6,4,18,9.597782092664486,9.597782092664486,03,03,1,0,True,known_visit_horizon,10,4,8,known_visit_horizon,commitment_horizon,8,h8
81,known_visit,DMCHBA,bernoulli,0.25,19,361,4,10,dmchba_h8_bernoulli_025,scenarios/known_visit_10target_300.csv,7,2,1,3.966310668026265,3.966310668026265,00,00,1,0,True,known_visit_horizon,10,4,8,known_visit_horizon,commitment_horizon,8,h8
81,known_visit,DMCHBA,bernoulli,0.25,19,361,4,10,dmchba_h8_bernoulli_025,scenarios/known_visit_10target_300.csv,8,1,0,0.24377788635702008,0.24377788635702008,00,00,2,1,True,known_visit_horizon,10,4,8,known_visit_horizon,commitment_horizon,8,h8
81,known_visit,DMCHBA,bernoulli,0.25,19,361,4,10,dmchba_h8_bernoulli_025,scenarios/known_visit_10target_300.csv,9,0,7,0.4374277408722973,0.4374277408722973,01,01,2,1,True,known_visit_horizon,10,4,8,known_visit_horizon,commitment_horizon,8,h8
81,known_visit,DMCHBA,bernoulli,0.25,19,361,4,10,dmchba_h8_bernoulli_025,scenarios/known_visit_10target_300.csv,10,15,10,31.59364922327736,31.59364922327736,01,01,1,0,True,known_visit_horizon,10,4,8,known_visit_horizon,commitment_horizon,8,h8
82,known_visit,DMCHBA,bernoulli,0.25,19,361,4,10,dmchba_h8_bernoulli_025,scenarios/known_visit_10target_300.csv,1,6,14,12.309127696834084,12.309127696834084,02,02,1,0,True,known_visit_horizon,10,4,8,known_visit_horizon,commitment_horizon,8,h8
82,known_visit,DMCHBA,bernoulli,0.25,19,361,4,10,dmchba_h8_bernoulli_025,scenarios/known_visit_10target_300.csv,2,15,15,29.245383259116686,29.245383259116686,03,03,1,0,True,known_visit_horizon,10,4,8,known_visit_horizon,commitment_horizon,8,h8
82,known_visit,DMCHBA,bernoulli,0.25,19,361,4,10,dmchba_h8_bernoulli_025,scenarios/known_visit_10target_300.csv,3,14,10,37.0286239950061,37.0286239950061,02,02,1,0,True,known_visit_horizon,10,4,8,known_visit_horizon,commitment_horizon,8,h8
82,known_visit,DMCHBA,bernoulli,0.25,19,361,4,10,dmchba_h8_bernoulli_025,scenarios/known_visit_10target_300.csv,4,2,12,1.772171450611152,1.772171450611152,02,02,1,0,True,known_visit_horizon,10,4,8,known_visit_horizon,commitment_horizon,8,h8
82,known_visit,DMCHBA,bernoulli,0.25,19,361,4,10,dmchba_h8_bernoulli_025,scenarios/known_visit_10target_300.csv,5,15,2,38.96351075559745,38.96351075559745,00,00,1,0,True,known_visit_horizon,10,4,8,known_visit_horizon,commitment_horizon,8,h8
82,known_visit,DMCHBA,bernoulli,0.25,19,361,4,10,dmchba_h8_bernoulli_025,scenarios/known_visit_10target_300.csv,6,17,6,35.66542764282281,35.66542764282281,01,01,1,0,True,known_visit_horizon,10,4,8,known_visit_horizon,commitment_horizon,8,h8
82,known_visit,DMCHBA,bernoulli,0.25,19,361,4,10,dmchba_h8_bernoulli_025,scenarios/known_visit_10target_300.csv,7,12,9,31.576152810867033,31.576152810867033,02,02,1,0,True,known_visit_horizon,10,4,8,known_visit_horizon,commitment_horizon,8,h8
82,known_visit,DMCHBA,bernoulli,0.25,19,361,4,10,dmchba_h8_bernoulli_025,scenarios/known_visit_10target_300.csv,8,14,7,28.279094130961475,28.279094130961475,01,01,1,0,True,known_visit_horizon,10,4,8,known_visit_horizon,commitment_horizon,8,h8
82,known_visit,DMCHBA,bernoulli,0.25,19,361,4,10,dmchba_h8_bernoulli_025,scenarios/known_visit_10target_300.csv,9,6,18,8.542033588578835,8.542033588578835,03,03,1,0,True,known_visit_horizon,10,4,8,known_visit_horizon,commitment_horizon,8,h8
82,known_visit,DMCHBA,bernoulli,0.25,19,361,4,10,dmchba_h8_bernoulli_025,scenarios/known_visit_10target_300.csv,10,6,5,10.549324229191605,10.549324229191605,01,01,2,1,True,known_visit_horizon,10,4,8,known_visit_horizon,commitment_horizon,8,h8
83,known_visit,DMCHBA,bernoulli,0.25,19,361,4,10,dmchba_h8_bernoulli_025,scenarios/known_visit_10target_300.csv,1,3,16,7.15378922258052,7.15378922258052,03,03,1,0,True,known_visit_horizon,10,4,8,known_visit_horizon,commitment_horizon,8,h8
83,known_visit,DMCHBA,bernoulli,0.25,19,361,4,10,dmchba_h8_bernoulli_025,scenarios/known_visit_10target_300.csv,2,6,2,16.774386571546113,16.774386571546113,00,00,1,0,True,known_visit_horizon,10,4,8,known_visit_horizon,commitment_horizon,8,h8
83,known_visit,DMCHBA,bernoulli,0.25,19,361,4,10,dmchba_h8_bernoulli_025,scenarios/known_visit_10target_300.csv,3,0,1,0.521104350646222,0.521104350646222,00,00,1,0,True,known_visit_horizon,10,4,8,known_visit_horizon,commitment_horizon,8,h8
83,known_visit,DMCHBA,bernoulli,0.25,19,361,4,10,dmchba_h8_bernoulli_025,scenarios/known_visit_10target_300.csv,4,18,1,39.197522402064244,39.197522402064244,00,00,1,0,True,known_visit_horizon,10,4,8,known_visit_horizon,commitment_horizon,8,h8
83,known_visit,DMCHBA,bernoulli,0.25,19,361,4,10,dmchba_h8_bernoulli_025,scenarios/known_visit_10target_300.csv,5,3,7,5.5165949447835,5.5165949447835,01,01,1,0,True,known_visit_horizon,10,4,8,known_visit_horizon,commitment_horizon,8,h8
83,known_visit,DMCHBA,bernoulli,0.25,19,361,4,10,dmchba_h8_bernoulli_025,scenarios/known_visit_10target_300.csv,6,6,8,16.98933057564555,16.98933057564555,01,01,1,0,True,known_visit_horizon,10,4,8,known_visit_horizon,commitment_horizon,8,h8
83,known_visit,DMCHBA,bernoulli,0.25,19,361,4,10,dmchba_h8_bernoulli_025,scenarios/known_visit_10target_300.csv,7,10,14,22.467760812002673,22.467760812002673,03,03,1,0,True,known_visit_horizon,10,4,8,known_visit_horizon,commitment_horizon,8,h8
83,known_visit,DMCHBA,bernoulli,0.25,19,361,4,10,dmchba_h8_bernoulli_025,scenarios/known_visit_10target_300.csv,8,5,9,12.776966487965193,12.776966487965193,01,01,1,0,True,known_visit_horizon,10,4,8,known_visit_horizon,commitment_horizon,8,h8
83,known_visit,DMCHBA,bernoulli,0.25,19,361,4,10,dmchba_h8_bernoulli_025,scenarios/known_visit_10target_300.csv,9,4,3,11.303954728904385,11.303954728904385,00,00,1,0,True,known_visit_horizon,10,4,8,known_visit_horizon,commitment_horizon,8,h8
83,known_visit,DMCHBA,bernoulli,0.25,19,361,4,10,dmchba_h8_bernoulli_025,scenarios/known_visit_10target_300.csv,10,8,14,19.08859387852497,19.08859387852497,03,03,1,0,True,known_visit_horizon,10,4,8,known_visit_horizon,commitment_horizon,8,h8
84,known_visit,DMCHBA,bernoulli,0.25,19,361,4,10,dmchba_h8_bernoulli_025,scenarios/known_visit_10target_300.csv,1,15,6,28.271144572053288,28.271144572053288,01,01,2,1,True,known_visit_horizon,10,4,8,known_visit_horizon,commitment_horizon,8,h8
84,known_visit,DMCHBA,bernoulli,0.25,19,361,4,10,dmchba_h8_bernoulli_025,scenarios/known_visit_10target_300.csv,2,8,4,19.343399380343556,19.343399380343556,00,00,1,0,True,known_visit_horizon,10,4,8,known_visit_horizon,commitment_horizon,8,h8
84,known_visit,DMCHBA,bernoulli,0.25,19,361,4,10,dmchba_h8_bernoulli_025,scenarios/known_visit_10target_300.csv,3,16,1,39.119896352820845,39.119896352820845,00,00,1,0,True,known_visit_horizon,10,4,8,known_visit_horizon,commitment_horizon,8,h8
84,known_visit,DMCHBA,bernoulli,0.25,19,361,4,10,dmchba_h8_bernoulli_025,scenarios/known_visit_10target_300.csv,4,5,11,9.139871053053325,9.139871053053325,02,02,1,0,True,known_visit_horizon,10,4,8,known_visit_horizon,commitment_horizon,8,h8
84,known_visit,DMCHBA,bernoulli,0.25,19,361,4,10,dmchba_h8_bernoulli_025,scenarios/known_visit_10target_300.csv,5,17,7,34.02046794539606,34.02046794539606,01,01,1,0,True,known_visit_horizon,10,4,8,known_visit_horizon,commitment_horizon,8,h8
84,known_visit,DMCHBA,bernoulli,0.25,19,361,4,10,dmchba_h8_bernoulli_025,scenarios/known_visit_10target_300.csv,6,13,7,22.79509459096382,22.79509459096382,01,01,1,0,True,known_visit_horizon,10,4,8,known_visit_horizon,commitment_horizon,8,h8
84,known_visit,DMCHBA,bernoulli,0.25,19,361,4,10,dmchba_h8_bernoulli_025,scenarios/known_visit_10target_300.csv,7,3,14,11.101192032859693,11.101192032859693,03,03,1,0,True,known_visit_horizon,10,4,8,known_visit_horizon,commitment_horizon,8,h8
84,known_visit,DMCHBA,bernoulli,0.25,19,361,4,10,dmchba_h8_bernoulli_025,scenarios/known_visit_10target_300.csv,8,12,3,28.422461155990973,28.422461155990973,00,00,1,0,True,known_visit_horizon,10,4,8,known_visit_horizon,commitment_horizon,8,h8
84,known_visit,DMCHBA,bernoulli,0.25,19,361,4,10,dmchba_h8_bernoulli_025,scenarios/known_visit_10target_300.csv,9,11,15,27.174850756549564,27.174850756549564,03,03,1,0,True,known_visit_horizon,10,4,8,known_visit_horizon,commitment_horizon,8,h8
84,known_visit,DMCHBA,bernoulli,0.25,19,361,4,10,dmchba_h8_bernoulli_025,scenarios/known_visit_10target_300.csv,10,4,14,13.119272997491203,13.119272997491203,03,03,1,0,True,known_visit_horizon,10,4,8,known_visit_horizon,commitment_horizon,8,h8
85,known_visit,DMCHBA,bernoulli,0.25,19,361,4,10,dmchba_h8_bernoulli_025,scenarios/known_visit_10target_300.csv,1,1,17,2.0876579982123245,2.0876579982123245,03,03,1,0,True,known_visit_horizon,10,4,8,known_visit_horizon,commitment_horizon,8,h8
85,known_visit,DMCHBA,bernoulli,0.25,19,361,4,10,dmchba_h8_bernoulli_025,scenarios/known_visit_10target_300.csv,2,13,5,26.52661711760762,26.52661711760762,01,01,1,0,True,known_visit_horizon,10,4,8,known_visit_horizon,commitment_horizon,8,h8
85,known_visit,DMCHBA,bernoulli,0.25,19,361,4,10,dmchba_h8_bernoulli_025,scenarios/known_visit_10target_300.csv,3,9,14,21.49946654796062,21.49946654796062,03,03,1,0,True,known_visit_horizon,10,4,8,known_visit_horizon,commitment_horizon,8,h8
85,known_visit,DMCHBA,bernoulli,0.25,19,361,4,10,dmchba_h8_bernoulli_025,scenarios/known_visit_10target_300.csv,4,16,2,33.50996269797788,33.50996269797788,00,00,1,0,True,known_visit_horizon,10,4,8,known_visit_horizon,commitment_horizon,8,h8
85,known_visit,DMCHBA,bernoulli,0.25,19,361,4,10,dmchba_h8_bernoulli_025,scenarios/known_visit_10target_300.csv,5,3,11,5.770727998249795,5.770727998249795,02,02,1,0,True,known_visit_horizon,10,4,8,known_visit_horizon,commitment_horizon,8,h8
85,known_visit,DMCHBA,bernoulli,0.25,19,361,4,10,dmchba_h8_bernoulli_025,scenarios/known_visit_10target_300.csv,6,4,17,7.635478736404297,7.635478736404297,03,03,1,0,True,known_visit_horizon,10,4,8,known_visit_horizon,commitment_horizon,8,h8
85,known_visit,DMCHBA,bernoulli,0.25,19,361,4,10,dmchba_h8_bernoulli_025,scenarios/known_visit_10target_300.csv,7,15,14,32.35483995243495,32.35483995243495,02,02,2,1,True,known_visit_horizon,10,4,8,known_visit_horizon,commitment_horizon,8,h8
85,known_visit,DMCHBA,bernoulli,0.25,19,361,4,10,dmchba_h8_bernoulli_025,scenarios/known_visit_10target_300.csv,8,18,10,44.711128400144275,44.711128400144275,02,02,1,0,True,known_visit_horizon,10,4,8,known_visit_horizon,commitment_horizon,8,h8
85,known_visit,DMCHBA,bernoulli,0.25,19,361,4,10,dmchba_h8_bernoulli_025,scenarios/known_visit_10target_300.csv,9,11,7,19.144323331303553,19.144323331303553,01,01,1,0,True,known_visit_horizon,10,4,8,known_visit_horizon,commitment_horizon,8,h8
85,known_visit,DMCHBA,bernoulli,0.25,19,361,4,10,dmchba_h8_bernoulli_025,scenarios/known_visit_10target_300.csv,10,18,7,46.044360841418246,46.044360841418246,00,00,1,0,True,known_visit_horizon,10,4,8,known_visit_horizon,commitment_horizon,8,h8
86,known_visit,DMCHBA,bernoulli,0.25,19,361,4,10,dmchba_h8_bernoulli_025,scenarios/known_visit_10target_300.csv,1,1,12,0.1455810247591187,0.1455810247591187,02,02,2,1,True,known_visit_horizon,10,4,8,known_visit_horizon,commitment_horizon,8,h8
86,known_visit,DMCHBA,bernoulli,0.25,19,361,4,10,dmchba_h8_bernoulli_025,scenarios/known_visit_10target_300.csv,2,2,10,9.066603479402582,9.066603479402582,01,01,1,0,True,known_visit_horizon,10,4,8,known_visit_horizon,commitment_horizon,8,h8
86,known_visit,DMCHBA,bernoulli,0.25,19,361,4,10,dmchba_h8_bernoulli_025,scenarios/known_visit_10target_300.csv,3,8,15,24.5193722968713,24.5193722968713,03,03,1,0,True,known_visit_horizon,10,4,8,known_visit_horizon,commitment_horizon,8,h8
86,known_visit,DMCHBA,bernoulli,0.25,19,361,4,10,dmchba_h8_bernoulli_025,scenarios/known_visit_10target_300.csv,4,1,17,2.1485500788190257,2.1485500788190257,03,03,1,0,True,known_visit_horizon,10,4,8,known_visit_horizon,commitment_horizon,8,h8
86,known_visit,DMCHBA,bernoulli,0.25,19,361,4,10,dmchba_h8_bernoulli_025,scenarios/known_visit_10target_300.csv,5,14,3,27.98291895297848,27.98291895297848,00,00,1,0,True,known_visit_horizon,10,4,8,known_visit_horizon,commitment_horizon,8,h8
86,known_visit,DMCHBA,bernoulli,0.25,19,361,4,10,dmchba_h8_bernoulli_025,scenarios/known_visit_10target_300.csv,6,5,4,32.4906096882771,32.4906096882771,02,02,1,0,True,known_visit_horizon,10,4,8,known_visit_horizon,commitment_horizon,8,h8
86,known_visit,DMCHBA,bernoulli,0.25,19,361,4,10,dmchba_h8_bernoulli_025,scenarios/known_visit_10target_300.csv,7,7,3,15.963895668222731,15.963895668222731,00,00,1,0,True,known_visit_horizon,10,4,8,known_visit_horizon,commitment_horizon,8,h8
86,known_visit,DMCHBA,bernoulli,0.25,19,361,4,10,dmchba_h8_bernoulli_025,scenarios/known_visit_10target_300.csv,8,18,18,46.92953466533306,46.92953466533306,03,03,1,0,True,known_visit_horizon,10,4,8,known_visit_horizon,commitment_horizon,8,h8
86,known_visit,DMCHBA,bernoulli,0.25,19,361,4,10,dmchba_h8_bernoulli_025,scenarios/known_visit_10target_300.csv,9,5,3,12.283018645834098,12.283018645834098,00,00,1,0,True,known_visit_horizon,10,4,8,known_visit_horizon,commitment_horizon,8,h8
86,known_visit,DMCHBA,bernoulli,0.25,19,361,4,10,dmchba_h8_bernoulli_025,scenarios/known_visit_10target_300.csv,10,7,10,18.58131592982924,18.58131592982924,02,02,1,0,True,known_visit_horizon,10,4,8,known_visit_horizon,commitment_horizon,8,h8
87,known_visit,DMCHBA,bernoulli,0.25,19,361,4,10,dmchba_h8_bernoulli_025,scenarios/known_visit_10target_300.csv,1,17,10,34.72320398395072,34.72320398395072,01,01,1,0,True,known_visit_horizon,10,4,8,known_visit_horizon,commitment_horizon,8,h8
87,known_visit,DMCHBA,bernoulli,0.25,19,361,4,10,dmchba_h8_bernoulli_025,scenarios/known_visit_10target_300.csv,2,1,16,3.9149155923339842,3.9149155923339842,03,03,1,0,True,known_visit_horizon,10,4,8,known_visit_horizon,commitment_horizon,8,h8
87,known_visit,DMCHBA,bernoulli,0.25,19,361,4,10,dmchba_h8_bernoulli_025,scenarios/known_visit_10target_300.csv,3,14,12,33.50328542052121,33.50328542052121,02,02,1,0,True,known_visit_horizon,10,4,8,known_visit_horizon,commitment_horizon,8,h8
87,known_visit,DMCHBA,bernoulli,0.25,19,361,4,10,dmchba_h8_bernoulli_025,scenarios/known_visit_10target_300.csv,4,15,3,29.7310979336698,29.7310979336698,00,00,1,0,True,known_visit_horizon,10,4,8,known_visit_horizon,commitment_horizon,8,h8
87,known_visit,DMCHBA,bernoulli,0.25,19,361,4,10,dmchba_h8_bernoulli_025,scenarios/known_visit_10target_300.csv,5,4,15,11.247020798641717,11.247020798641717,02,02,2,1,True,known_visit_horizon,10,4,8,known_visit_horizon,commitment_horizon,8,h8
87,known_visit,DMCHBA,bernoulli,0.25,19,361,4,10,dmchba_h8_bernoulli_025,scenarios/known_visit_10target_300.csv,6,4,18,13.234933443959557,13.234933443959557,03,03,1,0,True,known_visit_horizon,10,4,8,known_visit_horizon,commitment_horizon,8,h8
87,known_visit,DMCHBA,bernoulli,0.25,19,361,4,10,dmchba_h8_bernoulli_025,scenarios/known_visit_10target_300.csv,7,3,8,7.215666567236937,7.215666567236937,01,01,1,0,True,known_visit_horizon,10,4,8,known_visit_horizon,commitment_horizon,8,h8
87,known_visit,DMCHBA,bernoulli,0.25,19,361,4,10,dmchba_h8_bernoulli_025,scenarios/known_visit_10target_300.csv,8,12,9,24.5603105515024,24.5603105515024,01,01,1,0,True,known_visit_horizon,10,4,8,known_visit_horizon,commitment_horizon,8,h8
87,known_visit,DMCHBA,bernoulli,0.25,19,361,4,10,dmchba_h8_bernoulli_025,scenarios/known_visit_10target_300.csv,9,3,17,9.433296756203516,9.433296756203516,03,03,1,0,True,known_visit_horizon,10,4,8,known_visit_horizon,commitment_horizon,8,h8
87,known_visit,DMCHBA,bernoulli,0.25,19,361,4,10,dmchba_h8_bernoulli_025,scenarios/known_visit_10target_300.csv,10,17,12,38.11425134245118,38.11425134245118,01,01,1,0,True,known_visit_horizon,10,4,8,known_visit_horizon,commitment_horizon,8,h8
88,known_visit,DMCHBA,bernoulli,0.25,19,361,4,10,dmchba_h8_bernoulli_025,scenarios/known_visit_10target_300.csv,1,5,11,15.772533939436126,15.772533939436126,01,01,1,0,True,known_visit_horizon,10,4,8,known_visit_horizon,commitment_horizon,8,h8
88,known_visit,DMCHBA,bernoulli,0.25,19,361,4,10,dmchba_h8_bernoulli_025,scenarios/known_visit_10target_300.csv,2,17,5,36.75032541124633,36.75032541124633,00,00,1,0,True,known_visit_horizon,10,4,8,known_visit_horizon,commitment_horizon,8,h8
88,known_visit,DMCHBA,bernoulli,0.25,19,361,4,10,dmchba_h8_bernoulli_025,scenarios/known_visit_10target_300.csv,3,0,13,0.43959315233611806,0.43959315233611806,02,02,1,0,True,known_visit_horizon,10,4,8,known_visit_horizon,commitment_horizon,8,h8
88,known_visit,DMCHBA,bernoulli,0.25,19,361,4,10,dmchba_h8_bernoulli_025,scenarios/known_visit_10target_300.csv,4,6,13,10.793147989942213,10.793147989942213,02,02,2,1,True,known_visit_horizon,10,4,8,known_visit_horizon,commitment_horizon,8,h8
88,known_visit,DMCHBA,bernoulli,0.25,19,361,4,10,dmchba_h8_bernoulli_025,scenarios/known_visit_10target_300.csv,5,17,18,31.88883555656632,31.88883555656632,03,03,1,0,True,known_visit_horizon,10,4,8,known_visit_horizon,commitment_horizon,8,h8
88,known_visit,DMCHBA,bernoulli,0.25,19,361,4,10,dmchba_h8_bernoulli_025,scenarios/known_visit_10target_300.csv,6,12,13,21.110165306684976,21.110165306684976,02,02,2,1,True,known_visit_horizon,10,4,8,known_visit_horizon,commitment_horizon,8,h8
88,known_visit,DMCHBA,bernoulli,0.25,19,361,4,10,dmchba_h8_bernoulli_025,scenarios/known_visit_10target_300.csv,7,12,8,33.54526345931317,33.54526345931317,02,02,1,0,True,known_visit_horizon,10,4,8,known_visit_horizon,commitment_horizon,8,h8
88,known_visit,DMCHBA,bernoulli,0.25,19,361,4,10,dmchba_h8_bernoulli_025,scenarios/known_visit_10target_300.csv,8,8,13,14.284919698437061,14.284919698437061,02,02,2,1,True,known_visit_horizon,10,4,8,known_visit_horizon,commitment_horizon,8,h8
88,known_visit,DMCHBA,bernoulli,0.25,19,361,4,10,dmchba_h8_bernoulli_025,scenarios/known_visit_10target_300.csv,9,13,17,22.98192367736085,22.98192367736085,03,03,1,0,True,known_visit_horizon,10,4,8,known_visit_horizon,commitment_horizon,8,h8
88,known_visit,DMCHBA,bernoulli,0.25,19,361,4,10,dmchba_h8_bernoulli_025,scenarios/known_visit_10target_300.csv,10,12,1,20.88029426499222,20.88029426499222,00,00,1,0,True,known_visit_horizon,10,4,8,known_visit_horizon,commitment_horizon,8,h8
89,known_visit,DMCHBA,bernoulli,0.25,19,361,4,10,dmchba_h8_bernoulli_025,scenarios/known_visit_10target_300.csv,1,2,12,1.792899119131465,1.792899119131465,02,02,2,1,True,known_visit_horizon,10,4,8,known_visit_horizon,commitment_horizon,8,h8
89,known_visit,DMCHBA,bernoulli,0.25,19,361,4,10,dmchba_h8_bernoulli_025,scenarios/known_visit_10target_300.csv,2,3,8,10.524483550777278,10.524483550777278,02,02,1,0,True,known_visit_horizon,10,4,8,known_visit_horizon,commitment_horizon,8,h8
89,known_visit,DMCHBA,bernoulli,0.25,19,361,4,10,dmchba_h8_bernoulli_025,scenarios/known_visit_10target_300.csv,3,17,3,44.46439111324793,44.46439111324793,01,01,1,0,True,known_visit_horizon,10,4,8,known_visit_horizon,commitment_horizon,8,h8
89,known_visit,DMCHBA,bernoulli,0.25,19,361,4,10,dmchba_h8_bernoulli_025,scenarios/known_visit_10target_300.csv,4,9,13,26.695082061006982,26.695082061006982,03,03,1,0,True,known_visit_horizon,10,4,8,known_visit_horizon,commitment_horizon,8,h8
89,known_visit,DMCHBA,bernoulli,0.25,19,361,4,10,dmchba_h8_bernoulli_025,scenarios/known_visit_10target_300.csv,5,8,1,14.097711141586819,14.097711141586819,00,00,2,1,True,known_visit_horizon,10,4,8,known_visit_horizon,commitment_horizon,8,h8
89,known_visit,DMCHBA,bernoulli,0.25,19,361,4,10,dmchba_h8_bernoulli_025,scenarios/known_visit_10target_300.csv,6,17,16,56.38230089659227,56.38230089659227,02,02,1,0,True,known_visit_horizon,10,4,8,known_visit_horizon,commitment_horizon,8,h8
89,known_visit,DMCHBA,bernoulli,0.25,19,361,4,10,dmchba_h8_bernoulli_025,scenarios/known_visit_10target_300.csv,7,16,5,38.95341147825877,38.95341147825877,00,00,1,0,True,known_visit_horizon,10,4,8,known_visit_horizon,commitment_horizon,8,h8
89,known_visit,DMCHBA,bernoulli,0.25,19,361,4,10,dmchba_h8_bernoulli_025,scenarios/known_visit_10target_300.csv,8,14,0,26.46104136963739,26.46104136963739,00,00,2,1,True,known_visit_horizon,10,4,8,known_visit_horizon,commitment_horizon,8,h8
89,known_visit,DMCHBA,bernoulli,0.25,19,361,4,10,dmchba_h8_bernoulli_025,scenarios/known_visit_10target_300.csv,9,12,9,27.994672314776796,27.994672314776796,02,02,2,1,True,known_visit_horizon,10,4,8,known_visit_horizon,commitment_horizon,8,h8
89,known_visit,DMCHBA,bernoulli,0.25,19,361,4,10,dmchba_h8_bernoulli_025,scenarios/known_visit_10target_300.csv,10,16,12,52.130237522570134,52.130237522570134,03,03,1,0,True,known_visit_horizon,10,4,8,known_visit_horizon,commitment_horizon,8,h8
90,known_visit,DMCHBA,bernoulli,0.25,19,361,4,10,dmchba_h8_bernoulli_025,scenarios/known_visit_10target_300.csv,1,12,10,29.900424682521848,29.900424682521848,02,02,1,0,True,known_visit_horizon,10,4,8,known_visit_horizon,commitment_horizon,8,h8
90,known_visit,DMCHBA,bernoulli,0.25,19,361,4,10,dmchba_h8_bernoulli_025,scenarios/known_visit_10target_300.csv,2,6,0,8.712093940740925,8.712093940740925,00,00,1,0,True,known_visit_horizon,10,4,8,known_visit_horizon,commitment_horizon,8,h8
90,known_visit,DMCHBA,bernoulli,0.25,19,361,4,10,dmchba_h8_bernoulli_025,scenarios/known_visit_10target_300.csv,3,6,14,12.290461124476082,12.290461124476082,02,02,1,0,True,known_visit_horizon,10,4,8,known_visit_horizon,commitment_horizon,8,h8
90,known_visit,DMCHBA,bernoulli,0.25,19,361,4,10,dmchba_h8_bernoulli_025,scenarios/known_visit_10target_300.csv,4,16,1,27.840456402026696,27.840456402026696,00,00,1,0,True,known_visit_horizon,10,4,8,known_visit_horizon,commitment_horizon,8,h8
90,known_visit,DMCHBA,bernoulli,0.25,19,361,4,10,dmchba_h8_bernoulli_025,scenarios/known_visit_10target_300.csv,5,13,18,25.111052004799514,25.111052004799514,03,03,1,0,True,known_visit_horizon,10,4,8,known_visit_horizon,commitment_horizon,8,h8
90,known_visit,DMCHBA,bernoulli,0.25,19,361,4,10,dmchba_h8_bernoulli_025,scenarios/known_visit_10target_300.csv,6,4,2,12.440470988598122,12.440470988598122,01,01,1,0,True,known_visit_horizon,10,4,8,known_visit_horizon,commitment_horizon,8,h8
90,known_visit,DMCHBA,bernoulli,0.25,19,361,4,10,dmchba_h8_bernoulli_025,scenarios/known_visit_10target_300.csv,7,4,18,5.276242320810578,5.276242320810578,03,03,1,0,True,known_visit_horizon,10,4,8,known_visit_horizon,commitment_horizon,8,h8
90,known_visit,DMCHBA,bernoulli,0.25,19,361,4,10,dmchba_h8_bernoulli_025,scenarios/known_visit_10target_300.csv,8,14,10,33.491532760931804,33.491532760931804,02,02,1,0,True,known_visit_horizon,10,4,8,known_visit_horizon,commitment_horizon,8,h8
90,known_visit,DMCHBA,bernoulli,0.25,19,361,4,10,dmchba_h8_bernoulli_025,scenarios/known_visit_10target_300.csv,9,4,0,5.2867437126641015,5.2867437126641015,00,00,1,0,True,known_visit_horizon,10,4,8,known_visit_horizon,commitment_horizon,8,h8
90,known_visit,DMCHBA,bernoulli,0.25,19,361,4,10,dmchba_h8_bernoulli_025,scenarios/known_visit_10target_300.csv,10,15,9,37.18986959372955,37.18986959372955,02,02,1,0,True,known_visit_horizon,10,4,8,known_visit_horizon,commitment_horizon,8,h8
91,known_visit,DMCHBA,bernoulli,0.25,19,361,4,10,dmchba_h8_bernoulli_025,scenarios/known_visit_10target_300.csv,1,3,1,5.543165257880051,5.543165257880051,00,00,1,0,True,known_visit_horizon,10,4,8,known_visit_horizon,commitment_horizon,8,h8
91,known_visit,DMCHBA,bernoulli,0.25,19,361,4,10,dmchba_h8_bernoulli_025,scenarios/known_visit_10target_300.csv,2,3,3,9.093148620907195,9.093148620907195,00,00,1,0,True,known_visit_horizon,10,4,8,known_visit_horizon,commitment_horizon,8,h8
91,known_visit,DMCHBA,bernoulli,0.25,19,361,4,10,dmchba_h8_bernoulli_025,scenarios/known_visit_10target_300.csv,3,16,16,29.708561598507575,29.708561598507575,03,03,1,0,True,known_visit_horizon,10,4,8,known_visit_horizon,commitment_horizon,8,h8
91,known_visit,DMCHBA,bernoulli,0.25,19,361,4,10,dmchba_h8_bernoulli_025,scenarios/known_visit_10target_300.csv,4,2,0,1.8916589119097669,1.8916589119097669,00,00,1,0,True,known_visit_horizon,10,4,8,known_visit_horizon,commitment_horizon,8,h8
91,known_visit,DMCHBA,bernoulli,0.25,19,361,4,10,dmchba_h8_bernoulli_025,scenarios/known_visit_10target_300.csv,5,7,7,12.761041091151716,12.761041091151716,01,01,1,0,True,known_visit_horizon,10,4,8,known_visit_horizon,commitment_horizon,8,h8
91,known_visit,DMCHBA,bernoulli,0.25,19,361,4,10,dmchba_h8_bernoulli_025,scenarios/known_visit_10target_300.csv,6,7,17,12.48209143129984,12.48209143129984,03,03,1,0,True,known_visit_horizon,10,4,8,known_visit_horizon,commitment_horizon,8,h8
91,known_visit,DMCHBA,bernoulli,0.25,19,361,4,10,dmchba_h8_bernoulli_025,scenarios/known_visit_10target_300.csv,7,18,7,31.647942901043038,31.647942901043038,01,01,1,0,True,known_visit_horizon,10,4,8,known_visit_horizon,commitment_horizon,8,h8
91,known_visit,DMCHBA,bernoulli,0.25,19,361,4,10,dmchba_h8_bernoulli_025,scenarios/known_visit_10target_300.csv,8,4,6,5.540366851670926,5.540366851670926,01,01,1,0,True,known_visit_horizon,10,4,8,known_visit_horizon,commitment_horizon,8,h8
91,known_visit,DMCHBA,bernoulli,0.25,19,361,4,10,dmchba_h8_bernoulli_025,scenarios/known_visit_10target_300.csv,9,16,3,31.86778032018981,31.86778032018981,00,00,1,0,True,known_visit_horizon,10,4,8,known_visit_horizon,commitment_horizon,8,h8
91,known_visit,DMCHBA,bernoulli,0.25,19,361,4,10,dmchba_h8_bernoulli_025,scenarios/known_visit_10target_300.csv,10,11,15,22.550941678956868,22.550941678956868,02,02,1,0,True,known_visit_horizon,10,4,8,known_visit_horizon,commitment_horizon,8,h8
92,known_visit,DMCHBA,bernoulli,0.25,19,361,4,10,dmchba_h8_bernoulli_025,scenarios/known_visit_10target_300.csv,1,16,7,49.84099826916941,49.84099826916941,00,00,1,0,True,known_visit_horizon,10,4,8,known_visit_horizon,commitment_horizon,8,h8
92,known_visit,DMCHBA,bernoulli,0.25,19,361,4,10,dmchba_h8_bernoulli_025,scenarios/known_visit_10target_300.csv,2,3,5,16.591948815927815,16.591948815927815,01,01,1,0,True,known_visit_horizon,10,4,8,known_visit_horizon,commitment_horizon,8,h8
92,known_visit,DMCHBA,bernoulli,0.25,19,361,4,10,dmchba_h8_bernoulli_025,scenarios/known_visit_10target_300.csv,3,16,2,36.9770644963611,36.9770644963611,00,00,1,0,True,known_visit_horizon,10,4,8,known_visit_horizon,commitment_horizon,8,h8
92,known_visit,DMCHBA,bernoulli,0.25,19,361,4,10,dmchba_h8_bernoulli_025,scenarios/known_visit_10target_300.csv,4,15,11,48.508082973283436,48.508082973283436,02,02,1,0,True,known_visit_horizon,10,4,8,known_visit_horizon,commitment_horizon,8,h8
92,known_visit,DMCHBA,bernoulli,0.25,19,361,4,10,dmchba_h8_bernoulli_025,scenarios/known_visit_10target_300.csv,5,10,12,19.73248985615412,19.73248985615412,02,02,1,0,True,known_visit_horizon,10,4,8,known_visit_horizon,commitment_horizon,8,h8
92,known_visit,DMCHBA,bernoulli,0.25,19,361,4,10,dmchba_h8_bernoulli_025,scenarios/known_visit_10target_300.csv,6,0,9,3.9859549721580936,3.9859549721580936,01,01,1,0,True,known_visit_horizon,10,4,8,known_visit_horizon,commitment_horizon,8,h8
92,known_visit,DMCHBA,bernoulli,0.25,19,361,4,10,dmchba_h8_bernoulli_025,scenarios/known_visit_10target_300.csv,7,8,10,30.855653455530096,30.855653455530096,02,02,1,0,True,known_visit_horizon,10,4,8,known_visit_horizon,commitment_horizon,8,h8
92,known_visit,DMCHBA,bernoulli,0.25,19,361,4,10,dmchba_h8_bernoulli_025,scenarios/known_visit_10target_300.csv,8,11,4,24.322175700067195,24.322175700067195,00,00,2,1,True,known_visit_horizon,10,4,8,known_visit_horizon,commitment_horizon,8,h8
92,known_visit,DMCHBA,bernoulli,0.25,19,361,4,10,dmchba_h8_bernoulli_025,scenarios/known_visit_10target_300.csv,9,8,11,14.11861622122859,14.11861622122859,02,02,1,0,True,known_visit_horizon,10,4,8,known_visit_horizon,commitment_horizon,8,h8
92,known_visit,DMCHBA,bernoulli,0.25,19,361,4,10,dmchba_h8_bernoulli_025,scenarios/known_visit_10target_300.csv,10,11,17,19.593498543088014,19.593498543088014,03,03,1,0,True,known_visit_horizon,10,4,8,known_visit_horizon,commitment_horizon,8,h8
93,known_visit,DMCHBA,bernoulli,0.25,19,361,4,10,dmchba_h8_bernoulli_025,scenarios/known_visit_10target_300.csv,1,13,18,45.59069335383335,45.59069335383335,02,02,1,0,True,known_visit_horizon,10,4,8,known_visit_horizon,commitment_horizon,8,h8
93,known_visit,DMCHBA,bernoulli,0.25,19,361,4,10,dmchba_h8_bernoulli_025,scenarios/known_visit_10target_300.csv,2,15,11,26.042117417161737,26.042117417161737,02,02,1,0,True,known_visit_horizon,10,4,8,known_visit_horizon,commitment_horizon,8,h8
93,known_visit,DMCHBA,bernoulli,0.25,19,361,4,10,dmchba_h8_bernoulli_025,scenarios/known_visit_10target_300.csv,3,0,4,2.1100416552671493,2.1100416552671493,01,01,1,0,True,known_visit_horizon,10,4,8,known_visit_horizon,commitment_horizon,8,h8
93,known_visit,DMCHBA,bernoulli,0.25,19,361,4,10,dmchba_h8_bernoulli_025,scenarios/known_visit_10target_300.csv,4,4,12,5.375595378873374,5.375595378873374,02,02,2,1,True,known_visit_horizon,10,4,8,known_visit_horizon,commitment_horizon,8,h8
93,known_visit,DMCHBA,bernoulli,0.25,19,361,4,10,dmchba_h8_bernoulli_025,scenarios/known_visit_10target_300.csv,5,5,14,14.269486472892948,14.269486472892948,03,03,1,0,True,known_visit_horizon,10,4,8,known_visit_horizon,commitment_horizon,8,h8
93,known_visit,DMCHBA,bernoulli,0.25,19,361,4,10,dmchba_h8_bernoulli_025,scenarios/known_visit_10target_300.csv,6,11,8,32.63114729821035,32.63114729821035,01,01,1,0,True,known_visit_horizon,10,4,8,known_visit_horizon,commitment_horizon,8,h8
93,known_visit,DMCHBA,bernoulli,0.25,19,361,4,10,dmchba_h8_bernoulli_025,scenarios/known_visit_10target_300.csv,7,10,3,21.65946210961414,21.65946210961414,00,00,1,0,True,known_visit_horizon,10,4,8,known_visit_horizon,commitment_horizon,8,h8
93,known_visit,DMCHBA,bernoulli,0.25,19,361,4,10,dmchba_h8_bernoulli_025,scenarios/known_visit_10target_300.csv,8,12,5,25.19823715085379,25.19823715085379,01,01,1,0,True,known_visit_horizon,10,4,8,known_visit_horizon,commitment_horizon,8,h8
93,known_visit,DMCHBA,bernoulli,0.25,19,361,4,10,dmchba_h8_bernoulli_025,scenarios/known_visit_10target_300.csv,9,1,5,6.051372658098921,6.051372658098921,01,01,1,0,True,known_visit_horizon,10,4,8,known_visit_horizon,commitment_horizon,8,h8
93,known_visit,DMCHBA,bernoulli,0.25,19,361,4,10,dmchba_h8_bernoulli_025,scenarios/known_visit_10target_300.csv,10,2,12,1.8768708792530386,1.8768708792530386,02,02,2,1,True,known_visit_horizon,10,4,8,known_visit_horizon,commitment_horizon,8,h8
94,known_visit,DMCHBA,bernoulli,0.25,19,361,4,10,dmchba_h8_bernoulli_025,scenarios/known_visit_10target_300.csv,1,9,9,26.827858914013955,26.827858914013955,01,01,1,0,True,known_visit_horizon,10,4,8,known_visit_horizon,commitment_horizon,8,h8
94,known_visit,DMCHBA,bernoulli,0.25,19,361,4,10,dmchba_h8_bernoulli_025,scenarios/known_visit_10target_300.csv,2,11,10,31.885713479454818,31.885713479454818,03,03,1,0,True,known_visit_horizon,10,4,8,known_visit_horizon,commitment_horizon,8,h8
94,known_visit,DMCHBA,bernoulli,0.25,19,361,4,10,dmchba_h8_bernoulli_025,scenarios/known_visit_10target_300.csv,3,11,11,23.008105127963738,23.008105127963738,02,02,1,0,True,known_visit_horizon,10,4,8,known_visit_horizon,commitment_horizon,8,h8
94,known_visit,DMCHBA,bernoulli,0.25,19,361,4,10,dmchba_h8_bernoulli_025,scenarios/known_visit_10target_300.csv,4,7,13,12.320694423486946,12.320694423486946,02,02,2,1,True,known_visit_horizon,10,4,8,known_visit_horizon,commitment_horizon,8,h8
94,known_visit,DMCHBA,bernoulli,0.25,19,361,4,10,dmchba_h8_bernoulli_025,scenarios/known_visit_10target_300.csv,5,18,5,42.52736602065682,42.52736602065682,00,00,1,0,True,known_visit_horizon,10,4,8,known_visit_horizon,commitment_horizon,8,h8
94,known_visit,DMCHBA,bernoulli,0.25,19,361,4,10,dmchba_h8_bernoulli_025,scenarios/known_visit_10target_300.csv,6,6,5,10.564096219945291,10.564096219945291,01,01,1,0,True,known_visit_horizon,10,4,8,known_visit_horizon,commitment_horizon,8,h8
94,known_visit,DMCHBA,bernoulli,0.25,19,361,4,10,dmchba_h8_bernoulli_025,scenarios/known_visit_10target_300.csv,7,17,11,33.76977149844872,33.76977149844872,02,02,1,0,True,known_visit_horizon,10,4,8,known_visit_horizon,commitment_horizon,8,h8
94,known_visit,DMCHBA,bernoulli,0.25,19,361,4,10,dmchba_h8_bernoulli_025,scenarios/known_visit_10target_300.csv,8,10,5,17.684535220516747,17.684535220516747,01,01,2,1,True,known_visit_horizon,10,4,8,known_visit_horizon,commitment_horizon,8,h8
94,known_visit,DMCHBA,bernoulli,0.25,19,361,4,10,dmchba_h8_bernoulli_025,scenarios/known_visit_10target_300.csv,9,18,15,42.71648179630888,42.71648179630888,02,02,1,0,True,known_visit_horizon,10,4,8,known_visit_horizon,commitment_horizon,8,h8
94,known_visit,DMCHBA,bernoulli,0.25,19,361,4,10,dmchba_h8_bernoulli_025,scenarios/known_visit_10target_300.csv,10,7,1,12.341227399546614,12.341227399546614,00,00,1,0,True,known_visit_horizon,10,4,8,known_visit_horizon,commitment_horizon,8,h8
95,known_visit,DMCHBA,bernoulli,0.25,19,361,4,10,dmchba_h8_bernoulli_025,scenarios/known_visit_10target_300.csv,1,10,10,20.04830450433959,20.04830450433959,02,02,2,1,True,known_visit_horizon,10,4,8,known_visit_horizon,commitment_horizon,8,h8
95,known_visit,DMCHBA,bernoulli,0.25,19,361,4,10,dmchba_h8_bernoulli_025,scenarios/known_visit_10target_300.csv,2,18,0,36.650356443126526,36.650356443126526,00,00,1,0,True,known_visit_horizon,10,4,8,known_visit_horizon,commitment_horizon,8,h8
95,known_visit,DMCHBA,bernoulli,0.25,19,361,4,10,dmchba_h8_bernoulli_025,scenarios/known_visit_10target_300.csv,3,7,6,14.59351640588507,14.59351640588507,01,01,1,0,True,known_visit_horizon,10,4,8,known_visit_horizon,commitment_horizon,8,h8
95,known_visit,DMCHBA,bernoulli,0.25,19,361,4,10,dmchba_h8_bernoulli_025,scenarios/known_visit_10target_300.csv,4,4,17,7.332405899027965,7.332405899027965,03,03,1,0,True,known_visit_horizon,10,4,8,known_visit_horizon,commitment_horizon,8,h8
95,known_visit,DMCHBA,bernoulli,0.25,19,361,4,10,dmchba_h8_bernoulli_025,scenarios/known_visit_10target_300.csv,5,6,2,12.413430172768185,12.413430172768185,00,00,1,0,True,known_visit_horizon,10,4,8,known_visit_horizon,commitment_horizon,8,h8
95,known_visit,DMCHBA,bernoulli,0.25,19,361,4,10,dmchba_h8_bernoulli_025,scenarios/known_visit_10target_300.csv,6,1,5,2.3432981001838713,2.3432981001838713,01,01,1,0,True,known_visit_horizon,10,4,8,known_visit_horizon,commitment_horizon,8,h8
95,known_visit,DMCHBA,bernoulli,0.25,19,361,4,10,dmchba_h8_bernoulli_025,scenarios/known_visit_10target_300.csv,7,17,9,33.8607125893174,33.8607125893174,02,02,1,0,True,known_visit_horizon,10,4,8,known_visit_horizon,commitment_horizon,8,h8
95,known_visit,DMCHBA,bernoulli,0.25,19,361,4,10,dmchba_h8_bernoulli_025,scenarios/known_visit_10target_300.csv,8,11,1,22.75826396740897,22.75826396740897,00,00,1,0,True,known_visit_horizon,10,4,8,known_visit_horizon,commitment_horizon,8,h8
95,known_visit,DMCHBA,bernoulli,0.25,19,361,4,10,dmchba_h8_bernoulli_025,scenarios/known_visit_10target_300.csv,9,6,17,11.02770775134432,11.02770775134432,03,03,1,0,True,known_visit_horizon,10,4,8,known_visit_horizon,commitment_horizon,8,h8
95,known_visit,DMCHBA,bernoulli,0.25,19,361,4,10,dmchba_h8_bernoulli_025,scenarios/known_visit_10target_300.csv,10,8,18,16.494692583541894,16.494692583541894,03,03,1,0,True,known_visit_horizon,10,4,8,known_visit_horizon,commitment_horizon,8,h8
96,known_visit,DMCHBA,bernoulli,0.25,19,361,4,10,dmchba_h8_bernoulli_025,scenarios/known_visit_10target_300.csv,1,13,4,27.925192861544023,27.925192861544023,00,00,1,0,True,known_visit_horizon,10,4,8,known_visit_horizon,commitment_horizon,8,h8
96,known_visit,DMCHBA,bernoulli,0.25,19,361,4,10,dmchba_h8_bernoulli_025,scenarios/known_visit_10target_300.csv,2,7,6,18.431965042085498,18.431965042085498,01,01,1,0,True,known_visit_horizon,10,4,8,known_visit_horizon,commitment_horizon,8,h8
96,known_visit,DMCHBA,bernoulli,0.25,19,361,4,10,dmchba_h8_bernoulli_025,scenarios/known_visit_10target_300.csv,3,11,16,20.41583906586169,20.41583906586169,03,03,1,0,True,known_visit_horizon,10,4,8,known_visit_horizon,commitment_horizon,8,h8
96,known_visit,DMCHBA,bernoulli,0.25,19,361,4,10,dmchba_h8_bernoulli_025,scenarios/known_visit_10target_300.csv,4,2,8,5.67089311331871,5.67089311331871,01,01,1,0,True,known_visit_horizon,10,4,8,known_visit_horizon,commitment_horizon,8,h8
96,known_visit,DMCHBA,bernoulli,0.25,19,361,4,10,dmchba_h8_bernoulli_025,scenarios/known_visit_10target_300.csv,5,12,16,22.581483276272156,22.581483276272156,03,03,1,0,True,known_visit_horizon,10,4,8,known_visit_horizon,commitment_horizon,8,h8
96,known_visit,DMCHBA,bernoulli,0.25,19,361,4,10,dmchba_h8_bernoulli_025,scenarios/known_visit_10target_300.csv,6,7,2,14.034981908017455,14.034981908017455,00,00,1,0,True,known_visit_horizon,10,4,8,known_visit_horizon,commitment_horizon,8,h8
96,known_visit,DMCHBA,bernoulli,0.25,19,361,4,10,dmchba_h8_bernoulli_025,scenarios/known_visit_10target_300.csv,7,18,13,38.403418342769285,38.403418342769285,03,03,1,0,True,known_visit_horizon,10,4,8,known_visit_horizon,commitment_horizon,8,h8
96,known_visit,DMCHBA,bernoulli,0.25,19,361,4,10,dmchba_h8_bernoulli_025,scenarios/known_visit_10target_300.csv,8,14,7,31.171260910542472,31.171260910542472,02,02,1,0,True,known_visit_horizon,10,4,8,known_visit_horizon,commitment_horizon,8,h8
96,known_visit,DMCHBA,bernoulli,0.25,19,361,4,10,dmchba_h8_bernoulli_025,scenarios/known_visit_10target_300.csv,9,11,9,22.363655295982436,22.363655295982436,02,02,2,1,True,known_visit_horizon,10,4,8,known_visit_horizon,commitment_horizon,8,h8
96,known_visit,DMCHBA,bernoulli,0.25,19,361,4,10,dmchba_h8_bernoulli_025,scenarios/known_visit_10target_300.csv,10,3,11,5.385408446179838,5.385408446179838,02,02,1,0,True,known_visit_horizon,10,4,8,known_visit_horizon,commitment_horizon,8,h8
97,known_visit,DMCHBA,bernoulli,0.25,19,361,4,10,dmchba_h8_bernoulli_025,scenarios/known_visit_10target_300.csv,1,9,12,21.502990392974027,21.502990392974027,02,02,2,1,True,known_visit_horizon,10,4,8,known_visit_horizon,commitment_horizon,8,h8
97,known_visit,DMCHBA,bernoulli,0.25,19,361,4,10,dmchba_h8_bernoulli_025,scenarios/known_visit_10target_300.csv,2,9,1,15.907757928815998,15.907757928815998,00,00,1,0,True,known_visit_horizon,10,4,8,known_visit_horizon,commitment_horizon,8,h8
97,known_visit,DMCHBA,bernoulli,0.25,19,361,4,10,dmchba_h8_bernoulli_025,scenarios/known_visit_10target_300.csv,3,3,17,5.367432228058067,5.367432228058067,03,03,1,0,True,known_visit_horizon,10,4,8,known_visit_horizon,commitment_horizon,8,h8
97,known_visit,DMCHBA,bernoulli,0.25,19,361,4,10,dmchba_h8_bernoulli_025,scenarios/known_visit_10target_300.csv,4,18,18,33.21684936598467,33.21684936598467,03,03,1,0,True,known_visit_horizon,10,4,8,known_visit_horizon,commitment_horizon,8,h8
97,known_visit,DMCHBA,bernoulli,0.25,19,361,4,10,dmchba_h8_bernoulli_025,scenarios/known_visit_10target_300.csv,5,1,14,3.8894209788355902,3.8894209788355902,02,02,1,0,True,known_visit_horizon,10,4,8,known_visit_horizon,commitment_horizon,8,h8
97,known_visit,DMCHBA,bernoulli,0.25,19,361,4,10,dmchba_h8_bernoulli_025,scenarios/known_visit_10target_300.csv,6,2,18,1.7486397213210627,1.7486397213210627,03,03,1,0,True,known_visit_horizon,10,4,8,known_visit_horizon,commitment_horizon,8,h8
97,known_visit,DMCHBA,bernoulli,0.25,19,361,4,10,dmchba_h8_bernoulli_025,scenarios/known_visit_10target_300.csv,7,12,17,21.33496155473548,21.33496155473548,03,03,1,0,True,known_visit_horizon,10,4,8,known_visit_horizon,commitment_horizon,8,h8
97,known_visit,DMCHBA,bernoulli,0.25,19,361,4,10,dmchba_h8_bernoulli_025,scenarios/known_visit_10target_300.csv,8,17,14,41.4438093120371,41.4438093120371,01,01,1,0,True,known_visit_horizon,10,4,8,known_visit_horizon,commitment_horizon,8,h8
97,known_visit,DMCHBA,bernoulli,0.25,19,361,4,10,dmchba_h8_bernoulli_025,scenarios/known_visit_10target_300.csv,9,13,11,29.31582562594573,29.31582562594573,01,01,1,0,True,known_visit_horizon,10,4,8,known_visit_horizon,commitment_horizon,8,h8
97,known_visit,DMCHBA,bernoulli,0.25,19,361,4,10,dmchba_h8_bernoulli_025,scenarios/known_visit_10target_300.csv,10,15,15,37.01476943632515,37.01476943632515,02,02,1,0,True,known_visit_horizon,10,4,8,known_visit_horizon,commitment_horizon,8,h8
98,known_visit,DMCHBA,bernoulli,0.25,19,361,4,10,dmchba_h8_bernoulli_025,scenarios/known_visit_10target_300.csv,1,7,12,21.121996349731212,21.121996349731212,03,03,1,0,True,known_visit_horizon,10,4,8,known_visit_horizon,commitment_horizon,8,h8
98,known_visit,DMCHBA,bernoulli,0.25,19,361,4,10,dmchba_h8_bernoulli_025,scenarios/known_visit_10target_300.csv,2,6,13,17.468831240982034,17.468831240982034,03,03,1,0,True,known_visit_horizon,10,4,8,known_visit_horizon,commitment_horizon,8,h8
98,known_visit,DMCHBA,bernoulli,0.25,19,361,4,10,dmchba_h8_bernoulli_025,scenarios/known_visit_10target_300.csv,3,18,6,37.40204267866307,37.40204267866307,01,01,1,0,True,known_visit_horizon,10,4,8,known_visit_horizon,commitment_horizon,8,h8
98,known_visit,DMCHBA,bernoulli,0.25,19,361,4,10,dmchba_h8_bernoulli_025,scenarios/known_visit_10target_300.csv,4,18,12,39.645810211161475,39.645810211161475,03,03,1,0,True,known_visit_horizon,10,4,8,known_visit_horizon,commitment_horizon,8,h8
98,known_visit,DMCHBA,bernoulli,0.25,19,361,4,10,dmchba_h8_bernoulli_025,scenarios/known_visit_10target_300.csv,5,16,5,35.18135561944455,35.18135561944455,00,00,1,0,True,known_visit_horizon,10,4,8,known_visit_horizon,commitment_horizon,8,h8
98,known_visit,DMCHBA,bernoulli,0.25,19,361,4,10,dmchba_h8_bernoulli_025,scenarios/known_visit_10target_300.csv,6,3,9,9.09600938031219,9.09600938031219,02,02,1,0,True,known_visit_horizon,10,4,8,known_visit_horizon,commitment_horizon,8,h8
98,known_visit,DMCHBA,bernoulli,0.25,19,361,4,10,dmchba_h8_bernoulli_025,scenarios/known_visit_10target_300.csv,7,5,7,13.37701533506783,13.37701533506783,01,01,1,0,True,known_visit_horizon,10,4,8,known_visit_horizon,commitment_horizon,8,h8
98,known_visit,DMCHBA,bernoulli,0.25,19,361,4,10,dmchba_h8_bernoulli_025,scenarios/known_visit_10target_300.csv,8,3,1,5.645806429228808,5.645806429228808,00,00,1,0,True,known_visit_horizon,10,4,8,known_visit_horizon,commitment_horizon,8,h8
98,known_visit,DMCHBA,bernoulli,0.25,19,361,4,10,dmchba_h8_bernoulli_025,scenarios/known_visit_10target_300.csv,9,4,1,7.616891450244707,7.616891450244707,00,00,1,0,True,known_visit_horizon,10,4,8,known_visit_horizon,commitment_horizon,8,h8
98,known_visit,DMCHBA,bernoulli,0.25,19,361,4,10,dmchba_h8_bernoulli_025,scenarios/known_visit_10target_300.csv,10,8,1,14.414579390569886,14.414579390569886,00,00,1,0,True,known_visit_horizon,10,4,8,known_visit_horizon,commitment_horizon,8,h8
99,known_visit,DMCHBA,bernoulli,0.25,19,361,4,10,dmchba_h8_bernoulli_025,scenarios/known_visit_10target_300.csv,1,8,4,15.72955455150349,15.72955455150349,01,01,1,0,True,known_visit_horizon,10,4,8,known_visit_horizon,commitment_horizon,8,h8
99,known_visit,DMCHBA,bernoulli,0.25,19,361,4,10,dmchba_h8_bernoulli_025,scenarios/known_visit_10target_300.csv,2,10,9,20.541545379184406,20.541545379184406,02,02,1,0,True,known_visit_horizon,10,4,8,known_visit_horizon,commitment_horizon,8,h8
99,known_visit,DMCHBA,bernoulli,0.25,19,361,4,10,dmchba_h8_bernoulli_025,scenarios/known_visit_10target_300.csv,3,2,0,1.9507866952478856,1.9507866952478856,00,00,1,0,True,known_visit_horizon,10,4,8,known_visit_horizon,commitment_horizon,8,h8
99,known_visit,DMCHBA,bernoulli,0.25,19,361,4,10,dmchba_h8_bernoulli_025,scenarios/known_visit_10target_300.csv,4,17,7,36.956002921373944,36.956002921373944,01,01,1,0,True,known_visit_horizon,10,4,8,known_visit_horizon,commitment_horizon,8,h8
99,known_visit,DMCHBA,bernoulli,0.25,19,361,4,10,dmchba_h8_bernoulli_025,scenarios/known_visit_10target_300.csv,5,15,17,26.05141373565062,26.05141373565062,03,03,1,0,True,known_visit_horizon,10,4,8,known_visit_horizon,commitment_horizon,8,h8
99,known_visit,DMCHBA,bernoulli,0.25,19,361,4,10,dmchba_h8_bernoulli_025,scenarios/known_visit_10target_300.csv,6,4,0,5.3129927217555615,5.3129927217555615,00,00,1,0,True,known_visit_horizon,10,4,8,known_visit_horizon,commitment_horizon,8,h8
99,known_visit,DMCHBA,bernoulli,0.25,19,361,4,10,dmchba_h8_bernoulli_025,scenarios/known_visit_10target_300.csv,7,15,3,29.64460108654017,29.64460108654017,00,00,1,0,True,known_visit_horizon,10,4,8,known_visit_horizon,commitment_horizon,8,h8
99,known_visit,DMCHBA,bernoulli,0.25,19,361,4,10,dmchba_h8_bernoulli_025,scenarios/known_visit_10target_300.csv,8,14,1,24.408026009742,24.408026009742,00,00,1,0,True,known_visit_horizon,10,4,8,known_visit_horizon,commitment_horizon,8,h8
99,known_visit,DMCHBA,bernoulli,0.25,19,361,4,10,dmchba_h8_bernoulli_025,scenarios/known_visit_10target_300.csv,9,12,11,27.94388985473875,27.94388985473875,02,02,1,0,True,known_visit_horizon,10,4,8,known_visit_horizon,commitment_horizon,8,h8
99,known_visit,DMCHBA,bernoulli,0.25,19,361,4,10,dmchba_h8_bernoulli_025,scenarios/known_visit_10target_300.csv,10,10,18,15.416339924429051,15.416339924429051,03,03,1,0,True,known_visit_horizon,10,4,8,known_visit_horizon,commitment_horizon,8,h8
100,known_visit,DMCHBA,bernoulli,0.25,19,361,4,10,dmchba_h8_bernoulli_025,scenarios/known_visit_10target_300.csv,1,1,6,0.13373343873389604,0.13373343873389604,01,01,1,0,True,known_visit_horizon,10,4,8,known_visit_horizon,commitment_horizon,8,h8
100,known_visit,DMCHBA,bernoulli,0.25,19,361,4,10,dmchba_h8_bernoulli_025,scenarios/known_visit_10target_300.csv,2,10,16,23.34419373374245,23.34419373374245,03,03,1,0,True,known_visit_horizon,10,4,8,known_visit_horizon,commitment_horizon,8,h8
100,known_visit,DMCHBA,bernoulli,0.25,19,361,4,10,dmchba_h8_bernoulli_025,scenarios/known_visit_10target_300.csv,3,15,10,36.063554925902906,36.063554925902906,01,01,1,0,True,known_visit_horizon,10,4,8,known_visit_horizon,commitment_horizon,8,h8
100,known_visit,DMCHBA,bernoulli,0.25,19,361,4,10,dmchba_h8_bernoulli_025,scenarios/known_visit_10target_300.csv,4,3,15,8.81838110527558,8.81838110527558,03,03,1,0,True,known_visit_horizon,10,4,8,known_visit_horizon,commitment_horizon,8,h8
100,known_visit,DMCHBA,bernoulli,0.25,19,361,4,10,dmchba_h8_bernoulli_025,scenarios/known_visit_10target_300.csv,5,7,12,21.80482302255011,21.80482302255011,02,02,1,0,True,known_visit_horizon,10,4,8,known_visit_horizon,commitment_horizon,8,h8
100,known_visit,DMCHBA,bernoulli,0.25,19,361,4,10,dmchba_h8_bernoulli_025,scenarios/known_visit_10target_300.csv,6,4,5,7.2898482352903,7.2898482352903,01,01,1,0,True,known_visit_horizon,10,4,8,known_visit_horizon,commitment_horizon,8,h8
100,known_visit,DMCHBA,bernoulli,0.25,19,361,4,10,dmchba_h8_bernoulli_025,scenarios/known_visit_10target_300.csv,7,4,9,10.972600824579882,10.972600824579882,02,02,1,0,True,known_visit_horizon,10,4,8,known_visit_horizon,commitment_horizon,8,h8
100,known_visit,DMCHBA,bernoulli,0.25,19,361,4,10,dmchba_h8_bernoulli_025,scenarios/known_visit_10target_300.csv,8,15,2,28.040228265201975,28.040228265201975,00,00,1,0,True,known_visit_horizon,10,4,8,known_visit_horizon,commitment_horizon,8,h8
100,known_visit,DMCHBA,bernoulli,0.25,19,361,4,10,dmchba_h8_bernoulli_025,scenarios/known_visit_10target_300.csv,9,9,16,21.331912399885383,21.331912399885383,03,03,1,0,True,known_visit_horizon,10,4,8,known_visit_horizon,commitment_horizon,8,h8
100,known_visit,DMCHBA,bernoulli,0.25,19,361,4,10,dmchba_h8_bernoulli_025,scenarios/known_visit_10target_300.csv,10,6,2,12.366732454733796,12.366732454733796,00,00,1,0,True,known_visit_horizon,10,4,8,known_visit_horizon,commitment_horizon,8,h8
101,known_visit,DMCHBA,bernoulli,0.25,19,361,4,10,dmchba_h8_bernoulli_025,scenarios/known_visit_10target_300.csv,1,13,8,24.374649713289166,24.374649713289166,01,01,1,0,True,known_visit_horizon,10,4,8,known_visit_horizon,commitment_horizon,8,h8
101,known_visit,DMCHBA,bernoulli,0.25,19,361,4,10,dmchba_h8_bernoulli_025,scenarios/known_visit_10target_300.csv,2,15,8,28.141081646705665,28.141081646705665,01,01,1,0,True,known_visit_horizon,10,4,8,known_visit_horizon,commitment_horizon,8,h8
101,known_visit,DMCHBA,bernoulli,0.25,19,361,4,10,dmchba_h8_bernoulli_025,scenarios/known_visit_10target_300.csv,3,11,14,29.15565267735574,29.15565267735574,02,02,1,0,True,known_visit_horizon,10,4,8,known_visit_horizon,commitment_horizon,8,h8
101,known_visit,DMCHBA,bernoulli,0.25,19,361,4,10,dmchba_h8_bernoulli_025,scenarios/known_visit_10target_300.csv,4,8,12,19.786680377934875,19.786680377934875,02,02,1,0,True,known_visit_horizon,10,4,8,known_visit_horizon,commitment_horizon,8,h8
101,known_visit,DMCHBA,bernoulli,0.25,19,361,4,10,dmchba_h8_bernoulli_025,scenarios/known_visit_10target_300.csv,5,16,8,29.832916036825008,29.832916036825008,01,01,2,1,True,known_visit_horizon,10,4,8,known_visit_horizon,commitment_horizon,8,h8
101,known_visit,DMCHBA,bernoulli,0.25,19,361,4,10,dmchba_h8_bernoulli_025,scenarios/known_visit_10target_300.csv,6,18,6,36.85364813724182,36.85364813724182,01,01,1,0,True,known_visit_horizon,10,4,8,known_visit_horizon,commitment_horizon,8,h8
101,known_visit,DMCHBA,bernoulli,0.25,19,361,4,10,dmchba_h8_bernoulli_025,scenarios/known_visit_10target_300.csv,7,15,0,49.35213252129446,49.35213252129446,00,00,1,0,True,known_visit_horizon,10,4,8,known_visit_horizon,commitment_horizon,8,h8
101,known_visit,DMCHBA,bernoulli,0.25,19,361,4,10,dmchba_h8_bernoulli_025,scenarios/known_visit_10target_300.csv,8,4,14,8.88833025796881,8.88833025796881,02,02,2,1,True,known_visit_horizon,10,4,8,known_visit_horizon,commitment_horizon,8,h8
101,known_visit,DMCHBA,bernoulli,0.25,19,361,4,10,dmchba_h8_bernoulli_025,scenarios/known_visit_10target_300.csv,9,4,1,7.121734428201213,7.121734428201213,00,00,1,0,True,known_visit_horizon,10,4,8,known_visit_horizon,commitment_horizon,8,h8
101,known_visit,DMCHBA,bernoulli,0.25,19,361,4,10,dmchba_h8_bernoulli_025,scenarios/known_visit_10target_300.csv,10,3,5,15.933705973074986,15.933705973074986,00,00,1,0,True,known_visit_horizon,10,4,8,known_visit_horizon,commitment_horizon,8,h8
102,known_visit,DMCHBA,bernoulli,0.25,19,361,4,10,dmchba_h8_bernoulli_025,scenarios/known_visit_10target_300.csv,1,0,10,2.164552927821553,2.164552927821553,02,02,1,0,True,known_visit_horizon,10,4,8,known_visit_horizon,commitment_horizon,8,h8
102,known_visit,DMCHBA,bernoulli,0.25,19,361,4,10,dmchba_h8_bernoulli_025,scenarios/known_visit_10target_300.csv,2,4,2,8.859176275153617,8.859176275153617,00,00,2,1,True,known_visit_horizon,10,4,8,known_visit_horizon,commitment_horizon,8,h8
102,known_visit,DMCHBA,bernoulli,0.25,19,361,4,10,dmchba_h8_bernoulli_025,scenarios/known_visit_10target_300.csv,3,13,5,29.956972243372217,29.956972243372217,00,00,1,0,True,known_visit_horizon,10,4,8,known_visit_horizon,commitment_horizon,8,h8
102,known_visit,DMCHBA,bernoulli,0.25,19,361,4,10,dmchba_h8_bernoulli_025,scenarios/known_visit_10target_300.csv,4,5,14,17.720367756815158,17.720367756815158,03,03,1,0,True,known_visit_horizon,10,4,8,known_visit_horizon,commitment_horizon,8,h8
102,known_visit,DMCHBA,bernoulli,0.25,19,361,4,10,dmchba_h8_bernoulli_025,scenarios/known_visit_10target_300.csv,5,8,9,28.881511099302045,28.881511099302045,02,02,1,0,True,known_visit_horizon,10,4,8,known_visit_horizon,commitment_horizon,8,h8
102,known_visit,DMCHBA,bernoulli,0.25,19,361,4,10,dmchba_h8_bernoulli_025,scenarios/known_visit_10target_300.csv,6,2,5,3.8073816437804813,3.8073816437804813,01,01,1,0,True,known_visit_horizon,10,4,8,known_visit_horizon,commitment_horizon,8,h8
102,known_visit,DMCHBA,bernoulli,0.25,19,361,4,10,dmchba_h8_bernoulli_025,scenarios/known_visit_10target_300.csv,7,9,5,22.93458540247954,22.93458540247954,00,00,1,0,True,known_visit_horizon,10,4,8,known_visit_horizon,commitment_horizon,8,h8
102,known_visit,DMCHBA,bernoulli,0.25,19,361,4,10,dmchba_h8_bernoulli_025,scenarios/known_visit_10target_300.csv,8,16,6,37.21620305725086,37.21620305725086,00,00,1,0,True,known_visit_horizon,10,4,8,known_visit_horizon,commitment_horizon,8,h8
102,known_visit,DMCHBA,bernoulli,0.25,19,361,4,10,dmchba_h8_bernoulli_025,scenarios/known_visit_10target_300.csv,9,6,18,8.530895582658058,8.530895582658058,03,03,1,0,True,known_visit_horizon,10,4,8,known_visit_horizon,commitment_horizon,8,h8
102,known_visit,DMCHBA,bernoulli,0.25,19,361,4,10,dmchba_h8_bernoulli_025,scenarios/known_visit_10target_300.csv,10,4,8,33.73202398519258,33.73202398519258,03,03,1,0,True,known_visit_horizon,10,4,8,known_visit_horizon,commitment_horizon,8,h8
103,known_visit,DMCHBA,bernoulli,0.25,19,361,4,10,dmchba_h8_bernoulli_025,scenarios/known_visit_10target_300.csv,1,9,8,21.306590562211472,21.306590562211472,01,01,1,0,True,known_visit_horizon,10,4,8,known_visit_horizon,commitment_horizon,8,h8
103,known_visit,DMCHBA,bernoulli,0.25,19,361,4,10,dmchba_h8_bernoulli_025,scenarios/known_visit_10target_300.csv,2,1,14,7.791426807429998,7.791426807429998,02,02,1,0,True,known_visit_horizon,10,4,8,known_visit_horizon,commitment_horizon,8,h8
103,known_visit,DMCHBA,bernoulli,0.25,19,361,4,10,dmchba_h8_bernoulli_025,scenarios/known_visit_10target_300.csv,3,8,10,27.04062715372245,27.04062715372245,02,02,1,0,True,known_visit_horizon,10,4,8,known_visit_horizon,commitment_horizon,8,h8
103,known_visit,DMCHBA,bernoulli,0.25,19,361,4,10,dmchba_h8_bernoulli_025,scenarios/known_visit_10target_300.csv,4,18,6,40.25383697602678,40.25383697602678,01,01,1,0,True,known_visit_horizon,10,4,8,known_visit_horizon,commitment_horizon,8,h8
103,known_visit,DMCHBA,bernoulli,0.25,19,361,4,10,dmchba_h8_bernoulli_025,scenarios/known_visit_10target_300.csv,5,2,13,11.474260724607324,11.474260724607324,02,02,2,1,True,known_visit_horizon,10,4,8,known_visit_horizon,commitment_horizon,8,h8
103,known_visit,DMCHBA,bernoulli,0.25,19,361,4,10,dmchba_h8_bernoulli_025,scenarios/known_visit_10target_300.csv,6,7,9,16.01987725151403,16.01987725151403,01,01,1,0,True,known_visit_horizon,10,4,8,known_visit_horizon,commitment_horizon,8,h8
103,known_visit,DMCHBA,bernoulli,0.25,19,361,4,10,dmchba_h8_bernoulli_025,scenarios/known_visit_10target_300.csv,7,10,6,26.64275857103992,26.64275857103992,01,01,1,0,True,known_visit_horizon,10,4,8,known_visit_horizon,commitment_horizon,8,h8
103,known_visit,DMCHBA,bernoulli,0.25,19,361,4,10,dmchba_h8_bernoulli_025,scenarios/known_visit_10target_300.csv,8,4,1,7.374234039183903,7.374234039183903,00,00,1,0,True,known_visit_horizon,10,4,8,known_visit_horizon,commitment_horizon,8,h8
103,known_visit,DMCHBA,bernoulli,0.25,19,361,4,10,dmchba_h8_bernoulli_025,scenarios/known_visit_10target_300.csv,9,6,8,12.319851036172162,12.319851036172162,01,01,1,0,True,known_visit_horizon,10,4,8,known_visit_horizon,commitment_horizon,8,h8
103,known_visit,DMCHBA,bernoulli,0.25,19,361,4,10,dmchba_h8_bernoulli_025,scenarios/known_visit_10target_300.csv,10,0,15,3.6837401511819015,3.6837401511819015,02,02,2,1,True,known_visit_horizon,10,4,8,known_visit_horizon,commitment_horizon,8,h8
104,known_visit,DMCHBA,bernoulli,0.25,19,361,4,10,dmchba_h8_bernoulli_025,scenarios/known_visit_10target_300.csv,1,0,2,2.1674432522049547,2.1674432522049547,00,00,1,0,True,known_visit_horizon,10,4,8,known_visit_horizon,commitment_horizon,8,h8
104,known_visit,DMCHBA,bernoulli,0.25,19,361,4,10,dmchba_h8_bernoulli_025,scenarios/known_visit_10target_300.csv,2,5,0,18.629988644483863,18.629988644483863,00,00,2,1,True,known_visit_horizon,10,4,8,known_visit_horizon,commitment_horizon,8,h8
104,known_visit,DMCHBA,bernoulli,0.25,19,361,4,10,dmchba_h8_bernoulli_025,scenarios/known_visit_10target_300.csv,3,10,12,19.977136567237686,19.977136567237686,02,02,2,1,True,known_visit_horizon,10,4,8,known_visit_horizon,commitment_horizon,8,h8
104,known_visit,DMCHBA,bernoulli,0.25,19,361,4,10,dmchba_h8_bernoulli_025,scenarios/known_visit_10target_300.csv,4,9,13,22.805171728027606,22.805171728027606,03,03,1,0,True,known_visit_horizon,10,4,8,known_visit_horizon,commitment_horizon,8,h8
104,known_visit,DMCHBA,bernoulli,0.25,19,361,4,10,dmchba_h8_bernoulli_025,scenarios/known_visit_10target_300.csv,5,17,11,33.90324052281666,33.90324052281666,02,02,1,0,True,known_visit_horizon,10,4,8,known_visit_horizon,commitment_horizon,8,h8
104,known_visit,DMCHBA,bernoulli,0.25,19,361,4,10,dmchba_h8_bernoulli_025,scenarios/known_visit_10target_300.csv,6,6,1,22.597758779113104,22.597758779113104,00,00,1,0,True,known_visit_horizon,10,4,8,known_visit_horizon,commitment_horizon,8,h8
104,known_visit,DMCHBA,bernoulli,0.25,19,361,4,10,dmchba_h8_bernoulli_025,scenarios/known_visit_10target_300.csv,7,4,11,7.2966495569553445,7.2966495569553445,02,02,1,0,True,known_visit_horizon,10,4,8,known_visit_horizon,commitment_horizon,8,h8
104,known_visit,DMCHBA,bernoulli,0.25,19,361,4,10,dmchba_h8_bernoulli_025,scenarios/known_visit_10target_300.csv,8,8,13,21.07008150573086,21.07008150573086,03,03,1,0,True,known_visit_horizon,10,4,8,known_visit_horizon,commitment_horizon,8,h8
104,known_visit,DMCHBA,bernoulli,0.25,19,361,4,10,dmchba_h8_bernoulli_025,scenarios/known_visit_10target_300.csv,9,18,11,35.8875337318844,35.8875337318844,02,02,1,0,True,known_visit_horizon,10,4,8,known_visit_horizon,commitment_horizon,8,h8
104,known_visit,DMCHBA,bernoulli,0.25,19,361,4,10,dmchba_h8_bernoulli_025,scenarios/known_visit_10target_300.csv,10,4,3,11.204755298821693,11.204755298821693,00,00,1,0,True,known_visit_horizon,10,4,8,known_visit_horizon,commitment_horizon,8,h8
105,known_visit,DMCHBA,bernoulli,0.25,19,361,4,10,dmchba_h8_bernoulli_025,scenarios/known_visit_10target_300.csv,1,6,2,12.485873774138376,12.485873774138376,00,00,1,0,True,known_visit_horizon,10,4,8,known_visit_horizon,commitment_horizon,8,h8
105,known_visit,DMCHBA,bernoulli,0.25,19,361,4,10,dmchba_h8_bernoulli_025,scenarios/known_visit_10target_300.csv,2,4,2,9.165809846294948,9.165809846294948,00,00,1,0,True,known_visit_horizon,10,4,8,known_visit_horizon,commitment_horizon,8,h8
105,known_visit,DMCHBA,bernoulli,0.25,19,361,4,10,dmchba_h8_bernoulli_025,scenarios/known_visit_10target_300.csv,3,11,6,25.088134023672087,25.088134023672087,01,01,1,0,True,known_visit_horizon,10,4,8,known_visit_horizon,commitment_horizon,8,h8
105,known_visit,DMCHBA,bernoulli,0.25,19,361,4,10,dmchba_h8_bernoulli_025,scenarios/known_visit_10target_300.csv,4,13,2,24.402184001422736,24.402184001422736,00,00,1,0,True,known_visit_horizon,10,4,8,known_visit_horizon,commitment_horizon,8,h8
105,known_visit,DMCHBA,bernoulli,0.25,19,361,4,10,dmchba_h8_bernoulli_025,scenarios/known_visit_10target_300.csv,5,3,4,7.5617965239880585,7.5617965239880585,01,01,1,0,True,known_visit_horizon,10,4,8,known_visit_horizon,commitment_horizon,8,h8
105,known_visit,DMCHBA,bernoulli,0.25,19,361,4,10,dmchba_h8_bernoulli_025,scenarios/known_visit_10target_300.csv,6,4,11,7.201397235061613,7.201397235061613,02,02,1,0,True,known_visit_horizon,10,4,8,known_visit_horizon,commitment_horizon,8,h8
105,known_visit,DMCHBA,bernoulli,0.25,19,361,4,10,dmchba_h8_bernoulli_025,scenarios/known_visit_10target_300.csv,7,15,5,32.99368456540601,32.99368456540601,00,00,2,1,True,known_visit_horizon,10,4,8,known_visit_horizon,commitment_horizon,8,h8
105,known_visit,DMCHBA,bernoulli,0.25,19,361,4,10,dmchba_h8_bernoulli_025,scenarios/known_visit_10target_300.csv,8,18,11,42.057282386646186,42.057282386646186,03,03,1,0,True,known_visit_horizon,10,4,8,known_visit_horizon,commitment_horizon,8,h8
105,known_visit,DMCHBA,bernoulli,0.25,19,361,4,10,dmchba_h8_bernoulli_025,scenarios/known_visit_10target_300.csv,9,12,16,22.862853331407642,22.862853331407642,03,03,1,0,True,known_visit_horizon,10,4,8,known_visit_horizon,commitment_horizon,8,h8
105,known_visit,DMCHBA,bernoulli,0.25,19,361,4,10,dmchba_h8_bernoulli_025,scenarios/known_visit_10target_300.csv,10,2,2,5.578157635684157,5.578157635684157,00,00,1,0,True,known_visit_horizon,10,4,8,known_visit_horizon,commitment_horizon,8,h8
106,known_visit,DMCHBA,bernoulli,0.25,19,361,4,10,dmchba_h8_bernoulli_025,scenarios/known_visit_10target_300.csv,1,11,11,19.303003009582543,19.303003009582543,02,02,1,0,True,known_visit_horizon,10,4,8,known_visit_horizon,commitment_horizon,8,h8
106,known_visit,DMCHBA,bernoulli,0.25,19,361,4,10,dmchba_h8_bernoulli_025,scenarios/known_visit_10target_300.csv,2,4,15,10.477342266737855,10.477342266737855,03,03,1,0,True,known_visit_horizon,10,4,8,known_visit_horizon,commitment_horizon,8,h8
106,known_visit,DMCHBA,bernoulli,0.25,19,361,4,10,dmchba_h8_bernoulli_025,scenarios/known_visit_10target_300.csv,3,13,10,24.77923745189172,24.77923745189172,02,02,1,0,True,known_visit_horizon,10,4,8,known_visit_horizon,commitment_horizon,8,h8
106,known_visit,DMCHBA,bernoulli,0.25,19,361,4,10,dmchba_h8_bernoulli_025,scenarios/known_visit_10target_300.csv,4,2,1,3.6958664051788017,3.6958664051788017,00,00,1,0,True,known_visit_horizon,10,4,8,known_visit_horizon,commitment_horizon,8,h8
106,known_visit,DMCHBA,bernoulli,0.25,19,361,4,10,dmchba_h8_bernoulli_025,scenarios/known_visit_10target_300.csv,5,17,4,34.88847296863741,34.88847296863741,00,00,1,0,True,known_visit_horizon,10,4,8,known_visit_horizon,commitment_horizon,8,h8
106,known_visit,DMCHBA,bernoulli,0.25,19,361,4,10,dmchba_h8_bernoulli_025,scenarios/known_visit_10target_300.csv,6,15,6,28.07449297786563,28.07449297786563,01,01,1,0,True,known_visit_horizon,10,4,8,known_visit_horizon,commitment_horizon,8,h8
106,known_visit,DMCHBA,bernoulli,0.25,19,361,4,10,dmchba_h8_bernoulli_025,scenarios/known_visit_10target_300.csv,7,6,13,17.681629711577326,17.681629711577326,03,03,1,0,True,known_visit_horizon,10,4,8,known_visit_horizon,commitment_horizon,8,h8
106,known_visit,DMCHBA,bernoulli,0.25,19,361,4,10,dmchba_h8_bernoulli_025,scenarios/known_visit_10target_300.csv,8,18,5,35.06323955370185,35.06323955370185,01,01,1,0,True,known_visit_horizon,10,4,8,known_visit_horizon,commitment_horizon,8,h8
106,known_visit,DMCHBA,bernoulli,0.25,19,361,4,10,dmchba_h8_bernoulli_025,scenarios/known_visit_10target_300.csv,9,9,3,19.352381535715292,19.352381535715292,00,00,1,0,True,known_visit_horizon,10,4,8,known_visit_horizon,commitment_horizon,8,h8
106,known_visit,DMCHBA,bernoulli,0.25,19,361,4,10,dmchba_h8_bernoulli_025,scenarios/known_visit_10target_300.csv,10,11,7,18.9013271754413,18.9013271754413,01,01,1,0,True,known_visit_horizon,10,4,8,known_visit_horizon,commitment_horizon,8,h8
107,known_visit,DMCHBA,bernoulli,0.25,19,361,4,10,dmchba_h8_bernoulli_025,scenarios/known_visit_10target_300.csv,1,11,9,47.6991962603378,47.6991962603378,02,02,1,0,True,known_visit_horizon,10,4,8,known_visit_horizon,commitment_horizon,8,h8
107,known_visit,DMCHBA,bernoulli,0.25,19,361,4,10,dmchba_h8_bernoulli_025,scenarios/known_visit_10target_300.csv,2,13,8,27.866346429524643,27.866346429524643,02,02,2,1,True,known_visit_horizon,10,4,8,known_visit_horizon,commitment_horizon,8,h8
107,known_visit,DMCHBA,bernoulli,0.25,19,361,4,10,dmchba_h8_bernoulli_025,scenarios/known_visit_10target_300.csv,3,15,11,36.71687635490406,36.71687635490406,02,02,1,0,True,known_visit_horizon,10,4,8,known_visit_horizon,commitment_horizon,8,h8
107,known_visit,DMCHBA,bernoulli,0.25,19,361,4,10,dmchba_h8_bernoulli_025,scenarios/known_visit_10target_300.csv,4,17,2,38.93417780516991,38.93417780516991,00,00,1,0,True,known_visit_horizon,10,4,8,known_visit_horizon,commitment_horizon,8,h8
107,known_visit,DMCHBA,bernoulli,0.25,19,361,4,10,dmchba_h8_bernoulli_025,scenarios/known_visit_10target_300.csv,5,3,15,8.966051108130879,8.966051108130879,03,03,1,0,True,known_visit_horizon,10,4,8,known_visit_horizon,commitment_horizon,8,h8
107,known_visit,DMCHBA,bernoulli,0.25,19,361,4,10,dmchba_h8_bernoulli_025,scenarios/known_visit_10target_300.csv,6,15,7,30.215568932736886,30.215568932736886,01,01,1,0,True,known_visit_horizon,10,4,8,known_visit_horizon,commitment_horizon,8,h8
107,known_visit,DMCHBA,bernoulli,0.25,19,361,4,10,dmchba_h8_bernoulli_025,scenarios/known_visit_10target_300.csv,7,11,16,24.652967300240682,24.652967300240682,03,03,1,0,True,known_visit_horizon,10,4,8,known_visit_horizon,commitment_horizon,8,h8
107,known_visit,DMCHBA,bernoulli,0.25,19,361,4,10,dmchba_h8_bernoulli_025,scenarios/known_visit_10target_300.csv,8,14,14,33.74359067730936,33.74359067730936,03,03,1,0,True,known_visit_horizon,10,4,8,known_visit_horizon,commitment_horizon,8,h8
107,known_visit,DMCHBA,bernoulli,0.25,19,361,4,10,dmchba_h8_bernoulli_025,scenarios/known_visit_10target_300.csv,9,9,5,15.792658363340216,15.792658363340216,01,01,1,0,True,known_visit_horizon,10,4,8,known_visit_horizon,commitment_horizon,8,h8
107,known_visit,DMCHBA,bernoulli,0.25,19,361,4,10,dmchba_h8_bernoulli_025,scenarios/known_visit_10target_300.csv,10,1,8,7.275231962090054,7.275231962090054,02,02,1,0,True,known_visit_horizon,10,4,8,known_visit_horizon,commitment_horizon,8,h8
108,known_visit,DMCHBA,bernoulli,0.25,19,361,4,10,dmchba_h8_bernoulli_025,scenarios/known_visit_10target_300.csv,1,1,12,0.2106385905895923,0.2106385905895923,02,02,1,0,True,known_visit_horizon,10,4,8,known_visit_horizon,commitment_horizon,8,h8
108,known_visit,DMCHBA,bernoulli,0.25,19,361,4,10,dmchba_h8_bernoulli_025,scenarios/known_visit_10target_300.csv,2,0,14,5.939391124760877,5.939391124760877,02,02,1,0,True,known_visit_horizon,10,4,8,known_visit_horizon,commitment_horizon,8,h8
108,known_visit,DMCHBA,bernoulli,0.25,19,361,4,10,dmchba_h8_bernoulli_025,scenarios/known_visit_10target_300.csv,3,8,16,16.384366199718535,16.384366199718535,03,03,1,0,True,known_visit_horizon,10,4,8,known_visit_horizon,commitment_horizon,8,h8
108,known_visit,DMCHBA,bernoulli,0.25,19,361,4,10,dmchba_h8_bernoulli_025,scenarios/known_visit_10target_300.csv,4,11,12,28.800218226238847,28.800218226238847,03,03,1,0,True,known_visit_horizon,10,4,8,known_visit_horizon,commitment_horizon,8,h8
108,known_visit,DMCHBA,bernoulli,0.25,19,361,4,10,dmchba_h8_bernoulli_025,scenarios/known_visit_10target_300.csv,5,11,14,25.199717690133042,25.199717690133042,03,03,1,0,True,known_visit_horizon,10,4,8,known_visit_horizon,commitment_horizon,8,h8
108,known_visit,DMCHBA,bernoulli,0.25,19,361,4,10,dmchba_h8_bernoulli_025,scenarios/known_visit_10target_300.csv,6,4,17,7.563034941905421,7.563034941905421,03,03,1,0,True,known_visit_horizon,10,4,8,known_visit_horizon,commitment_horizon,8,h8
108,known_visit,DMCHBA,bernoulli,0.25,19,361,4,10,dmchba_h8_bernoulli_025,scenarios/known_visit_10target_300.csv,7,2,7,3.7953713152292288,3.7953713152292288,01,01,1,0,True,known_visit_horizon,10,4,8,known_visit_horizon,commitment_horizon,8,h8
108,known_visit,DMCHBA,bernoulli,0.25,19,361,4,10,dmchba_h8_bernoulli_025,scenarios/known_visit_10target_300.csv,8,8,7,18.689655766503,18.689655766503,01,01,1,0,True,known_visit_horizon,10,4,8,known_visit_horizon,commitment_horizon,8,h8
108,known_visit,DMCHBA,bernoulli,0.25,19,361,4,10,dmchba_h8_bernoulli_025,scenarios/known_visit_10target_300.csv,9,6,6,12.865918813175814,12.865918813175814,01,01,1,0,True,known_visit_horizon,10,4,8,known_visit_horizon,commitment_horizon,8,h8
108,known_visit,DMCHBA,bernoulli,0.25,19,361,4,10,dmchba_h8_bernoulli_025,scenarios/known_visit_10target_300.csv,10,9,0,14.553773171729453,14.553773171729453,00,00,1,0,True,known_visit_horizon,10,4,8,known_visit_horizon,commitment_horizon,8,h8
109,known_visit,DMCHBA,bernoulli,0.25,19,361,4,10,dmchba_h8_bernoulli_025,scenarios/known_visit_10target_300.csv,1,4,3,10.561706624341948,10.561706624341948,00,00,1,0,True,known_visit_horizon,10,4,8,known_visit_horizon,commitment_horizon,8,h8
109,known_visit,DMCHBA,bernoulli,0.25,19,361,4,10,dmchba_h8_bernoulli_025,scenarios/known_visit_10target_300.csv,2,13,16,24.120838790807877,24.120838790807877,03,03,1,0,True,known_visit_horizon,10,4,8,known_visit_horizon,commitment_horizon,8,h8
109,known_visit,DMCHBA,bernoulli,0.25,19,361,4,10,dmchba_h8_bernoulli_025,scenarios/known_visit_10target_300.csv,3,13,2,28.428629594506692,28.428629594506692,00,00,1,0,True,known_visit_horizon,10,4,8,known_visit_horizon,commitment_horizon,8,h8
109,known_visit,DMCHBA,bernoulli,0.25,19,361,4,10,dmchba_h8_bernoulli_025,scenarios/known_visit_10target_300.csv,4,13,4,36.176062299878545,36.176062299878545,00,00,1,0,True,known_visit_horizon,10,4,8,known_visit_horizon,commitment_horizon,8,h8
109,known_visit,DMCHBA,bernoulli,0.25,19,361,4,10,dmchba_h8_bernoulli_025,scenarios/known_visit_10target_300.csv,5,5,11,9.157127578581825,9.157127578581825,02,02,1,0,True,known_visit_horizon,10,4,8,known_visit_horizon,commitment_horizon,8,h8
109,known_visit,DMCHBA,bernoulli,0.25,19,361,4,10,dmchba_h8_bernoulli_025,scenarios/known_visit_10target_300.csv,6,15,6,28.39006802043557,28.39006802043557,01,01,1,0,True,known_visit_horizon,10,4,8,known_visit_horizon,commitment_horizon,8,h8
109,known_visit,DMCHBA,bernoulli,0.25,19,361,4,10,dmchba_h8_bernoulli_025,scenarios/known_visit_10target_300.csv,7,17,5,33.74151139197165,33.74151139197165,01,01,1,0,True,known_visit_horizon,10,4,8,known_visit_horizon,commitment_horizon,8,h8
109,known_visit,DMCHBA,bernoulli,0.25,19,361,4,10,dmchba_h8_bernoulli_025,scenarios/known_visit_10target_300.csv,8,14,7,24.311480157319107,24.311480157319107,01,01,1,0,True,known_visit_horizon,10,4,8,known_visit_horizon,commitment_horizon,8,h8
109,known_visit,DMCHBA,bernoulli,0.25,19,361,4,10,dmchba_h8_bernoulli_025,scenarios/known_visit_10target_300.csv,9,17,17,33.22078675286794,33.22078675286794,03,03,1,0,True,known_visit_horizon,10,4,8,known_visit_horizon,commitment_horizon,8,h8
109,known_visit,DMCHBA,bernoulli,0.25,19,361,4,10,dmchba_h8_bernoulli_025,scenarios/known_visit_10target_300.csv,10,4,0,5.148489242999247,5.148489242999247,00,00,1,0,True,known_visit_horizon,10,4,8,known_visit_horizon,commitment_horizon,8,h8
110,known_visit,DMCHBA,bernoulli,0.25,19,361,4,10,dmchba_h8_bernoulli_025,scenarios/known_visit_10target_300.csv,1,11,14,21.46053241948102,21.46053241948102,02,02,1,0,True,known_visit_horizon,10,4,8,known_visit_horizon,commitment_horizon,8,h8
110,known_visit,DMCHBA,bernoulli,0.25,19,361,4,10,dmchba_h8_bernoulli_025,scenarios/known_visit_10target_300.csv,2,0,14,2.1464516817557335,2.1464516817557335,02,02,1,0,True,known_visit_horizon,10,4,8,known_visit_horizon,commitment_horizon,8,h8
110,known_visit,DMCHBA,bernoulli,0.25,19,361,4,10,dmchba_h8_bernoulli_025,scenarios/known_visit_10target_300.csv,3,12,11,27.78463067470425,27.78463067470425,01,01,1,0,True,known_visit_horizon,10,4,8,known_visit_horizon,commitment_horizon,8,h8
110,known_visit,DMCHBA,bernoulli,0.25,19,361,4,10,dmchba_h8_bernoulli_025,scenarios/known_visit_10target_300.csv,4,7,1,19.584851778253935,19.584851778253935,00,00,1,0,True,known_visit_horizon,10,4,8,known_visit_horizon,commitment_horizon,8,h8
110,known_visit,DMCHBA,bernoulli,0.25,19,361,4,10,dmchba_h8_bernoulli_025,scenarios/known_visit_10target_300.csv,5,6,3,14.306928304723968,14.306928304723968,00,00,1,0,True,known_visit_horizon,10,4,8,known_visit_horizon,commitment_horizon,8,h8
110,known_visit,DMCHBA,bernoulli,0.25,19,361,4,10,dmchba_h8_bernoulli_025,scenarios/known_visit_10target_300.csv,6,8,10,18.902034383931355,18.902034383931355,01,01,1,0,True,known_visit_horizon,10,4,8,known_visit_horizon,commitment_horizon,8,h8
110,known_visit,DMCHBA,bernoulli,0.25,19,361,4,10,dmchba_h8_bernoulli_025,scenarios/known_visit_10target_300.csv,7,10,17,25.19556668090787,25.19556668090787,03,03,1,0,True,known_visit_horizon,10,4,8,known_visit_horizon,commitment_horizon,8,h8
110,known_visit,DMCHBA,bernoulli,0.25,19,361,4,10,dmchba_h8_bernoulli_025,scenarios/known_visit_10target_300.csv,8,8,7,13.979031032453543,13.979031032453543,01,01,1,0,True,known_visit_horizon,10,4,8,known_visit_horizon,commitment_horizon,8,h8
110,known_visit,DMCHBA,bernoulli,0.25,19,361,4,10,dmchba_h8_bernoulli_025,scenarios/known_visit_10target_300.csv,9,4,3,10.622284510469695,10.622284510469695,00,00,1,0,True,known_visit_horizon,10,4,8,known_visit_horizon,commitment_horizon,8,h8
110,known_visit,DMCHBA,bernoulli,0.25,19,361,4,10,dmchba_h8_bernoulli_025,scenarios/known_visit_10target_300.csv,10,7,15,15.986536462190864,15.986536462190864,03,03,1,0,True,known_visit_horizon,10,4,8,known_visit_horizon,commitment_horizon,8,h8
111,known_visit,DMCHBA,bernoulli,0.25,19,361,4,10,dmchba_h8_bernoulli_025,scenarios/known_visit_10target_300.csv,1,14,9,42.00815108917868,42.00815108917868,02,02,1,0,True,known_visit_horizon,10,4,8,known_visit_horizon,commitment_horizon,8,h8
111,known_visit,DMCHBA,bernoulli,0.25,19,361,4,10,dmchba_h8_bernoulli_025,scenarios/known_visit_10target_300.csv,2,5,6,7.112704776579455,7.112704776579455,01,01,2,1,True,known_visit_horizon,10,4,8,known_visit_horizon,commitment_horizon,8,h8
111,known_visit,DMCHBA,bernoulli,0.25,19,361,4,10,dmchba_h8_bernoulli_025,scenarios/known_visit_10target_300.csv,3,7,18,15.013421082636311,15.013421082636311,03,03,1,0,True,known_visit_horizon,10,4,8,known_visit_horizon,commitment_horizon,8,h8
111,known_visit,DMCHBA,bernoulli,0.25,19,361,4,10,dmchba_h8_bernoulli_025,scenarios/known_visit_10target_300.csv,4,16,14,29.670422220694856,29.670422220694856,02,02,1,0,True,known_visit_horizon,10,4,8,known_visit_horizon,commitment_horizon,8,h8
111,known_visit,DMCHBA,bernoulli,0.25,19,361,4,10,dmchba_h8_bernoulli_025,scenarios/known_visit_10target_300.csv,5,18,17,36.11767750845092,36.11767750845092,03,03,1,0,True,known_visit_horizon,10,4,8,known_visit_horizon,commitment_horizon,8,h8
111,known_visit,DMCHBA,bernoulli,0.25,19,361,4,10,dmchba_h8_bernoulli_025,scenarios/known_visit_10target_300.csv,6,13,7,22.659007272466642,22.659007272466642,01,01,1,0,True,known_visit_horizon,10,4,8,known_visit_horizon,commitment_horizon,8,h8
111,known_visit,DMCHBA,bernoulli,0.25,19,361,4,10,dmchba_h8_bernoulli_025,scenarios/known_visit_10target_300.csv,7,1,6,0.19099379235701325,0.19099379235701325,01,01,2,1,True,known_visit_horizon,10,4,8,known_visit_horizon,commitment_horizon,8,h8
111,known_visit,DMCHBA,bernoulli,0.25,19,361,4,10,dmchba_h8_bernoulli_025,scenarios/known_visit_10target_300.csv,8,10,6,15.590162448212856,15.590162448212856,01,01,2,1,True,known_visit_horizon,10,4,8,known_visit_horizon,commitment_horizon,8,h8
111,known_visit,DMCHBA,bernoulli,0.25,19,361,4,10,dmchba_h8_bernoulli_025,scenarios/known_visit_10target_300.csv,9,15,1,36.801287571537415,36.801287571537415,01,01,1,0,True,known_visit_horizon,10,4,8,known_visit_horizon,commitment_horizon,8,h8
111,known_visit,DMCHBA,bernoulli,0.25,19,361,4,10,dmchba_h8_bernoulli_025,scenarios/known_visit_10target_300.csv,10,2,14,5.596663293362131,5.596663293362131,02,02,1,0,True,known_visit_horizon,10,4,8,known_visit_horizon,commitment_horizon,8,h8
112,known_visit,DMCHBA,bernoulli,0.25,19,361,4,10,dmchba_h8_bernoulli_025,scenarios/known_visit_10target_300.csv,1,7,8,21.922129752513595,21.922129752513595,02,02,1,0,True,known_visit_horizon,10,4,8,known_visit_horizon,commitment_horizon,8,h8
112,known_visit,DMCHBA,bernoulli,0.25,19,361,4,10,dmchba_h8_bernoulli_025,scenarios/known_visit_10target_300.csv,2,7,18,14.923285639280609,14.923285639280609,03,03,1,0,True,known_visit_horizon,10,4,8,known_visit_horizon,commitment_horizon,8,h8
112,known_visit,DMCHBA,bernoulli,0.25,19,361,4,10,dmchba_h8_bernoulli_025,scenarios/known_visit_10target_300.csv,3,17,8,31.42201090312578,31.42201090312578,01,01,1,0,True,known_visit_horizon,10,4,8,known_visit_horizon,commitment_horizon,8,h8
112,known_visit,DMCHBA,bernoulli,0.25,19,361,4,10,dmchba_h8_bernoulli_025,scenarios/known_visit_10target_300.csv,4,7,6,10.415027739545698,10.415027739545698,01,01,1,0,True,known_visit_horizon,10,4,8,known_visit_horizon,commitment_horizon,8,h8
112,known_visit,DMCHBA,bernoulli,0.25,19,361,4,10,dmchba_h8_bernoulli_025,scenarios/known_visit_10target_300.csv,5,3,10,11.30892044224805,11.30892044224805,02,02,1,0,True,known_visit_horizon,10,4,8,known_visit_horizon,commitment_horizon,8,h8
112,known_visit,DMCHBA,bernoulli,0.25,19,361,4,10,dmchba_h8_bernoulli_025,scenarios/known_visit_10target_300.csv,6,1,17,2.1218582159028236,2.1218582159028236,03,03,1,0,True,known_visit_horizon,10,4,8,known_visit_horizon,commitment_horizon,8,h8
112,known_visit,DMCHBA,bernoulli,0.25,19,361,4,10,dmchba_h8_bernoulli_025,scenarios/known_visit_10target_300.csv,7,1,13,2.143243298946357,2.143243298946357,02,02,1,0,True,known_visit_horizon,10,4,8,known_visit_horizon,commitment_horizon,8,h8
112,known_visit,DMCHBA,bernoulli,0.25,19,361,4,10,dmchba_h8_bernoulli_025,scenarios/known_visit_10target_300.csv,8,15,7,25.917271379288653,25.917271379288653,01,01,1,0,True,known_visit_horizon,10,4,8,known_visit_horizon,commitment_horizon,8,h8
112,known_visit,DMCHBA,bernoulli,0.25,19,361,4,10,dmchba_h8_bernoulli_025,scenarios/known_visit_10target_300.csv,9,16,15,35.85136451034951,35.85136451034951,03,03,1,0,True,known_visit_horizon,10,4,8,known_visit_horizon,commitment_horizon,8,h8
112,known_visit,DMCHBA,bernoulli,0.25,19,361,4,10,dmchba_h8_bernoulli_025,scenarios/known_visit_10target_300.csv,10,12,4,26.635593126108493,26.635593126108493,00,00,1,0,True,known_visit_horizon,10,4,8,known_visit_horizon,commitment_horizon,8,h8
113,known_visit,DMCHBA,bernoulli,0.25,19,361,4,10,dmchba_h8_bernoulli_025,scenarios/known_visit_10target_300.csv,1,14,3,28.15451730519022,28.15451730519022,00,00,1,0,True,known_visit_horizon,10,4,8,known_visit_horizon,commitment_horizon,8,h8
113,known_visit,DMCHBA,bernoulli,0.25,19,361,4,10,dmchba_h8_bernoulli_025,scenarios/known_visit_10target_300.csv,2,8,0,12.320255577954189,12.320255577954189,00,00,1,0,True,known_visit_horizon,10,4,8,known_visit_horizon,commitment_horizon,8,h8
113,known_visit,DMCHBA,bernoulli,0.25,19,361,4,10,dmchba_h8_bernoulli_025,scenarios/known_visit_10target_300.csv,3,1,15,5.710914194126855,5.710914194126855,02,02,1,0,True,known_visit_horizon,10,4,8,known_visit_horizon,commitment_horizon,8,h8
113,known_visit,DMCHBA,bernoulli,0.25,19,361,4,10,dmchba_h8_bernoulli_025,scenarios/known_visit_10target_300.csv,4,14,13,52.645571980405805,52.645571980405805,02,02,1,0,True,known_visit_horizon,10,4,8,known_visit_horizon,commitment_horizon,8,h8
113,known_visit,DMCHBA,bernoulli,0.25,19,361,4,10,dmchba_h8_bernoulli_025,scenarios/known_visit_10target_300.csv,5,17,8,41.815475813961946,41.815475813961946,00,00,2,1,True,known_visit_horizon,10,4,8,known_visit_horizon,commitment_horizon,8,h8
113,known_visit,DMCHBA,bernoulli,0.25,19,361,4,10,dmchba_h8_bernoulli_025,scenarios/known_visit_10target_300.csv,6,18,9,45.458922965035875,45.458922965035875,00,00,1,0,True,known_visit_horizon,10,4,8,known_visit_horizon,commitment_horizon,8,h8
113,known_visit,DMCHBA,bernoulli,0.25,19,361,4,10,dmchba_h8_bernoulli_025,scenarios/known_visit_10target_300.csv,7,17,15,33.13944118893057,33.13944118893057,03,03,1,0,True,known_visit_horizon,10,4,8,known_visit_horizon,commitment_horizon,8,h8
113,known_visit,DMCHBA,bernoulli,0.25,19,361,4,10,dmchba_h8_bernoulli_025,scenarios/known_visit_10target_300.csv,8,5,17,9.123215081786611,9.123215081786611,03,03,2,1,True,known_visit_horizon,10,4,8,known_visit_horizon,commitment_horizon,8,h8
113,known_visit,DMCHBA,bernoulli,0.25,19,361,4,10,dmchba_h8_bernoulli_025,scenarios/known_visit_10target_300.csv,9,13,0,20.92429970381991,20.92429970381991,00,00,1,0,True,known_visit_horizon,10,4,8,known_visit_horizon,commitment_horizon,8,h8
113,known_visit,DMCHBA,bernoulli,0.25,19,361,4,10,dmchba_h8_bernoulli_025,scenarios/known_visit_10target_300.csv,10,10,3,21.1179047312512,21.1179047312512,01,01,1,0,True,known_visit_horizon,10,4,8,known_visit_horizon,commitment_horizon,8,h8
114,known_visit,DMCHBA,bernoulli,0.25,19,361,4,10,dmchba_h8_bernoulli_025,scenarios/known_visit_10target_300.csv,1,14,10,29.872217277298144,29.872217277298144,02,02,1,0,True,known_visit_horizon,10,4,8,known_visit_horizon,commitment_horizon,8,h8
114,known_visit,DMCHBA,bernoulli,0.25,19,361,4,10,dmchba_h8_bernoulli_025,scenarios/known_visit_10target_300.csv,2,4,4,9.290366411625284,9.290366411625284,01,01,1,0,True,known_visit_horizon,10,4,8,known_visit_horizon,commitment_horizon,8,h8
114,known_visit,DMCHBA,bernoulli,0.25,19,361,4,10,dmchba_h8_bernoulli_025,scenarios/known_visit_10target_300.csv,3,15,4,32.135248809446175,32.135248809446175,01,01,1,0,True,known_visit_horizon,10,4,8,known_visit_horizon,commitment_horizon,8,h8
114,known_visit,DMCHBA,bernoulli,0.25,19,361,4,10,dmchba_h8_bernoulli_025,scenarios/known_visit_10target_300.csv,4,17,13,40.55471867485569,40.55471867485569,02,02,1,0,True,known_visit_horizon,10,4,8,known_visit_horizon,commitment_horizon,8,h8
114,known_visit,DMCHBA,bernoulli,0.25,19,361,4,10,dmchba_h8_bernoulli_025,scenarios/known_visit_10target_300.csv,5,2,2,5.770266354882356,5.770266354882356,00,00,1,0,True,known_visit_horizon,10,4,8,known_visit_horizon,commitment_horizon,8,h8
114,known_visit,DMCHBA,bernoulli,0.25,19,361,4,10,dmchba_h8_bernoulli_025,scenarios/known_visit_10target_300.csv,6,13,3,26.419873959942358,26.419873959942358,00,00,1,0,True,known_visit_horizon,10,4,8,known_visit_horizon,commitment_horizon,8,h8
114,known_visit,DMCHBA,bernoulli,0.25,19,361,4,10,dmchba_h8_bernoulli_025,scenarios/known_visit_10target_300.csv,7,11,5,23.101806283880233,23.101806283880233,01,01,1,0,True,known_visit_horizon,10,4,8,known_visit_horizon,commitment_horizon,8,h8
114,known_visit,DMCHBA,bernoulli,0.25,19,361,4,10,dmchba_h8_bernoulli_025,scenarios/known_visit_10target_300.csv,8,10,13,17.658312587719855,17.658312587719855,02,02,1,0,True,known_visit_horizon,10,4,8,known_visit_horizon,commitment_horizon,8,h8
114,known_visit,DMCHBA,bernoulli,0.25,19,361,4,10,dmchba_h8_bernoulli_025,scenarios/known_visit_10target_300.csv,9,9,15,18.997305105571943,18.997305105571943,03,03,1,0,True,known_visit_horizon,10,4,8,known_visit_horizon,commitment_horizon,8,h8
114,known_visit,DMCHBA,bernoulli,0.25,19,361,4,10,dmchba_h8_bernoulli_025,scenarios/known_visit_10target_300.csv,10,18,18,40.129058705506786,40.129058705506786,03,03,1,0,True,known_visit_horizon,10,4,8,known_visit_horizon,commitment_horizon,8,h8
115,known_visit,DMCHBA,bernoulli,0.25,19,361,4,10,dmchba_h8_bernoulli_025,scenarios/known_visit_10target_300.csv,1,15,5,33.675383109894305,33.675383109894305,00,00,1,0,True,known_visit_horizon,10,4,8,known_visit_horizon,commitment_horizon,8,h8
115,known_visit,DMCHBA,bernoulli,0.25,19,361,4,10,dmchba_h8_bernoulli_025,scenarios/known_visit_10target_300.csv,2,8,6,12.015393006069768,12.015393006069768,01,01,1,0,True,known_visit_horizon,10,4,8,known_visit_horizon,commitment_horizon,8,h8
115,known_visit,DMCHBA,bernoulli,0.25,19,361,4,10,dmchba_h8_bernoulli_025,scenarios/known_visit_10target_300.csv,3,11,3,23.039081712936014,23.039081712936014,00,00,1,0,True,known_visit_horizon,10,4,8,known_visit_horizon,commitment_horizon,8,h8
115,known_visit,DMCHBA,bernoulli,0.25,19,361,4,10,dmchba_h8_bernoulli_025,scenarios/known_visit_10target_300.csv,4,7,6,10.38216271801178,10.38216271801178,01,01,1,0,True,known_visit_horizon,10,4,8,known_visit_horizon,commitment_horizon,8,h8
115,known_visit,DMCHBA,bernoulli,0.25,19,361,4,10,dmchba_h8_bernoulli_025,scenarios/known_visit_10target_300.csv,5,8,10,15.936864817115929,15.936864817115929,02,02,1,0,True,known_visit_horizon,10,4,8,known_visit_horizon,commitment_horizon,8,h8
115,known_visit,DMCHBA,bernoulli,0.25,19,361,4,10,dmchba_h8_bernoulli_025,scenarios/known_visit_10target_300.csv,6,11,9,22.803243024077197,22.803243024077197,01,01,1,0,True,known_visit_horizon,10,4,8,known_visit_horizon,commitment_horizon,8,h8
115,known_visit,DMCHBA,bernoulli,0.25,19,361,4,10,dmchba_h8_bernoulli_025,scenarios/known_visit_10target_300.csv,7,10,16,24.020327958686085,24.020327958686085,03,03,1,0,True,known_visit_horizon,10,4,8,known_visit_horizon,commitment_horizon,8,h8
115,known_visit,DMCHBA,bernoulli,0.25,19,361,4,10,dmchba_h8_bernoulli_025,scenarios/known_visit_10target_300.csv,8,1,16,3.9884522205059865,3.9884522205059865,03,03,1,0,True,known_visit_horizon,10,4,8,known_visit_horizon,commitment_horizon,8,h8
115,known_visit,DMCHBA,bernoulli,0.25,19,361,4,10,dmchba_h8_bernoulli_025,scenarios/known_visit_10target_300.csv,9,2,17,7.999987351993094,7.999987351993094,03,03,1,0,True,known_visit_horizon,10,4,8,known_visit_horizon,commitment_horizon,8,h8
115,known_visit,DMCHBA,bernoulli,0.25,19,361,4,10,dmchba_h8_bernoulli_025,scenarios/known_visit_10target_300.csv,10,11,13,26.719247065640264,26.719247065640264,02,02,1,0,True,known_visit_horizon,10,4,8,known_visit_horizon,commitment_horizon,8,h8
116,known_visit,DMCHBA,bernoulli,0.25,19,361,4,10,dmchba_h8_bernoulli_025,scenarios/known_visit_10target_300.csv,1,18,2,32.550077828927115,32.550077828927115,00,00,1,0,True,known_visit_horizon,10,4,8,known_visit_horizon,commitment_horizon,8,h8
116,known_visit,DMCHBA,bernoulli,0.25,19,361,4,10,dmchba_h8_bernoulli_025,scenarios/known_visit_10target_300.csv,2,14,16,33.89966603237934,33.89966603237934,02,02,1,0,True,known_visit_horizon,10,4,8,known_visit_horizon,commitment_horizon,8,h8
116,known_visit,DMCHBA,bernoulli,0.25,19,361,4,10,dmchba_h8_bernoulli_025,scenarios/known_visit_10target_300.csv,3,14,0,22.001479235435607,22.001479235435607,00,00,1,0,True,known_visit_horizon,10,4,8,known_visit_horizon,commitment_horizon,8,h8
116,known_visit,DMCHBA,bernoulli,0.25,19,361,4,10,dmchba_h8_bernoulli_025,scenarios/known_visit_10target_300.csv,4,6,14,16.200036125690517,16.200036125690517,03,03,1,0,True,known_visit_horizon,10,4,8,known_visit_horizon,commitment_horizon,8,h8
116,known_visit,DMCHBA,bernoulli,0.25,19,361,4,10,dmchba_h8_bernoulli_025,scenarios/known_visit_10target_300.csv,5,4,16,9.032314600532683,9.032314600532683,03,03,1,0,True,known_visit_horizon,10,4,8,known_visit_horizon,commitment_horizon,8,h8
116,known_visit,DMCHBA,bernoulli,0.25,19,361,4,10,dmchba_h8_bernoulli_025,scenarios/known_visit_10target_300.csv,6,14,9,27.76234405627089,27.76234405627089,01,01,1,0,True,known_visit_horizon,10,4,8,known_visit_horizon,commitment_horizon,8,h8
116,known_visit,DMCHBA,bernoulli,0.25,19,361,4,10,dmchba_h8_bernoulli_025,scenarios/known_visit_10target_300.csv,7,6,13,10.651390300825078,10.651390300825078,02,02,2,1,True,known_visit_horizon,10,4,8,known_visit_horizon,commitment_horizon,8,h8
116,known_visit,DMCHBA,bernoulli,0.25,19,361,4,10,dmchba_h8_bernoulli_025,scenarios/known_visit_10target_300.csv,8,8,12,16.402350235006192,16.402350235006192,02,02,1,0,True,known_visit_horizon,10,4,8,known_visit_horizon,commitment_horizon,8,h8
116,known_visit,DMCHBA,bernoulli,0.25,19,361,4,10,dmchba_h8_bernoulli_025,scenarios/known_visit_10target_300.csv,9,8,8,15.605890971177464,15.605890971177464,01,01,2,1,True,known_visit_horizon,10,4,8,known_visit_horizon,commitment_horizon,8,h8
116,known_visit,DMCHBA,bernoulli,0.25,19,361,4,10,dmchba_h8_bernoulli_025,scenarios/known_visit_10target_300.csv,10,7,0,10.19534415657235,10.19534415657235,00,00,1,0,True,known_visit_horizon,10,4,8,known_visit_horizon,commitment_horizon,8,h8
117,known_visit,DMCHBA,bernoulli,0.25,19,361,4,10,dmchba_h8_bernoulli_025,scenarios/known_visit_10target_300.csv,1,18,5,48.0401537878942,48.0401537878942,01,01,1,0,True,known_visit_horizon,10,4,8,known_visit_horizon,commitment_horizon,8,h8
117,known_visit,DMCHBA,bernoulli,0.25,19,361,4,10,dmchba_h8_bernoulli_025,scenarios/known_visit_10target_300.csv,2,2,15,7.235101043791303,7.235101043791303,03,03,1,0,True,known_visit_horizon,10,4,8,known_visit_horizon,commitment_horizon,8,h8
117,known_visit,DMCHBA,bernoulli,0.25,19,361,4,10,dmchba_h8_bernoulli_025,scenarios/known_visit_10target_300.csv,3,14,17,31.53664273387217,31.53664273387217,03,03,2,1,True,known_visit_horizon,10,4,8,known_visit_horizon,commitment_horizon,8,h8
117,known_visit,DMCHBA,bernoulli,0.25,19,361,4,10,dmchba_h8_bernoulli_025,scenarios/known_visit_10target_300.csv,4,8,4,17.97561874117743,17.97561874117743,01,01,2,1,True,known_visit_horizon,10,4,8,known_visit_horizon,commitment_horizon,8,h8
117,known_visit,DMCHBA,bernoulli,0.25,19,361,4,10,dmchba_h8_bernoulli_025,scenarios/known_visit_10target_300.csv,5,18,17,38.67141732662793,38.67141732662793,03,03,1,0,True,known_visit_horizon,10,4,8,known_visit_horizon,commitment_horizon,8,h8
117,known_visit,DMCHBA,bernoulli,0.25,19,361,4,10,dmchba_h8_bernoulli_025,scenarios/known_visit_10target_300.csv,6,9,13,19.622758500117815,19.622758500117815,02,02,2,1,True,known_visit_horizon,10,4,8,known_visit_horizon,commitment_horizon,8,h8
117,known_visit,DMCHBA,bernoulli,0.25,19,361,4,10,dmchba_h8_bernoulli_025,scenarios/known_visit_10target_300.csv,7,2,13,3.907013610953078,3.907013610953078,02,02,1,0,True,known_visit_horizon,10,4,8,known_visit_horizon,commitment_horizon,8,h8
117,known_visit,DMCHBA,bernoulli,0.25,19,361,4,10,dmchba_h8_bernoulli_025,scenarios/known_visit_10target_300.csv,8,16,14,33.52203766852766,33.52203766852766,02,02,1,0,True,known_visit_horizon,10,4,8,known_visit_horizon,commitment_horizon,8,h8
117,known_visit,DMCHBA,bernoulli,0.25,19,361,4,10,dmchba_h8_bernoulli_025,scenarios/known_visit_10target_300.csv,9,10,8,28.75366412154018,28.75366412154018,01,01,2,1,True,known_visit_horizon,10,4,8,known_visit_horizon,commitment_horizon,8,h8
117,known_visit,DMCHBA,bernoulli,0.25,19,361,4,10,dmchba_h8_bernoulli_025,scenarios/known_visit_10target_300.csv,10,3,2,7.3886775960321165,7.3886775960321165,00,00,1,0,True,known_visit_horizon,10,4,8,known_visit_horizon,commitment_horizon,8,h8
118,known_visit,DMCHBA,bernoulli,0.25,19,361,4,10,dmchba_h8_bernoulli_025,scenarios/known_visit_10target_300.csv,1,1,7,2.156429615067822,2.156429615067822,01,01,2,1,True,known_visit_horizon,10,4,8,known_visit_horizon,commitment_horizon,8,h8
118,known_visit,DMCHBA,bernoulli,0.25,19,361,4,10,dmchba_h8_bernoulli_025,scenarios/known_visit_10target_300.csv,2,14,3,27.889885172866258,27.889885172866258,00,00,1,0,True,known_visit_horizon,10,4,8,known_visit_horizon,commitment_horizon,8,h8
118,known_visit,DMCHBA,bernoulli,0.25,19,361,4,10,dmchba_h8_bernoulli_025,scenarios/known_visit_10target_300.csv,3,8,16,15.749275904946822,15.749275904946822,03,03,1,0,True,known_visit_horizon,10,4,8,known_visit_horizon,commitment_horizon,8,h8
118,known_visit,DMCHBA,bernoulli,0.25,19,361,4,10,dmchba_h8_bernoulli_025,scenarios/known_visit_10target_300.csv,4,17,10,41.83576522724858,41.83576522724858,03,03,1,0,True,known_visit_horizon,10,4,8,known_visit_horizon,commitment_horizon,8,h8
118,known_visit,DMCHBA,bernoulli,0.25,19,361,4,10,dmchba_h8_bernoulli_025,scenarios/known_visit_10target_300.csv,5,3,5,9.357181791101429,9.357181791101429,01,01,1,0,True,known_visit_horizon,10,4,8,known_visit_horizon,commitment_horizon,8,h8
118,known_visit,DMCHBA,bernoulli,0.25,19,361,4,10,dmchba_h8_bernoulli_025,scenarios/known_visit_10target_300.csv,6,12,8,51.56586689600351,51.56586689600351,02,02,1,0,True,known_visit_horizon,10,4,8,known_visit_horizon,commitment_horizon,8,h8
118,known_visit,DMCHBA,bernoulli,0.25,19,361,4,10,dmchba_h8_bernoulli_025,scenarios/known_visit_10target_300.csv,7,18,7,39.002935317582704,39.002935317582704,01,01,1,0,True,known_visit_horizon,10,4,8,known_visit_horizon,commitment_horizon,8,h8
118,known_visit,DMCHBA,bernoulli,0.25,19,361,4,10,dmchba_h8_bernoulli_025,scenarios/known_visit_10target_300.csv,8,8,10,26.168209331461288,26.168209331461288,03,03,1,0,True,known_visit_horizon,10,4,8,known_visit_horizon,commitment_horizon,8,h8
118,known_visit,DMCHBA,bernoulli,0.25,19,361,4,10,dmchba_h8_bernoulli_025,scenarios/known_visit_10target_300.csv,9,12,1,20.728413695616418,20.728413695616418,00,00,1,0,True,known_visit_horizon,10,4,8,known_visit_horizon,commitment_horizon,8,h8
118,known_visit,DMCHBA,bernoulli,0.25,19,361,4,10,dmchba_h8_bernoulli_025,scenarios/known_visit_10target_300.csv,10,12,5,25.175436000169633,25.175436000169633,01,01,2,1,True,known_visit_horizon,10,4,8,known_visit_horizon,commitment_horizon,8,h8
119,known_visit,DMCHBA,bernoulli,0.25,19,361,4,10,dmchba_h8_bernoulli_025,scenarios/known_visit_10target_300.csv,1,1,1,2.295849575306833,2.295849575306833,00,00,1,0,True,known_visit_horizon,10,4,8,known_visit_horizon,commitment_horizon,8,h8
119,known_visit,DMCHBA,bernoulli,0.25,19,361,4,10,dmchba_h8_bernoulli_025,scenarios/known_visit_10target_300.csv,2,11,8,25.76373469233672,25.76373469233672,01,01,1,0,True,known_visit_horizon,10,4,8,known_visit_horizon,commitment_horizon,8,h8
119,known_visit,DMCHBA,bernoulli,0.25,19,361,4,10,dmchba_h8_bernoulli_025,scenarios/known_visit_10target_300.csv,3,15,6,35.41783608903316,35.41783608903316,00,00,1,0,True,known_visit_horizon,10,4,8,known_visit_horizon,commitment_horizon,8,h8
119,known_visit,DMCHBA,bernoulli,0.25,19,361,4,10,dmchba_h8_bernoulli_025,scenarios/known_visit_10target_300.csv,4,6,9,14.218283671460965,14.218283671460965,02,02,1,0,True,known_visit_horizon,10,4,8,known_visit_horizon,commitment_horizon,8,h8
119,known_visit,DMCHBA,bernoulli,0.25,19,361,4,10,dmchba_h8_bernoulli_025,scenarios/known_visit_10target_300.csv,5,18,11,38.451924304090575,38.451924304090575,02,02,1,0,True,known_visit_horizon,10,4,8,known_visit_horizon,commitment_horizon,8,h8
119,known_visit,DMCHBA,bernoulli,0.25,19,361,4,10,dmchba_h8_bernoulli_025,scenarios/known_visit_10target_300.csv,6,4,18,5.376941971028386,5.376941971028386,03,03,1,0,True,known_visit_horizon,10,4,8,known_visit_horizon,commitment_horizon,8,h8
119,known_visit,DMCHBA,bernoulli,0.25,19,361,4,10,dmchba_h8_bernoulli_025,scenarios/known_visit_10target_300.csv,7,17,17,30.001438033692924,30.001438033692924,03,03,1,0,True,known_visit_horizon,10,4,8,known_visit_horizon,commitment_horizon,8,h8
119,known_visit,DMCHBA,bernoulli,0.25,19,361,4,10,dmchba_h8_bernoulli_025,scenarios/known_visit_10target_300.csv,8,16,17,27.989484525555266,27.989484525555266,03,03,1,0,True,known_visit_horizon,10,4,8,known_visit_horizon,commitment_horizon,8,h8
119,known_visit,DMCHBA,bernoulli,0.25,19,361,4,10,dmchba_h8_bernoulli_025,scenarios/known_visit_10target_300.csv,9,3,6,7.897271589215083,7.897271589215083,01,01,2,1,True,known_visit_horizon,10,4,8,known_visit_horizon,commitment_horizon,8,h8
119,known_visit,DMCHBA,bernoulli,0.25,19,361,4,10,dmchba_h8_bernoulli_025,scenarios/known_visit_10target_300.csv,10,2,7,3.9125905301503434,3.9125905301503434,01,01,1,0,True,known_visit_horizon,10,4,8,known_visit_horizon,commitment_horizon,8,h8
120,known_visit,DMCHBA,bernoulli,0.25,19,361,4,10,dmchba_h8_bernoulli_025,scenarios/known_visit_10target_300.csv,1,7,9,16.387876353056114,16.387876353056114,01,01,1,0,True,known_visit_horizon,10,4,8,known_visit_horizon,commitment_horizon,8,h8
120,known_visit,DMCHBA,bernoulli,0.25,19,361,4,10,dmchba_h8_bernoulli_025,scenarios/known_visit_10target_300.csv,2,5,18,11.228978602074283,11.228978602074283,03,03,1,0,True,known_visit_horizon,10,4,8,known_visit_horizon,commitment_horizon,8,h8
120,known_visit,DMCHBA,bernoulli,0.25,19,361,4,10,dmchba_h8_bernoulli_025,scenarios/known_visit_10target_300.csv,3,8,4,29.482877055095745,29.482877055095745,00,00,1,0,True,known_visit_horizon,10,4,8,known_visit_horizon,commitment_horizon,8,h8
120,known_visit,DMCHBA,bernoulli,0.25,19,361,4,10,dmchba_h8_bernoulli_025,scenarios/known_visit_10target_300.csv,4,6,8,12.555311376533508,12.555311376533508,01,01,1,0,True,known_visit_horizon,10,4,8,known_visit_horizon,commitment_horizon,8,h8
120,known_visit,DMCHBA,bernoulli,0.25,19,361,4,10,dmchba_h8_bernoulli_025,scenarios/known_visit_10target_300.csv,5,9,0,13.698651850221603,13.698651850221603,00,00,1,0,True,known_visit_horizon,10,4,8,known_visit_horizon,commitment_horizon,8,h8
120,known_visit,DMCHBA,bernoulli,0.25,19,361,4,10,dmchba_h8_bernoulli_025,scenarios/known_visit_10target_300.csv,6,13,9,26.641227906263737,26.641227906263737,01,01,1,0,True,known_visit_horizon,10,4,8,known_visit_horizon,commitment_horizon,8,h8
120,known_visit,DMCHBA,bernoulli,0.25,19,361,4,10,dmchba_h8_bernoulli_025,scenarios/known_visit_10target_300.csv,7,11,15,27.120773375923346,27.120773375923346,03,03,1,0,True,known_visit_horizon,10,4,8,known_visit_horizon,commitment_horizon,8,h8
120,known_visit,DMCHBA,bernoulli,0.25,19,361,4,10,dmchba_h8_bernoulli_025,scenarios/known_visit_10target_300.csv,8,13,14,32.51594591519596,32.51594591519596,03,03,1,0,True,known_visit_horizon,10,4,8,known_visit_horizon,commitment_horizon,8,h8
120,known_visit,DMCHBA,bernoulli,0.25,19,361,4,10,dmchba_h8_bernoulli_025,scenarios/known_visit_10target_300.csv,9,11,1,19.242800051968302,19.242800051968302,00,00,1,0,True,known_visit_horizon,10,4,8,known_visit_horizon,commitment_horizon,8,h8
120,known_visit,DMCHBA,bernoulli,0.25,19,361,4,10,dmchba_h8_bernoulli_025,scenarios/known_visit_10target_300.csv,10,2,17,3.8604173731163756,3.8604173731163756,03,03,1,0,True,known_visit_horizon,10,4,8,known_visit_horizon,commitment_horizon,8,h8
121,known_visit,DMCHBA,bernoulli,0.25,19,361,4,10,dmchba_h8_bernoulli_025,scenarios/known_visit_10target_300.csv,1,2,4,35.234444104064494,35.234444104064494,03,03,1,0,True,known_visit_horizon,10,4,8,known_visit_horizon,commitment_horizon,8,h8
121,known_visit,DMCHBA,bernoulli,0.25,19,361,4,10,dmchba_h8_bernoulli_025,scenarios/known_visit_10target_300.csv,2,11,9,26.35570313073504,26.35570313073504,02,02,1,0,True,known_visit_horizon,10,4,8,known_visit_horizon,commitment_horizon,8,h8
121,known_visit,DMCHBA,bernoulli,0.25,19,361,4,10,dmchba_h8_bernoulli_025,scenarios/known_visit_10target_300.csv,3,12,0,18.948459188150057,18.948459188150057,00,00,1,0,True,known_visit_horizon,10,4,8,known_visit_horizon,commitment_horizon,8,h8
121,known_visit,DMCHBA,bernoulli,0.25,19,361,4,10,dmchba_h8_bernoulli_025,scenarios/known_visit_10target_300.csv,4,7,13,12.521959606425641,12.521959606425641,02,02,1,0,True,known_visit_horizon,10,4,8,known_visit_horizon,commitment_horizon,8,h8
121,known_visit,DMCHBA,bernoulli,0.25,19,361,4,10,dmchba_h8_bernoulli_025,scenarios/known_visit_10target_300.csv,5,1,17,2.308243209238701,2.308243209238701,03,03,1,0,True,known_visit_horizon,10,4,8,known_visit_horizon,commitment_horizon,8,h8
121,known_visit,DMCHBA,bernoulli,0.25,19,361,4,10,dmchba_h8_bernoulli_025,scenarios/known_visit_10target_300.csv,6,13,1,22.74324362538953,22.74324362538953,00,00,1,0,True,known_visit_horizon,10,4,8,known_visit_horizon,commitment_horizon,8,h8
121,known_visit,DMCHBA,bernoulli,0.25,19,361,4,10,dmchba_h8_bernoulli_025,scenarios/known_visit_10target_300.csv,7,13,0,20.680105184585038,20.680105184585038,00,00,1,0,True,known_visit_horizon,10,4,8,known_visit_horizon,commitment_horizon,8,h8
121,known_visit,DMCHBA,bernoulli,0.25,19,361,4,10,dmchba_h8_bernoulli_025,scenarios/known_visit_10target_300.csv,8,11,6,17.14650180156987,17.14650180156987,01,01,2,1,True,known_visit_horizon,10,4,8,known_visit_horizon,commitment_horizon,8,h8
121,known_visit,DMCHBA,bernoulli,0.25,19,361,4,10,dmchba_h8_bernoulli_025,scenarios/known_visit_10target_300.csv,9,5,1,36.46197996941755,36.46197996941755,00,00,1,0,True,known_visit_horizon,10,4,8,known_visit_horizon,commitment_horizon,8,h8
121,known_visit,DMCHBA,bernoulli,0.25,19,361,4,10,dmchba_h8_bernoulli_025,scenarios/known_visit_10target_300.csv,10,7,0,10.438360564977682,10.438360564977682,00,00,1,0,True,known_visit_horizon,10,4,8,known_visit_horizon,commitment_horizon,8,h8
122,known_visit,DMCHBA,bernoulli,0.25,19,361,4,10,dmchba_h8_bernoulli_025,scenarios/known_visit_10target_300.csv,1,3,6,3.4300286263030855,3.4300286263030855,01,01,1,0,True,known_visit_horizon,10,4,8,known_visit_horizon,commitment_horizon,8,h8
122,known_visit,DMCHBA,bernoulli,0.25,19,361,4,10,dmchba_h8_bernoulli_025,scenarios/known_visit_10target_300.csv,2,14,17,24.204735867519748,24.204735867519748,03,03,1,0,True,known_visit_horizon,10,4,8,known_visit_horizon,commitment_horizon,8,h8
122,known_visit,DMCHBA,bernoulli,0.25,19,361,4,10,dmchba_h8_bernoulli_025,scenarios/known_visit_10target_300.csv,3,17,8,34.784228344782576,34.784228344782576,01,01,2,1,True,known_visit_horizon,10,4,8,known_visit_horizon,commitment_horizon,8,h8
122,known_visit,DMCHBA,bernoulli,0.25,19,361,4,10,dmchba_h8_bernoulli_025,scenarios/known_visit_10target_300.csv,4,16,1,35.000053596723625,35.000053596723625,00,00,1,0,True,known_visit_horizon,10,4,8,known_visit_horizon,commitment_horizon,8,h8
122,known_visit,DMCHBA,bernoulli,0.25,19,361,4,10,dmchba_h8_bernoulli_025,scenarios/known_visit_10target_300.csv,5,13,1,22.572546440846846,22.572546440846846,00,00,1,0,True,known_visit_horizon,10,4,8,known_visit_horizon,commitment_horizon,8,h8
122,known_visit,DMCHBA,bernoulli,0.25,19,361,4,10,dmchba_h8_bernoulli_025,scenarios/known_visit_10target_300.csv,6,7,9,15.699687867199787,15.699687867199787,01,01,1,0,True,known_visit_horizon,10,4,8,known_visit_horizon,commitment_horizon,8,h8
122,known_visit,DMCHBA,bernoulli,0.25,19,361,4,10,dmchba_h8_bernoulli_025,scenarios/known_visit_10target_300.csv,7,1,18,0.17901776183318435,0.17901776183318435,03,03,1,0,True,known_visit_horizon,10,4,8,known_visit_horizon,commitment_horizon,8,h8
122,known_visit,DMCHBA,bernoulli,0.25,19,361,4,10,dmchba_h8_bernoulli_025,scenarios/known_visit_10target_300.csv,8,9,11,19.959179382672332,19.959179382672332,02,02,1,0,True,known_visit_horizon,10,4,8,known_visit_horizon,commitment_horizon,8,h8
122,known_visit,DMCHBA,bernoulli,0.25,19,361,4,10,dmchba_h8_bernoulli_025,scenarios/known_visit_10target_300.csv,9,13,3,25.829825534544792,25.829825534544792,00,00,1,0,True,known_visit_horizon,10,4,8,known_visit_horizon,commitment_horizon,8,h8
122,known_visit,DMCHBA,bernoulli,0.25,19,361,4,10,dmchba_h8_bernoulli_025,scenarios/known_visit_10target_300.csv,10,16,5,42.78157250650865,42.78157250650865,01,01,1,0,True,known_visit_horizon,10,4,8,known_visit_horizon,commitment_horizon,8,h8
123,known_visit,DMCHBA,bernoulli,0.25,19,361,4,10,dmchba_h8_bernoulli_025,scenarios/known_visit_10target_300.csv,1,4,12,9.48858971746745,9.48858971746745,02,02,1,0,True,known_visit_horizon,10,4,8,known_visit_horizon,commitment_horizon,8,h8
123,known_visit,DMCHBA,bernoulli,0.25,19,361,4,10,dmchba_h8_bernoulli_025,scenarios/known_visit_10target_300.csv,2,15,11,34.521916931559794,34.521916931559794,02,02,1,0,True,known_visit_horizon,10,4,8,known_visit_horizon,commitment_horizon,8,h8
123,known_visit,DMCHBA,bernoulli,0.25,19,361,4,10,dmchba_h8_bernoulli_025,scenarios/known_visit_10target_300.csv,3,16,3,35.15631928310728,35.15631928310728,00,00,1,0,True,known_visit_horizon,10,4,8,known_visit_horizon,commitment_horizon,8,h8
123,known_visit,DMCHBA,bernoulli,0.25,19,361,4,10,dmchba_h8_bernoulli_025,scenarios/known_visit_10target_300.csv,4,14,9,28.3806664619672,28.3806664619672,01,01,1,0,True,known_visit_horizon,10,4,8,known_visit_horizon,commitment_horizon,8,h8
123,known_visit,DMCHBA,bernoulli,0.25,19,361,4,10,dmchba_h8_bernoulli_025,scenarios/known_visit_10target_300.csv,5,9,8,17.879595068190604,17.879595068190604,01,01,1,0,True,known_visit_horizon,10,4,8,known_visit_horizon,commitment_horizon,8,h8
123,known_visit,DMCHBA,bernoulli,0.25,19,361,4,10,dmchba_h8_bernoulli_025,scenarios/known_visit_10target_300.csv,6,15,4,31.06914628785007,31.06914628785007,00,00,1,0,True,known_visit_horizon,10,4,8,known_visit_horizon,commitment_horizon,8,h8
123,known_visit,DMCHBA,bernoulli,0.25,19,361,4,10,dmchba_h8_bernoulli_025,scenarios/known_visit_10target_300.csv,7,12,17,20.642276948155384,20.642276948155384,03,03,1,0,True,known_visit_horizon,10,4,8,known_visit_horizon,commitment_horizon,8,h8
123,known_visit,DMCHBA,bernoulli,0.25,19,361,4,10,dmchba_h8_bernoulli_025,scenarios/known_visit_10target_300.csv,8,18,8,37.29071536082264,37.29071536082264,01,01,1,0,True,known_visit_horizon,10,4,8,known_visit_horizon,commitment_horizon,8,h8
123,known_visit,DMCHBA,bernoulli,0.25,19,361,4,10,dmchba_h8_bernoulli_025,scenarios/known_visit_10target_300.csv,9,2,11,3.7830250566510033,3.7830250566510033,02,02,1,0,True,known_visit_horizon,10,4,8,known_visit_horizon,commitment_horizon,8,h8
123,known_visit,DMCHBA,bernoulli,0.25,19,361,4,10,dmchba_h8_bernoulli_025,scenarios/known_visit_10target_300.csv,10,7,10,18.63205386126495,18.63205386126495,02,02,1,0,True,known_visit_horizon,10,4,8,known_visit_horizon,commitment_horizon,8,h8
124,known_visit,DMCHBA,bernoulli,0.25,19,361,4,10,dmchba_h8_bernoulli_025,scenarios/known_visit_10target_300.csv,1,5,0,11.130487995065314,11.130487995065314,00,00,1,0,True,known_visit_horizon,10,4,8,known_visit_horizon,commitment_horizon,8,h8
124,known_visit,DMCHBA,bernoulli,0.25,19,361,4,10,dmchba_h8_bernoulli_025,scenarios/known_visit_10target_300.csv,2,2,11,3.899735179328538,3.899735179328538,02,02,1,0,True,known_visit_horizon,10,4,8,known_visit_horizon,commitment_horizon,8,h8
124,known_visit,DMCHBA,bernoulli,0.25,19,361,4,10,dmchba_h8_bernoulli_025,scenarios/known_visit_10target_300.csv,3,4,7,7.253429835793374,7.253429835793374,01,01,1,0,True,known_visit_horizon,10,4,8,known_visit_horizon,commitment_horizon,8,h8
124,known_visit,DMCHBA,bernoulli,0.25,19,361,4,10,dmchba_h8_bernoulli_025,scenarios/known_visit_10target_300.csv,4,10,14,22.923088977945227,22.923088977945227,03,03,1,0,True,known_visit_horizon,10,4,8,known_visit_horizon,commitment_horizon,8,h8
124,known_visit,DMCHBA,bernoulli,0.25,19,361,4,10,dmchba_h8_bernoulli_025,scenarios/known_visit_10target_300.csv,5,9,14,21.181640940722446,21.181640940722446,03,03,1,0,True,known_visit_horizon,10,4,8,known_visit_horizon,commitment_horizon,8,h8
124,known_visit,DMCHBA,bernoulli,0.25,19,361,4,10,dmchba_h8_bernoulli_025,scenarios/known_visit_10target_300.csv,6,13,18,34.806680902915375,34.806680902915375,03,03,1,0,True,known_visit_horizon,10,4,8,known_visit_horizon,commitment_horizon,8,h8
124,known_visit,DMCHBA,bernoulli,0.25,19,361,4,10,dmchba_h8_bernoulli_025,scenarios/known_visit_10target_300.csv,7,11,12,21.473262467659122,21.473262467659122,02,02,1,0,True,known_visit_horizon,10,4,8,known_visit_horizon,commitment_horizon,8,h8
124,known_visit,DMCHBA,bernoulli,0.25,19,361,4,10,dmchba_h8_bernoulli_025,scenarios/known_visit_10target_300.csv,8,3,1,5.457755931190144,5.457755931190144,00,00,1,0,True,known_visit_horizon,10,4,8,known_visit_horizon,commitment_horizon,8,h8
124,known_visit,DMCHBA,bernoulli,0.25,19,361,4,10,dmchba_h8_bernoulli_025,scenarios/known_visit_10target_300.csv,9,7,15,15.689023672519026,15.689023672519026,03,03,1,0,True,known_visit_horizon,10,4,8,known_visit_horizon,commitment_horizon,8,h8
124,known_visit,DMCHBA,bernoulli,0.25,19,361,4,10,dmchba_h8_bernoulli_025,scenarios/known_visit_10target_300.csv,10,6,3,18.53963198062475,18.53963198062475,00,00,1,0,True,known_visit_horizon,10,4,8,known_visit_horizon,commitment_horizon,8,h8
125,known_visit,DMCHBA,bernoulli,0.25,19,361,4,10,dmchba_h8_bernoulli_025,scenarios/known_visit_10target_300.csv,1,2,11,11.546530393218815,11.546530393218815,02,02,1,0,True,known_visit_horizon,10,4,8,known_visit_horizon,commitment_horizon,8,h8
125,known_visit,DMCHBA,bernoulli,0.25,19,361,4,10,dmchba_h8_bernoulli_025,scenarios/known_visit_10target_300.csv,2,11,10,35.59954974848142,35.59954974848142,01,01,1,0,True,known_visit_horizon,10,4,8,known_visit_horizon,commitment_horizon,8,h8
125,known_visit,DMCHBA,bernoulli,0.25,19,361,4,10,dmchba_h8_bernoulli_025,scenarios/known_visit_10target_300.csv,3,12,4,22.9270833522011,22.9270833522011,01,01,1,0,True,known_visit_horizon,10,4,8,known_visit_horizon,commitment_horizon,8,h8
125,known_visit,DMCHBA,bernoulli,0.25,19,361,4,10,dmchba_h8_bernoulli_025,scenarios/known_visit_10target_300.csv,4,2,0,1.9051656358672326,1.9051656358672326,00,00,1,0,True,known_visit_horizon,10,4,8,known_visit_horizon,commitment_horizon,8,h8
125,known_visit,DMCHBA,bernoulli,0.25,19,361,4,10,dmchba_h8_bernoulli_025,scenarios/known_visit_10target_300.csv,5,12,13,32.667147450195436,32.667147450195436,02,02,1,0,True,known_visit_horizon,10,4,8,known_visit_horizon,commitment_horizon,8,h8
125,known_visit,DMCHBA,bernoulli,0.25,19,361,4,10,dmchba_h8_bernoulli_025,scenarios/known_visit_10target_300.csv,6,14,3,27.83203461863114,27.83203461863114,00,00,1,0,True,known_visit_horizon,10,4,8,known_visit_horizon,commitment_horizon,8,h8
125,known_visit,DMCHBA,bernoulli,0.25,19,361,4,10,dmchba_h8_bernoulli_025,scenarios/known_visit_10target_300.csv,7,17,16,30.70207828245953,30.70207828245953,03,03,1,0,True,known_visit_horizon,10,4,8,known_visit_horizon,commitment_horizon,8,h8
125,known_visit,DMCHBA,bernoulli,0.25,19,361,4,10,dmchba_h8_bernoulli_025,scenarios/known_visit_10target_300.csv,8,18,17,34.64061825420041,34.64061825420041,03,03,1,0,True,known_visit_horizon,10,4,8,known_visit_horizon,commitment_horizon,8,h8
125,known_visit,DMCHBA,bernoulli,0.25,19,361,4,10,dmchba_h8_bernoulli_025,scenarios/known_visit_10target_300.csv,9,0,14,2.142595027527358,2.142595027527358,02,02,1,0,True,known_visit_horizon,10,4,8,known_visit_horizon,commitment_horizon,8,h8
125,known_visit,DMCHBA,bernoulli,0.25,19,361,4,10,dmchba_h8_bernoulli_025,scenarios/known_visit_10target_300.csv,10,0,4,2.154614693100334,2.154614693100334,01,01,1,0,True,known_visit_horizon,10,4,8,known_visit_horizon,commitment_horizon,8,h8
126,known_visit,DMCHBA,bernoulli,0.25,19,361,4,10,dmchba_h8_bernoulli_025,scenarios/known_visit_10target_300.csv,1,3,2,7.27359694781728,7.27359694781728,00,00,1,0,True,known_visit_horizon,10,4,8,known_visit_horizon,commitment_horizon,8,h8
126,known_visit,DMCHBA,bernoulli,0.25,19,361,4,10,dmchba_h8_bernoulli_025,scenarios/known_visit_10target_300.csv,2,18,8,36.41571042066307,36.41571042066307,02,02,1,0,True,known_visit_horizon,10,4,8,known_visit_horizon,commitment_horizon,8,h8
126,known_visit,DMCHBA,bernoulli,0.25,19,361,4,10,dmchba_h8_bernoulli_025,scenarios/known_visit_10target_300.csv,3,9,6,13.798612916164233,13.798612916164233,01,01,1,0,True,known_visit_horizon,10,4,8,known_visit_horizon,commitment_horizon,8,h8
126,known_visit,DMCHBA,bernoulli,0.25,19,361,4,10,dmchba_h8_bernoulli_025,scenarios/known_visit_10target_300.csv,4,15,4,27.783975409556053,27.783975409556053,01,01,1,0,True,known_visit_horizon,10,4,8,known_visit_horizon,commitment_horizon,8,h8
126,known_visit,DMCHBA,bernoulli,0.25,19,361,4,10,dmchba_h8_bernoulli_025,scenarios/known_visit_10target_300.csv,5,14,6,22.300177537805304,22.300177537805304,01,01,1,0,True,known_visit_horizon,10,4,8,known_visit_horizon,commitment_horizon,8,h8
126,known_visit,DMCHBA,bernoulli,0.25,19,361,4,10,dmchba_h8_bernoulli_025,scenarios/known_visit_10target_300.csv,6,12,0,37.039251326086536,37.039251326086536,00,00,1,0,True,known_visit_horizon,10,4,8,known_visit_horizon,commitment_horizon,8,h8
126,known_visit,DMCHBA,bernoulli,0.25,19,361,4,10,dmchba_h8_bernoulli_025,scenarios/known_visit_10target_300.csv,7,11,4,28.299760475094878,28.299760475094878,00,00,1,0,True,known_visit_horizon,10,4,8,known_visit_horizon,commitment_horizon,8,h8
126,known_visit,DMCHBA,bernoulli,0.25,19,361,4,10,dmchba_h8_bernoulli_025,scenarios/known_visit_10target_300.csv,8,12,18,29.983317943175827,29.983317943175827,03,03,1,0,True,known_visit_horizon,10,4,8,known_visit_horizon,commitment_horizon,8,h8
126,known_visit,DMCHBA,bernoulli,0.25,19,361,4,10,dmchba_h8_bernoulli_025,scenarios/known_visit_10target_300.csv,9,5,15,12.387166223772091,12.387166223772091,03,03,1,0,True,known_visit_horizon,10,4,8,known_visit_horizon,commitment_horizon,8,h8
126,known_visit,DMCHBA,bernoulli,0.25,19,361,4,10,dmchba_h8_bernoulli_025,scenarios/known_visit_10target_300.csv,10,11,11,19.240061110605037,19.240061110605037,02,02,1,0,True,known_visit_horizon,10,4,8,known_visit_horizon,commitment_horizon,8,h8
127,known_visit,DMCHBA,bernoulli,0.25,19,361,4,10,dmchba_h8_bernoulli_025,scenarios/known_visit_10target_300.csv,1,5,16,10.814974932968823,10.814974932968823,03,03,1,0,True,known_visit_horizon,10,4,8,known_visit_horizon,commitment_horizon,8,h8
127,known_visit,DMCHBA,bernoulli,0.25,19,361,4,10,dmchba_h8_bernoulli_025,scenarios/known_visit_10target_300.csv,2,16,2,47.971561497677605,47.971561497677605,01,01,1,0,True,known_visit_horizon,10,4,8,known_visit_horizon,commitment_horizon,8,h8
127,known_visit,DMCHBA,bernoulli,0.25,19,361,4,10,dmchba_h8_bernoulli_025,scenarios/known_visit_10target_300.csv,3,16,16,29.568334908572204,29.568334908572204,03,03,1,0,True,known_visit_horizon,10,4,8,known_visit_horizon,commitment_horizon,8,h8
127,known_visit,DMCHBA,bernoulli,0.25,19,361,4,10,dmchba_h8_bernoulli_025,scenarios/known_visit_10target_300.csv,4,1,17,2.1683400246315365,2.1683400246315365,03,03,2,1,True,known_visit_horizon,10,4,8,known_visit_horizon,commitment_horizon,8,h8
127,known_visit,DMCHBA,bernoulli,0.25,19,361,4,10,dmchba_h8_bernoulli_025,scenarios/known_visit_10target_300.csv,5,9,12,38.40236525346049,38.40236525346049,00,00,1,0,True,known_visit_horizon,10,4,8,known_visit_horizon,commitment_horizon,8,h8
127,known_visit,DMCHBA,bernoulli,0.25,19,361,4,10,dmchba_h8_bernoulli_025,scenarios/known_visit_10target_300.csv,6,1,4,4.048132294469265,4.048132294469265,01,01,2,1,True,known_visit_horizon,10,4,8,known_visit_horizon,commitment_horizon,8,h8
127,known_visit,DMCHBA,bernoulli,0.25,19,361,4,10,dmchba_h8_bernoulli_025,scenarios/known_visit_10target_300.csv,7,13,16,24.476577669000175,24.476577669000175,03,03,2,1,True,known_visit_horizon,10,4,8,known_visit_horizon,commitment_horizon,8,h8
127,known_visit,DMCHBA,bernoulli,0.25,19,361,4,10,dmchba_h8_bernoulli_025,scenarios/known_visit_10target_300.csv,8,7,16,14.228062121577882,14.228062121577882,03,03,1,0,True,known_visit_horizon,10,4,8,known_visit_horizon,commitment_horizon,8,h8
127,known_visit,DMCHBA,bernoulli,0.25,19,361,4,10,dmchba_h8_bernoulli_025,scenarios/known_visit_10target_300.csv,9,2,1,3.8601732574834138,3.8601732574834138,00,00,1,0,True,known_visit_horizon,10,4,8,known_visit_horizon,commitment_horizon,8,h8
127,known_visit,DMCHBA,bernoulli,0.25,19,361,4,10,dmchba_h8_bernoulli_025,scenarios/known_visit_10target_300.csv,10,17,6,35.27220929442342,35.27220929442342,01,01,1,0,True,known_visit_horizon,10,4,8,known_visit_horizon,commitment_horizon,8,h8
128,known_visit,DMCHBA,bernoulli,0.25,19,361,4,10,dmchba_h8_bernoulli_025,scenarios/known_visit_10target_300.csv,1,5,9,12.591697569435118,12.591697569435118,01,01,1,0,True,known_visit_horizon,10,4,8,known_visit_horizon,commitment_horizon,8,h8
128,known_visit,DMCHBA,bernoulli,0.25,19,361,4,10,dmchba_h8_bernoulli_025,scenarios/known_visit_10target_300.csv,2,4,10,8.969231597834524,8.969231597834524,02,02,1,0,True,known_visit_horizon,10,4,8,known_visit_horizon,commitment_horizon,8,h8
128,known_visit,DMCHBA,bernoulli,0.25,19,361,4,10,dmchba_h8_bernoulli_025,scenarios/known_visit_10target_300.csv,3,14,0,29.949963355305904,29.949963355305904,00,00,1,0,True,known_visit_horizon,10,4,8,known_visit_horizon,commitment_horizon,8,h8
128,known_visit,DMCHBA,bernoulli,0.25,19,361,4,10,dmchba_h8_bernoulli_025,scenarios/known_visit_10target_300.csv,4,0,17,0.4556931679407875,0.4556931679407875,03,03,1,0,True,known_visit_horizon,10,4,8,known_visit_horizon,commitment_horizon,8,h8
128,known_visit,DMCHBA,bernoulli,0.25,19,361,4,10,dmchba_h8_bernoulli_025,scenarios/known_visit_10target_300.csv,5,0,1,0.6344707697277305,0.6344707697277305,00,00,1,0,True,known_visit_horizon,10,4,8,known_visit_horizon,commitment_horizon,8,h8
128,known_visit,DMCHBA,bernoulli,0.25,19,361,4,10,dmchba_h8_bernoulli_025,scenarios/known_visit_10target_300.csv,6,10,13,24.70791946553858,24.70791946553858,02,02,1,0,True,known_visit_horizon,10,4,8,known_visit_horizon,commitment_horizon,8,h8
128,known_visit,DMCHBA,bernoulli,0.25,19,361,4,10,dmchba_h8_bernoulli_025,scenarios/known_visit_10target_300.csv,7,8,2,16.162686768646665,16.162686768646665,00,00,1,0,True,known_visit_horizon,10,4,8,known_visit_horizon,commitment_horizon,8,h8
128,known_visit,DMCHBA,bernoulli,0.25,19,361,4,10,dmchba_h8_bernoulli_025,scenarios/known_visit_10target_300.csv,8,14,9,27.352044706162587,27.352044706162587,01,01,1,0,True,known_visit_horizon,10,4,8,known_visit_horizon,commitment_horizon,8,h8
128,known_visit,DMCHBA,bernoulli,0.25,19,361,4,10,dmchba_h8_bernoulli_025,scenarios/known_visit_10target_300.csv,9,18,7,37.77976155003959,37.77976155003959,01,01,1,0,True,known_visit_horizon,10,4,8,known_visit_horizon,commitment_horizon,8,h8
128,known_visit,DMCHBA,bernoulli,0.25,19,361,4,10,dmchba_h8_bernoulli_025,scenarios/known_visit_10target_300.csv,10,5,18,11.433453413438107,11.433453413438107,03,03,1,0,True,known_visit_horizon,10,4,8,known_visit_horizon,commitment_horizon,8,h8
129,known_visit,DMCHBA,bernoulli,0.25,19,361,4,10,dmchba_h8_bernoulli_025,scenarios/known_visit_10target_300.csv,1,2,4,9.003182177801929,9.003182177801929,00,00,1,0,True,known_visit_horizon,10,4,8,known_visit_horizon,commitment_horizon,8,h8
129,known_visit,DMCHBA,bernoulli,0.25,19,361,4,10,dmchba_h8_bernoulli_025,scenarios/known_visit_10target_300.csv,2,9,12,24.58864574724089,24.58864574724089,02,02,1,0,True,known_visit_horizon,10,4,8,known_visit_horizon,commitment_horizon,8,h8
129,known_visit,DMCHBA,bernoulli,0.25,19,361,4,10,dmchba_h8_bernoulli_025,scenarios/known_visit_10target_300.csv,3,8,6,20.52024958605387,20.52024958605387,01,01,2,1,True,known_visit_horizon,10,4,8,known_visit_horizon,commitment_horizon,8,h8
129,known_visit,DMCHBA,bernoulli,0.25,19,361,4,10,dmchba_h8_bernoulli_025,scenarios/known_visit_10target_300.csv,4,15,13,33.231042003121665,33.231042003121665,03,03,1,0,True,known_visit_horizon,10,4,8,known_visit_horizon,commitment_horizon,8,h8
129,known_visit,DMCHBA,bernoulli,0.25,19,361,4,10,dmchba_h8_bernoulli_025,scenarios/known_visit_10target_300.csv,5,13,9,34.3798579234924,34.3798579234924,01,01,1,0,True,known_visit_horizon,10,4,8,known_visit_horizon,commitment_horizon,8,h8
129,known_visit,DMCHBA,bernoulli,0.25,19,361,4,10,dmchba_h8_bernoulli_025,scenarios/known_visit_10target_300.csv,6,8,4,19.543483963834777,19.543483963834777,00,00,1,0,True,known_visit_horizon,10,4,8,known_visit_horizon,commitment_horizon,8,h8
129,known_visit,DMCHBA,bernoulli,0.25,19,361,4,10,dmchba_h8_bernoulli_025,scenarios/known_visit_10target_300.csv,7,0,11,0.4149056470386846,0.4149056470386846,02,02,1,0,True,known_visit_horizon,10,4,8,known_visit_horizon,commitment_horizon,8,h8
129,known_visit,DMCHBA,bernoulli,0.25,19,361,4,10,dmchba_h8_bernoulli_025,scenarios/known_visit_10target_300.csv,8,3,9,9.011902253383061,9.011902253383061,02,02,1,0,True,known_visit_horizon,10,4,8,known_visit_horizon,commitment_horizon,8,h8
129,known_visit,DMCHBA,bernoulli,0.25,19,361,4,10,dmchba_h8_bernoulli_025,scenarios/known_visit_10target_300.csv,9,7,7,16.881550805559982,16.881550805559982,01,01,1,0,True,known_visit_horizon,10,4,8,known_visit_horizon,commitment_horizon,8,h8
129,known_visit,DMCHBA,bernoulli,0.25,19,361,4,10,dmchba_h8_bernoulli_025,scenarios/known_visit_10target_300.csv,10,8,13,20.93022319892747,20.93022319892747,03,03,1,0,True,known_visit_horizon,10,4,8,known_visit_horizon,commitment_horizon,8,h8
130,known_visit,DMCHBA,bernoulli,0.25,19,361,4,10,dmchba_h8_bernoulli_025,scenarios/known_visit_10target_300.csv,1,13,10,27.768837820416238,27.768837820416238,01,01,1,0,True,known_visit_horizon,10,4,8,known_visit_horizon,commitment_horizon,8,h8
130,known_visit,DMCHBA,bernoulli,0.25,19,361,4,10,dmchba_h8_bernoulli_025,scenarios/known_visit_10target_300.csv,2,8,0,11.933303379896644,11.933303379896644,00,00,1,0,True,known_visit_horizon,10,4,8,known_visit_horizon,commitment_horizon,8,h8
130,known_visit,DMCHBA,bernoulli,0.25,19,361,4,10,dmchba_h8_bernoulli_025,scenarios/known_visit_10target_300.csv,3,9,8,17.255880769515464,17.255880769515464,01,01,1,0,True,known_visit_horizon,10,4,8,known_visit_horizon,commitment_horizon,8,h8
130,known_visit,DMCHBA,bernoulli,0.25,19,361,4,10,dmchba_h8_bernoulli_025,scenarios/known_visit_10target_300.csv,4,8,14,16.087542713834615,16.087542713834615,02,02,1,0,True,known_visit_horizon,10,4,8,known_visit_horizon,commitment_horizon,8,h8
130,known_visit,DMCHBA,bernoulli,0.25,19,361,4,10,dmchba_h8_bernoulli_025,scenarios/known_visit_10target_300.csv,5,16,7,38.15126496801065,38.15126496801065,01,01,1,0,True,known_visit_horizon,10,4,8,known_visit_horizon,commitment_horizon,8,h8
130,known_visit,DMCHBA,bernoulli,0.25,19,361,4,10,dmchba_h8_bernoulli_025,scenarios/known_visit_10target_300.csv,6,18,14,36.46919513400288,36.46919513400288,03,03,1,0,True,known_visit_horizon,10,4,8,known_visit_horizon,commitment_horizon,8,h8
130,known_visit,DMCHBA,bernoulli,0.25,19,361,4,10,dmchba_h8_bernoulli_025,scenarios/known_visit_10target_300.csv,7,15,12,31.739525694950554,31.739525694950554,02,02,1,0,True,known_visit_horizon,10,4,8,known_visit_horizon,commitment_horizon,8,h8
130,known_visit,DMCHBA,bernoulli,0.25,19,361,4,10,dmchba_h8_bernoulli_025,scenarios/known_visit_10target_300.csv,8,18,0,28.776499129331878,28.776499129331878,00,00,1,0,True,known_visit_horizon,10,4,8,known_visit_horizon,commitment_horizon,8,h8
130,known_visit,DMCHBA,bernoulli,0.25,19,361,4,10,dmchba_h8_bernoulli_025,scenarios/known_visit_10target_300.csv,9,9,14,18.00206160888361,18.00206160888361,02,02,1,0,True,known_visit_horizon,10,4,8,known_visit_horizon,commitment_horizon,8,h8
130,known_visit,DMCHBA,bernoulli,0.25,19,361,4,10,dmchba_h8_bernoulli_025,scenarios/known_visit_10target_300.csv,10,10,15,20.87927662170448,20.87927662170448,03,03,1,0,True,known_visit_horizon,10,4,8,known_visit_horizon,commitment_horizon,8,h8
131,known_visit,DMCHBA,bernoulli,0.25,19,361,4,10,dmchba_h8_bernoulli_025,scenarios/known_visit_10target_300.csv,1,0,15,3.9160886356443494,3.9160886356443494,02,02,1,0,True,known_visit_horizon,10,4,8,known_visit_horizon,commitment_horizon,8,h8
131,known_visit,DMCHBA,bernoulli,0.25,19,361,4,10,dmchba_h8_bernoulli_025,scenarios/known_visit_10target_300.csv,2,3,7,5.543326423547367,5.543326423547367,01,01,1,0,True,known_visit_horizon,10,4,8,known_visit_horizon,commitment_horizon,8,h8
131,known_visit,DMCHBA,bernoulli,0.25,19,361,4,10,dmchba_h8_bernoulli_025,scenarios/known_visit_10target_300.csv,3,13,18,28.890392505614884,28.890392505614884,03,03,1,0,True,known_visit_horizon,10,4,8,known_visit_horizon,commitment_horizon,8,h8
131,known_visit,DMCHBA,bernoulli,0.25,19,361,4,10,dmchba_h8_bernoulli_025,scenarios/known_visit_10target_300.csv,4,1,1,2.265063064325395,2.265063064325395,00,00,1,0,True,known_visit_horizon,10,4,8,known_visit_horizon,commitment_horizon,8,h8
131,known_visit,DMCHBA,bernoulli,0.25,19,361,4,10,dmchba_h8_bernoulli_025,scenarios/known_visit_10target_300.csv,5,8,12,23.30641469415716,23.30641469415716,02,02,1,0,True,known_visit_horizon,10,4,8,known_visit_horizon,commitment_horizon,8,h8
131,known_visit,DMCHBA,bernoulli,0.25,19,361,4,10,dmchba_h8_bernoulli_025,scenarios/known_visit_10target_300.csv,6,14,10,30.122944499476272,30.122944499476272,01,01,1,0,True,known_visit_horizon,10,4,8,known_visit_horizon,commitment_horizon,8,h8
131,known_visit,DMCHBA,bernoulli,0.25,19,361,4,10,dmchba_h8_bernoulli_025,scenarios/known_visit_10target_300.csv,7,5,3,12.713442573820613,12.713442573820613,00,00,1,0,True,known_visit_horizon,10,4,8,known_visit_horizon,commitment_horizon,8,h8
131,known_visit,DMCHBA,bernoulli,0.25,19,361,4,10,dmchba_h8_bernoulli_025,scenarios/known_visit_10target_300.csv,8,18,10,37.40648841427696,37.40648841427696,01,01,1,0,True,known_visit_horizon,10,4,8,known_visit_horizon,commitment_horizon,8,h8
131,known_visit,DMCHBA,bernoulli,0.25,19,361,4,10,dmchba_h8_bernoulli_025,scenarios/known_visit_10target_300.csv,9,8,9,17.67338320872169,17.67338320872169,01,01,1,0,True,known_visit_horizon,10,4,8,known_visit_horizon,commitment_horizon,8,h8
131,known_visit,DMCHBA,bernoulli,0.25,19,361,4,10,dmchba_h8_bernoulli_025,scenarios/known_visit_10target_300.csv,10,9,13,27.266939908317493,27.266939908317493,02,02,1,0,True,known_visit_horizon,10,4,8,known_visit_horizon,commitment_horizon,8,h8
132,known_visit,DMCHBA,bernoulli,0.25,19,361,4,10,dmchba_h8_bernoulli_025,scenarios/known_visit_10target_300.csv,1,8,1,14.05728245169436,14.05728245169436,00,00,1,0,True,known_visit_horizon,10,4,8,known_visit_horizon,commitment_horizon,8,h8
132,known_visit,DMCHBA,bernoulli,0.25,19,361,4,10,dmchba_h8_bernoulli_025,scenarios/known_visit_10target_300.csv,2,11,0,21.49035878374621,21.49035878374621,00,00,1,0,True,known_visit_horizon,10,4,8,known_visit_horizon,commitment_horizon,8,h8
132,known_visit,DMCHBA,bernoulli,0.25,19,361,4,10,dmchba_h8_bernoulli_025,scenarios/known_visit_10target_300.csv,3,8,7,14.268607639050582,14.268607639050582,01,01,2,1,True,known_visit_horizon,10,4,8,known_visit_horizon,commitment_horizon,8,h8
132,known_visit,DMCHBA,bernoulli,0.25,19,361,4,10,dmchba_h8_bernoulli_025,scenarios/known_visit_10target_300.csv,4,18,0,33.59994905020576,33.59994905020576,00,00,1,0,True,known_visit_horizon,10,4,8,known_visit_horizon,commitment_horizon,8,h8
132,known_visit,DMCHBA,bernoulli,0.25,19,361,4,10,dmchba_h8_bernoulli_025,scenarios/known_visit_10target_300.csv,5,18,6,42.10689921015115,42.10689921015115,01,01,1,0,True,known_visit_horizon,10,4,8,known_visit_horizon,commitment_horizon,8,h8
132,known_visit,DMCHBA,bernoulli,0.25,19,361,4,10,dmchba_h8_bernoulli_025,scenarios/known_visit_10target_300.csv,6,10,18,15.80124366864735,15.80124366864735,03,03,1,0,True,known_visit_horizon,10,4,8,known_visit_horizon,commitment_horizon,8,h8
132,known_visit,DMCHBA,bernoulli,0.25,19,361,4,10,dmchba_h8_bernoulli_025,scenarios/known_visit_10target_300.csv,7,15,15,29.684971342638587,29.684971342638587,03,03,1,0,True,known_visit_horizon,10,4,8,known_visit_horizon,commitment_horizon,8,h8
132,known_visit,DMCHBA,bernoulli,0.25,19,361,4,10,dmchba_h8_bernoulli_025,scenarios/known_visit_10target_300.csv,8,17,7,38.08770187886038,38.08770187886038,01,01,1,0,True,known_visit_horizon,10,4,8,known_visit_horizon,commitment_horizon,8,h8
132,known_visit,DMCHBA,bernoulli,0.25,19,361,4,10,dmchba_h8_bernoulli_025,scenarios/known_visit_10target_300.csv,9,13,18,20.92854286006197,20.92854286006197,03,03,1,0,True,known_visit_horizon,10,4,8,known_visit_horizon,commitment_horizon,8,h8
132,known_visit,DMCHBA,bernoulli,0.25,19,361,4,10,dmchba_h8_bernoulli_025,scenarios/known_visit_10target_300.csv,10,12,5,25.32245605166382,25.32245605166382,01,01,1,0,True,known_visit_horizon,10,4,8,known_visit_horizon,commitment_horizon,8,h8
133,known_visit,DMCHBA,bernoulli,0.25,19,361,4,10,dmchba_h8_bernoulli_025,scenarios/known_visit_10target_300.csv,1,7,14,17.96858746174016,17.96858746174016,03,03,1,0,True,known_visit_horizon,10,4,8,known_visit_horizon,commitment_horizon,8,h8
133,known_visit,DMCHBA,bernoulli,0.25,19,361,4,10,dmchba_h8_bernoulli_025,scenarios/known_visit_10target_300.csv,2,1,14,7.289354394604417,7.289354394604417,03,03,1,0,True,known_visit_horizon,10,4,8,known_visit_horizon,commitment_horizon,8,h8
133,known_visit,DMCHBA,bernoulli,0.25,19,361,4,10,dmchba_h8_bernoulli_025,scenarios/known_visit_10target_300.csv,3,5,9,12.232080561625105,12.232080561625105,01,01,1,0,True,known_visit_horizon,10,4,8,known_visit_horizon,commitment_horizon,8,h8
133,known_visit,DMCHBA,bernoulli,0.25,19,361,4,10,dmchba_h8_bernoulli_025,scenarios/known_visit_10target_300.csv,4,9,10,17.739191865261837,17.739191865261837,02,02,1,0,True,known_visit_horizon,10,4,8,known_visit_horizon,commitment_horizon,8,h8
133,known_visit,DMCHBA,bernoulli,0.25,19,361,4,10,dmchba_h8_bernoulli_025,scenarios/known_visit_10target_300.csv,5,16,6,36.81840623947709,36.81840623947709,00,00,1,0,True,known_visit_horizon,10,4,8,known_visit_horizon,commitment_horizon,8,h8
133,known_visit,DMCHBA,bernoulli,0.25,19,361,4,10,dmchba_h8_bernoulli_025,scenarios/known_visit_10target_300.csv,6,12,5,28.135873186322662,28.135873186322662,00,00,1,0,True,known_visit_horizon,10,4,8,known_visit_horizon,commitment_horizon,8,h8
133,known_visit,DMCHBA,bernoulli,0.25,19,361,4,10,dmchba_h8_bernoulli_025,scenarios/known_visit_10target_300.csv,7,3,3,9.203514864129916,9.203514864129916,00,00,1,0,True,known_visit_horizon,10,4,8,known_visit_horizon,commitment_horizon,8,h8
133,known_visit,DMCHBA,bernoulli,0.25,19,361,4,10,dmchba_h8_bernoulli_025,scenarios/known_visit_10target_300.csv,8,7,15,20.058064896327984,20.058064896327984,03,03,1,0,True,known_visit_horizon,10,4,8,known_visit_horizon,commitment_horizon,8,h8
133,known_visit,DMCHBA,bernoulli,0.25,19,361,4,10,dmchba_h8_bernoulli_025,scenarios/known_visit_10target_300.csv,9,18,8,37.85512228643576,37.85512228643576,02,02,1,0,True,known_visit_horizon,10,4,8,known_visit_horizon,commitment_horizon,8,h8
133,known_visit,DMCHBA,bernoulli,0.25,19,361,4,10,dmchba_h8_bernoulli_025,scenarios/known_visit_10target_300.csv,10,12,6,29.553049746041708,29.553049746041708,01,01,1,0,True,known_visit_horizon,10,4,8,known_visit_horizon,commitment_horizon,8,h8
134,known_visit,DMCHBA,bernoulli,0.25,19,361,4,10,dmchba_h8_bernoulli_025,scenarios/known_visit_10target_300.csv,1,18,15,34.91541879322397,34.91541879322397,03,03,1,0,True,known_visit_horizon,10,4,8,known_visit_horizon,commitment_horizon,8,h8
134,known_visit,DMCHBA,bernoulli,0.25,19,361,4,10,dmchba_h8_bernoulli_025,scenarios/known_visit_10target_300.csv,2,7,18,10.228528649913954,10.228528649913954,03,03,2,1,True,known_visit_horizon,10,4,8,known_visit_horizon,commitment_horizon,8,h8
134,known_visit,DMCHBA,bernoulli,0.25,19,361,4,10,dmchba_h8_bernoulli_025,scenarios/known_visit_10target_300.csv,3,9,14,17.538976622251578,17.538976622251578,02,02,1,0,True,known_visit_horizon,10,4,8,known_visit_horizon,commitment_horizon,8,h8
134,known_visit,DMCHBA,bernoulli,0.25,19,361,4,10,dmchba_h8_bernoulli_025,scenarios/known_visit_10target_300.csv,4,10,18,15.536738574698061,15.536738574698061,03,03,2,1,True,known_visit_horizon,10,4,8,known_visit_horizon,commitment_horizon,8,h8
134,known_visit,DMCHBA,bernoulli,0.25,19,361,4,10,dmchba_h8_bernoulli_025,scenarios/known_visit_10target_300.csv,5,11,9,34.07675458921155,34.07675458921155,00,00,1,0,True,known_visit_horizon,10,4,8,known_visit_horizon,commitment_horizon,8,h8
134,known_visit,DMCHBA,bernoulli,0.25,19,361,4,10,dmchba_h8_bernoulli_025,scenarios/known_visit_10target_300.csv,6,8,4,16.293602553878166,16.293602553878166,01,01,1,0,True,known_visit_horizon,10,4,8,known_visit_horizon,commitment_horizon,8,h8
134,known_visit,DMCHBA,bernoulli,0.25,19,361,4,10,dmchba_h8_bernoulli_025,scenarios/known_visit_10target_300.csv,7,3,4,7.470344778390241,7.470344778390241,01,01,1,0,True,known_visit_horizon,10,4,8,known_visit_horizon,commitment_horizon,8,h8
134,known_visit,DMCHBA,bernoulli,0.25,19,361,4,10,dmchba_h8_bernoulli_025,scenarios/known_visit_10target_300.csv,8,0,9,38.85749261780618,38.85749261780618,01,01,1,0,True,known_visit_horizon,10,4,8,known_visit_horizon,commitment_horizon,8,h8
134,known_visit,DMCHBA,bernoulli,0.25,19,361,4,10,dmchba_h8_bernoulli_025,scenarios/known_visit_10target_300.csv,9,5,0,6.973006458500539,6.973006458500539,00,00,1,0,True,known_visit_horizon,10,4,8,known_visit_horizon,commitment_horizon,8,h8
134,known_visit,DMCHBA,bernoulli,0.25,19,361,4,10,dmchba_h8_bernoulli_025,scenarios/known_visit_10target_300.csv,10,17,15,33.00879676990526,33.00879676990526,03,03,1,0,True,known_visit_horizon,10,4,8,known_visit_horizon,commitment_horizon,8,h8
135,known_visit,DMCHBA,bernoulli,0.25,19,361,4,10,dmchba_h8_bernoulli_025,scenarios/known_visit_10target_300.csv,1,8,1,24.908181993113867,24.908181993113867,00,00,1,0,True,known_visit_horizon,10,4,8,known_visit_horizon,commitment_horizon,8,h8
135,known_visit,DMCHBA,bernoulli,0.25,19,361,4,10,dmchba_h8_bernoulli_025,scenarios/known_visit_10target_300.csv,2,7,15,16.034454918195056,16.034454918195056,03,03,1,0,True,known_visit_horizon,10,4,8,known_visit_horizon,commitment_horizon,8,h8
135,known_visit,DMCHBA,bernoulli,0.25,19,361,4,10,dmchba_h8_bernoulli_025,scenarios/known_visit_10target_300.csv,3,4,4,12.586571619175338,12.586571619175338,00,00,1,0,True,known_visit_horizon,10,4,8,known_visit_horizon,commitment_horizon,8,h8
135,known_visit,DMCHBA,bernoulli,0.25,19,361,4,10,dmchba_h8_bernoulli_025,scenarios/known_visit_10target_300.csv,4,7,9,16.759621918944163,16.759621918944163,02,02,1,0,True,known_visit_horizon,10,4,8,known_visit_horizon,commitment_horizon,8,h8
135,known_visit,DMCHBA,bernoulli,0.25,19,361,4,10,dmchba_h8_bernoulli_025,scenarios/known_visit_10target_300.csv,5,16,9,32.50748962330771,32.50748962330771,02,02,1,0,True,known_visit_horizon,10,4,8,known_visit_horizon,commitment_horizon,8,h8
135,known_visit,DMCHBA,bernoulli,0.25,19,361,4,10,dmchba_h8_bernoulli_025,scenarios/known_visit_10target_300.csv,6,18,7,35.05034775953824,35.05034775953824,01,01,1,0,True,known_visit_horizon,10,4,8,known_visit_horizon,commitment_horizon,8,h8
135,known_visit,DMCHBA,bernoulli,0.25,19,361,4,10,dmchba_h8_bernoulli_025,scenarios/known_visit_10target_300.csv,7,0,17,0.4548136092149808,0.4548136092149808,03,03,1,0,True,known_visit_horizon,10,4,8,known_visit_horizon,commitment_horizon,8,h8
135,known_visit,DMCHBA,bernoulli,0.25,19,361,4,10,dmchba_h8_bernoulli_025,scenarios/known_visit_10target_300.csv,8,0,8,2.246093683837609,2.246093683837609,01,01,1,0,True,known_visit_horizon,10,4,8,known_visit_horizon,commitment_horizon,8,h8
135,known_visit,DMCHBA,bernoulli,0.25,19,361,4,10,dmchba_h8_bernoulli_025,scenarios/known_visit_10target_300.csv,9,15,8,27.90083616619217,27.90083616619217,01,01,1,0,True,known_visit_horizon,10,4,8,known_visit_horizon,commitment_horizon,8,h8
135,known_visit,DMCHBA,bernoulli,0.25,19,361,4,10,dmchba_h8_bernoulli_025,scenarios/known_visit_10target_300.csv,10,9,13,23.108551200098308,23.108551200098308,03,03,1,0,True,known_visit_horizon,10,4,8,known_visit_horizon,commitment_horizon,8,h8
136,known_visit,DMCHBA,bernoulli,0.25,19,361,4,10,dmchba_h8_bernoulli_025,scenarios/known_visit_10target_300.csv,1,18,10,32.87226294387071,32.87226294387071,02,02,1,0,True,known_visit_horizon,10,4,8,known_visit_horizon,commitment_horizon,8,h8
136,known_visit,DMCHBA,bernoulli,0.25,19,361,4,10,dmchba_h8_bernoulli_025,scenarios/known_visit_10target_300.csv,2,6,16,26.714892154530506,26.714892154530506,03,03,1,0,True,known_visit_horizon,10,4,8,known_visit_horizon,commitment_horizon,8,h8
136,known_visit,DMCHBA,bernoulli,0.25,19,361,4,10,dmchba_h8_bernoulli_025,scenarios/known_visit_10target_300.csv,3,13,11,22.435137383142767,22.435137383142767,02,02,1,0,True,known_visit_horizon,10,4,8,known_visit_horizon,commitment_horizon,8,h8
136,known_visit,DMCHBA,bernoulli,0.25,19,361,4,10,dmchba_h8_bernoulli_025,scenarios/known_visit_10target_300.csv,4,12,4,26.359609404299356,26.359609404299356,01,01,2,1,True,known_visit_horizon,10,4,8,known_visit_horizon,commitment_horizon,8,h8
136,known_visit,DMCHBA,bernoulli,0.25,19,361,4,10,dmchba_h8_bernoulli_025,scenarios/known_visit_10target_300.csv,5,1,0,0.2222227832806108,0.2222227832806108,00,00,1,0,True,known_visit_horizon,10,4,8,known_visit_horizon,commitment_horizon,8,h8
136,known_visit,DMCHBA,bernoulli,0.25,19,361,4,10,dmchba_h8_bernoulli_025,scenarios/known_visit_10target_300.csv,6,16,3,35.565904355864475,35.565904355864475,01,01,1,0,True,known_visit_horizon,10,4,8,known_visit_horizon,commitment_horizon,8,h8
136,known_visit,DMCHBA,bernoulli,0.25,19,361,4,10,dmchba_h8_bernoulli_025,scenarios/known_visit_10target_300.csv,7,9,15,34.03942071543242,34.03942071543242,03,03,1,0,True,known_visit_horizon,10,4,8,known_visit_horizon,commitment_horizon,8,h8
136,known_visit,DMCHBA,bernoulli,0.25,19,361,4,10,dmchba_h8_bernoulli_025,scenarios/known_visit_10target_300.csv,8,4,1,7.399271385896859,7.399271385896859,00,00,1,0,True,known_visit_horizon,10,4,8,known_visit_horizon,commitment_horizon,8,h8
136,known_visit,DMCHBA,bernoulli,0.25,19,361,4,10,dmchba_h8_bernoulli_025,scenarios/known_visit_10target_300.csv,9,1,12,0.22628854279745422,0.22628854279745422,02,02,2,1,True,known_visit_horizon,10,4,8,known_visit_horizon,commitment_horizon,8,h8
136,known_visit,DMCHBA,bernoulli,0.25,19,361,4,10,dmchba_h8_bernoulli_025,scenarios/known_visit_10target_300.csv,10,8,3,17.41532562020476,17.41532562020476,01,01,1,0,True,known_visit_horizon,10,4,8,known_visit_horizon,commitment_horizon,8,h8
137,known_visit,DMCHBA,bernoulli,0.25,19,361,4,10,dmchba_h8_bernoulli_025,scenarios/known_visit_10target_300.csv,1,5,9,37.29351365017184,37.29351365017184,01,01,1,0,True,known_visit_horizon,10,4,8,known_visit_horizon,commitment_horizon,8,h8
137,known_visit,DMCHBA,bernoulli,0.25,19,361,4,10,dmchba_h8_bernoulli_025,scenarios/known_visit_10target_300.csv,2,5,0,6.789736383496481,6.789736383496481,00,00,2,1,True,known_visit_horizon,10,4,8,known_visit_horizon,commitment_horizon,8,h8
137,known_visit,DMCHBA,bernoulli,0.25,19,361,4,10,dmchba_h8_bernoulli_025,scenarios/known_visit_10target_300.csv,3,1,13,2.285740993418797,2.285740993418797,02,02,1,0,True,known_visit_horizon,10,4,8,known_visit_horizon,commitment_horizon,8,h8
137,known_visit,DMCHBA,bernoulli,0.25,19,361,4,10,dmchba_h8_bernoulli_025,scenarios/known_visit_10target_300.csv,4,2,18,1.854960960574304,1.854960960574304,03,03,1,0,True,known_visit_horizon,10,4,8,known_visit_horizon,commitment_horizon,8,h8
137,known_visit,DMCHBA,bernoulli,0.25,19,361,4,10,dmchba_h8_bernoulli_025,scenarios/known_visit_10target_300.csv,5,1,18,0.22821333208771022,0.22821333208771022,03,03,1,0,True,known_visit_horizon,10,4,8,known_visit_horizon,commitment_horizon,8,h8
137,known_visit,DMCHBA,bernoulli,0.25,19,361,4,10,dmchba_h8_bernoulli_025,scenarios/known_visit_10target_300.csv,6,0,7,0.5375641983630814,0.5375641983630814,01,01,1,0,True,known_visit_horizon,10,4,8,known_visit_horizon,commitment_horizon,8,h8
137,known_visit,DMCHBA,bernoulli,0.25,19,361,4,10,dmchba_h8_bernoulli_025,scenarios/known_visit_10target_300.csv,7,12,16,22.609571501340984,22.609571501340984,03,03,1,0,True,known_visit_horizon,10,4,8,known_visit_horizon,commitment_horizon,8,h8
137,known_visit,DMCHBA,bernoulli,0.25,19,361,4,10,dmchba_h8_bernoulli_025,scenarios/known_visit_10target_300.csv,8,2,5,7.9993824100229505,7.9993824100229505,01,01,1,0,True,known_visit_horizon,10,4,8,known_visit_horizon,commitment_horizon,8,h8
137,known_visit,DMCHBA,bernoulli,0.25,19,361,4,10,dmchba_h8_bernoulli_025,scenarios/known_visit_10target_300.csv,9,17,1,29.169059516968233,29.169059516968233,00,00,1,0,True,known_visit_horizon,10,4,8,known_visit_horizon,commitment_horizon,8,h8
137,known_visit,DMCHBA,bernoulli,0.25,19,361,4,10,dmchba_h8_bernoulli_025,scenarios/known_visit_10target_300.csv,10,18,14,33.34560581133394,33.34560581133394,02,02,1,0,True,known_visit_horizon,10,4,8,known_visit_horizon,commitment_horizon,8,h8
138,known_visit,DMCHBA,bernoulli,0.25,19,361,4,10,dmchba_h8_bernoulli_025,scenarios/known_visit_10target_300.csv,1,10,11,25.018606763590704,25.018606763590704,02,02,2,1,True,known_visit_horizon,10,4,8,known_visit_horizon,commitment_horizon,8,h8
138,known_visit,DMCHBA,bernoulli,0.25,19,361,4,10,dmchba_h8_bernoulli_025,scenarios/known_visit_10target_300.csv,2,11,7,26.676575980202536,26.676575980202536,01,01,1,0,True,known_visit_horizon,10,4,8,known_visit_horizon,commitment_horizon,8,h8
138,known_visit,DMCHBA,bernoulli,0.25,19,361,4,10,dmchba_h8_bernoulli_025,scenarios/known_visit_10target_300.csv,3,14,4,37.66655252169003,37.66655252169003,00,00,1,0,True,known_visit_horizon,10,4,8,known_visit_horizon,commitment_horizon,8,h8
138,known_visit,DMCHBA,bernoulli,0.25,19,361,4,10,dmchba_h8_bernoulli_025,scenarios/known_visit_10target_300.csv,4,8,14,15.769103375166926,15.769103375166926,02,02,1,0,True,known_visit_horizon,10,4,8,known_visit_horizon,commitment_horizon,8,h8
138,known_visit,DMCHBA,bernoulli,0.25,19,361,4,10,dmchba_h8_bernoulli_025,scenarios/known_visit_10target_300.csv,5,11,4,21.222413870684292,21.222413870684292,01,01,1,0,True,known_visit_horizon,10,4,8,known_visit_horizon,commitment_horizon,8,h8
138,known_visit,DMCHBA,bernoulli,0.25,19,361,4,10,dmchba_h8_bernoulli_025,scenarios/known_visit_10target_300.csv,6,14,1,28.314016917597193,28.314016917597193,00,00,1,0,True,known_visit_horizon,10,4,8,known_visit_horizon,commitment_horizon,8,h8
138,known_visit,DMCHBA,bernoulli,0.25,19,361,4,10,dmchba_h8_bernoulli_025,scenarios/known_visit_10target_300.csv,7,17,17,36.44722144962014,36.44722144962014,03,03,1,0,True,known_visit_horizon,10,4,8,known_visit_horizon,commitment_horizon,8,h8
138,known_visit,DMCHBA,bernoulli,0.25,19,361,4,10,dmchba_h8_bernoulli_025,scenarios/known_visit_10target_300.csv,8,7,17,12.367737433047322,12.367737433047322,03,03,1,0,True,known_visit_horizon,10,4,8,known_visit_horizon,commitment_horizon,8,h8
138,known_visit,DMCHBA,bernoulli,0.25,19,361,4,10,dmchba_h8_bernoulli_025,scenarios/known_visit_10target_300.csv,9,5,4,10.639878747661944,10.639878747661944,01,01,1,0,True,known_visit_horizon,10,4,8,known_visit_horizon,commitment_horizon,8,h8
138,known_visit,DMCHBA,bernoulli,0.25,19,361,4,10,dmchba_h8_bernoulli_025,scenarios/known_visit_10target_300.csv,10,14,15,27.843542207193174,27.843542207193174,03,03,1,0,True,known_visit_horizon,10,4,8,known_visit_horizon,commitment_horizon,8,h8
139,known_visit,DMCHBA,bernoulli,0.25,19,361,4,10,dmchba_h8_bernoulli_025,scenarios/known_visit_10target_300.csv,1,0,3,9.23509233172448,9.23509233172448,00,00,1,0,True,known_visit_horizon,10,4,8,known_visit_horizon,commitment_horizon,8,h8
139,known_visit,DMCHBA,bernoulli,0.25,19,361,4,10,dmchba_h8_bernoulli_025,scenarios/known_visit_10target_300.csv,2,14,13,31.357532572947026,31.357532572947026,03,03,1,0,True,known_visit_horizon,10,4,8,known_visit_horizon,commitment_horizon,8,h8
139,known_visit,DMCHBA,bernoulli,0.25,19,361,4,10,dmchba_h8_bernoulli_025,scenarios/known_visit_10target_300.csv,3,3,17,5.429177221733308,5.429177221733308,03,03,2,1,True,known_visit_horizon,10,4,8,known_visit_horizon,commitment_horizon,8,h8
139,known_visit,DMCHBA,bernoulli,0.25,19,361,4,10,dmchba_h8_bernoulli_025,scenarios/known_visit_10target_300.csv,4,15,14,35.44908254361723,35.44908254361723,03,03,1,0,True,known_visit_horizon,10,4,8,known_visit_horizon,commitment_horizon,8,h8
139,known_visit,DMCHBA,bernoulli,0.25,19,361,4,10,dmchba_h8_bernoulli_025,scenarios/known_visit_10target_300.csv,5,8,16,15.819289869233623,15.819289869233623,03,03,1,0,True,known_visit_horizon,10,4,8,known_visit_horizon,commitment_horizon,8,h8
139,known_visit,DMCHBA,bernoulli,0.25,19,361,4,10,dmchba_h8_bernoulli_025,scenarios/known_visit_10target_300.csv,6,8,10,16.028566114042963,16.028566114042963,02,02,1,0,True,known_visit_horizon,10,4,8,known_visit_horizon,commitment_horizon,8,h8
139,known_visit,DMCHBA,bernoulli,0.25,19,361,4,10,dmchba_h8_bernoulli_025,scenarios/known_visit_10target_300.csv,7,15,11,37.07583170993443,37.07583170993443,02,02,1,0,True,known_visit_horizon,10,4,8,known_visit_horizon,commitment_horizon,8,h8
139,known_visit,DMCHBA,bernoulli,0.25,19,361,4,10,dmchba_h8_bernoulli_025,scenarios/known_visit_10target_300.csv,8,5,7,16.816580456338126,16.816580456338126,01,01,1,0,True,known_visit_horizon,10,4,8,known_visit_horizon,commitment_horizon,8,h8
139,known_visit,DMCHBA,bernoulli,0.25,19,361,4,10,dmchba_h8_bernoulli_025,scenarios/known_visit_10target_300.csv,9,9,8,21.569035982252423,21.569035982252423,02,02,2,1,True,known_visit_horizon,10,4,8,known_visit_horizon,commitment_horizon,8,h8
139,known_visit,DMCHBA,bernoulli,0.25,19,361,4,10,dmchba_h8_bernoulli_025,scenarios/known_visit_10target_300.csv,10,14,7,45.73918328955843,45.73918328955843,01,01,1,0,True,known_visit_horizon,10,4,8,known_visit_horizon,commitment_horizon,8,h8
140,known_visit,DMCHBA,bernoulli,0.25,19,361,4,10,dmchba_h8_bernoulli_025,scenarios/known_visit_10target_300.csv,1,7,0,10.648039830162945,10.648039830162945,00,00,1,0,True,known_visit_horizon,10,4,8,known_visit_horizon,commitment_horizon,8,h8
140,known_visit,DMCHBA,bernoulli,0.25,19,361,4,10,dmchba_h8_bernoulli_025,scenarios/known_visit_10target_300.csv,2,12,11,28.371901459333795,28.371901459333795,01,01,1,0,True,known_visit_horizon,10,4,8,known_visit_horizon,commitment_horizon,8,h8
140,known_visit,DMCHBA,bernoulli,0.25,19,361,4,10,dmchba_h8_bernoulli_025,scenarios/known_visit_10target_300.csv,3,12,7,21.27382404993617,21.27382404993617,01,01,1,0,True,known_visit_horizon,10,4,8,known_visit_horizon,commitment_horizon,8,h8
140,known_visit,DMCHBA,bernoulli,0.25,19,361,4,10,dmchba_h8_bernoulli_025,scenarios/known_visit_10target_300.csv,4,1,7,2.148485858924501,2.148485858924501,01,01,1,0,True,known_visit_horizon,10,4,8,known_visit_horizon,commitment_horizon,8,h8
140,known_visit,DMCHBA,bernoulli,0.25,19,361,4,10,dmchba_h8_bernoulli_025,scenarios/known_visit_10target_300.csv,5,12,14,26.06041359347073,26.06041359347073,03,03,1,0,True,known_visit_horizon,10,4,8,known_visit_horizon,commitment_horizon,8,h8
140,known_visit,DMCHBA,bernoulli,0.25,19,361,4,10,dmchba_h8_bernoulli_025,scenarios/known_visit_10target_300.csv,6,6,14,16.121155773153838,16.121155773153838,03,03,1,0,True,known_visit_horizon,10,4,8,known_visit_horizon,commitment_horizon,8,h8
140,known_visit,DMCHBA,bernoulli,0.25,19,361,4,10,dmchba_h8_bernoulli_025,scenarios/known_visit_10target_300.csv,7,1,15,5.644023776565843,5.644023776565843,03,03,1,0,True,known_visit_horizon,10,4,8,known_visit_horizon,commitment_horizon,8,h8
140,known_visit,DMCHBA,bernoulli,0.25,19,361,4,10,dmchba_h8_bernoulli_025,scenarios/known_visit_10target_300.csv,8,12,8,23.293032095701836,23.293032095701836,01,01,2,1,True,known_visit_horizon,10,4,8,known_visit_horizon,commitment_horizon,8,h8
140,known_visit,DMCHBA,bernoulli,0.25,19,361,4,10,dmchba_h8_bernoulli_025,scenarios/known_visit_10target_300.csv,9,6,9,14.394157732937623,14.394157732937623,02,02,1,0,True,known_visit_horizon,10,4,8,known_visit_horizon,commitment_horizon,8,h8
140,known_visit,DMCHBA,bernoulli,0.25,19,361,4,10,dmchba_h8_bernoulli_025,scenarios/known_visit_10target_300.csv,10,3,5,26.543470344814043,26.543470344814043,00,00,1,0,True,known_visit_horizon,10,4,8,known_visit_horizon,commitment_horizon,8,h8
141,known_visit,DMCHBA,bernoulli,0.25,19,361,4,10,dmchba_h8_bernoulli_025,scenarios/known_visit_10target_300.csv,1,14,11,24.168166364463715,24.168166364463715,02,02,1,0,True,known_visit_horizon,10,4,8,known_visit_horizon,commitment_horizon,8,h8
141,known_visit,DMCHBA,bernoulli,0.25,19,361,4,10,dmchba_h8_bernoulli_025,scenarios/known_visit_10target_300.csv,2,16,3,31.5608159356068,31.5608159356068,01,01,1,0,True,known_visit_horizon,10,4,8,known_visit_horizon,commitment_horizon,8,h8
141,known_visit,DMCHBA,bernoulli,0.25,19,361,4,10,dmchba_h8_bernoulli_025,scenarios/known_visit_10target_300.csv,3,4,0,5.421024363465717,5.421024363465717,00,00,1,0,True,known_visit_horizon,10,4,8,known_visit_horizon,commitment_horizon,8,h8
141,known_visit,DMCHBA,bernoulli,0.25,19,361,4,10,dmchba_h8_bernoulli_025,scenarios/known_visit_10target_300.csv,4,17,13,33.31052083741051,33.31052083741051,02,02,1,0,True,known_visit_horizon,10,4,8,known_visit_horizon,commitment_horizon,8,h8
141,known_visit,DMCHBA,bernoulli,0.25,19,361,4,10,dmchba_h8_bernoulli_025,scenarios/known_visit_10target_300.csv,5,4,4,8.757939877304015,8.757939877304015,01,01,1,0,True,known_visit_horizon,10,4,8,known_visit_horizon,commitment_horizon,8,h8
141,known_visit,DMCHBA,bernoulli,0.25,19,361,4,10,dmchba_h8_bernoulli_025,scenarios/known_visit_10target_300.csv,6,18,17,38.66375634992559,38.66375634992559,03,03,1,0,True,known_visit_horizon,10,4,8,known_visit_horizon,commitment_horizon,8,h8
141,known_visit,DMCHBA,bernoulli,0.25,19,361,4,10,dmchba_h8_bernoulli_025,scenarios/known_visit_10target_300.csv,7,6,15,14.029061628726962,14.029061628726962,03,03,1,0,True,known_visit_horizon,10,4,8,known_visit_horizon,commitment_horizon,8,h8
141,known_visit,DMCHBA,bernoulli,0.25,19,361,4,10,dmchba_h8_bernoulli_025,scenarios/known_visit_10target_300.csv,8,8,10,38.45318592110455,38.45318592110455,00,00,1,0,True,known_visit_horizon,10,4,8,known_visit_horizon,commitment_horizon,8,h8
141,known_visit,DMCHBA,bernoulli,0.25,19,361,4,10,dmchba_h8_bernoulli_025,scenarios/known_visit_10target_300.csv,9,15,9,44.171288701414625,44.171288701414625,01,01,1,0,True,known_visit_horizon,10,4,8,known_visit_horizon,commitment_horizon,8,h8
141,known_visit,DMCHBA,bernoulli,0.25,19,361,4,10,dmchba_h8_bernoulli_025,scenarios/known_visit_10target_300.csv,10,12,12,18.933003064846147,18.933003064846147,02,02,1,0,True,known_visit_horizon,10,4,8,known_visit_horizon,commitment_horizon,8,h8
142,known_visit,DMCHBA,bernoulli,0.25,19,361,4,10,dmchba_h8_bernoulli_025,scenarios/known_visit_10target_300.csv,1,0,1,0.4191603592262563,0.4191603592262563,00,00,1,0,True,known_visit_horizon,10,4,8,known_visit_horizon,commitment_horizon,8,h8
142,known_visit,DMCHBA,bernoulli,0.25,19,361,4,10,dmchba_h8_bernoulli_025,scenarios/known_visit_10target_300.csv,2,5,15,12.10332508489539,12.10332508489539,03,03,1,0,True,known_visit_horizon,10,4,8,known_visit_horizon,commitment_horizon,8,h8
142,known_visit,DMCHBA,bernoulli,0.25,19,361,4,10,dmchba_h8_bernoulli_025,scenarios/known_visit_10target_300.csv,3,3,11,5.644821569353353,5.644821569353353,02,02,2,1,True,known_visit_horizon,10,4,8,known_visit_horizon,commitment_horizon,8,h8
142,known_visit,DMCHBA,bernoulli,0.25,19,361,4,10,dmchba_h8_bernoulli_025,scenarios/known_visit_10target_300.csv,4,5,17,8.823404781062303,8.823404781062303,03,03,2,1,True,known_visit_horizon,10,4,8,known_visit_horizon,commitment_horizon,8,h8
142,known_visit,DMCHBA,bernoulli,0.25,19,361,4,10,dmchba_h8_bernoulli_025,scenarios/known_visit_10target_300.csv,5,13,16,31.696014413480214,31.696014413480214,03,03,1,0,True,known_visit_horizon,10,4,8,known_visit_horizon,commitment_horizon,8,h8
142,known_visit,DMCHBA,bernoulli,0.25,19,361,4,10,dmchba_h8_bernoulli_025,scenarios/known_visit_10target_300.csv,6,4,6,5.319237942788902,5.319237942788902,01,01,2,1,True,known_visit_horizon,10,4,8,known_visit_horizon,commitment_horizon,8,h8
142,known_visit,DMCHBA,bernoulli,0.25,19,361,4,10,dmchba_h8_bernoulli_025,scenarios/known_visit_10target_300.csv,7,9,0,70.09874710077199,70.09874710077199,01,01,1,0,True,known_visit_horizon,10,4,8,known_visit_horizon,commitment_horizon,8,h8
142,known_visit,DMCHBA,bernoulli,0.25,19,361,4,10,dmchba_h8_bernoulli_025,scenarios/known_visit_10target_300.csv,8,16,9,38.383822897717735,38.383822897717735,01,01,2,1,True,known_visit_horizon,10,4,8,known_visit_horizon,commitment_horizon,8,h8
142,known_visit,DMCHBA,bernoulli,0.25,19,361,4,10,dmchba_h8_bernoulli_025,scenarios/known_visit_10target_300.csv,9,7,14,17.58250369454665,17.58250369454665,03,03,1,0,True,known_visit_horizon,10,4,8,known_visit_horizon,commitment_horizon,8,h8
142,known_visit,DMCHBA,bernoulli,0.25,19,361,4,10,dmchba_h8_bernoulli_025,scenarios/known_visit_10target_300.csv,10,6,4,12.471559360928346,12.471559360928346,01,01,2,1,True,known_visit_horizon,10,4,8,known_visit_horizon,commitment_horizon,8,h8
143,known_visit,DMCHBA,bernoulli,0.25,19,361,4,10,dmchba_h8_bernoulli_025,scenarios/known_visit_10target_300.csv,1,10,18,19.81561375587431,19.81561375587431,03,03,1,0,True,known_visit_horizon,10,4,8,known_visit_horizon,commitment_horizon,8,h8
143,known_visit,DMCHBA,bernoulli,0.25,19,361,4,10,dmchba_h8_bernoulli_025,scenarios/known_visit_10target_300.csv,2,5,5,8.92906991407197,8.92906991407197,01,01,2,1,True,known_visit_horizon,10,4,8,known_visit_horizon,commitment_horizon,8,h8
143,known_visit,DMCHBA,bernoulli,0.25,19,361,4,10,dmchba_h8_bernoulli_025,scenarios/known_visit_10target_300.csv,3,3,17,5.643373698599285,5.643373698599285,03,03,1,0,True,known_visit_horizon,10,4,8,known_visit_horizon,commitment_horizon,8,h8
143,known_visit,DMCHBA,bernoulli,0.25,19,361,4,10,dmchba_h8_bernoulli_025,scenarios/known_visit_10target_300.csv,4,12,9,35.109629268079004,35.109629268079004,02,02,1,0,True,known_visit_horizon,10,4,8,known_visit_horizon,commitment_horizon,8,h8
143,known_visit,DMCHBA,bernoulli,0.25,19,361,4,10,dmchba_h8_bernoulli_025,scenarios/known_visit_10target_300.csv,5,1,17,2.0552440396722873,2.0552440396722873,03,03,1,0,True,known_visit_horizon,10,4,8,known_visit_horizon,commitment_horizon,8,h8
143,known_visit,DMCHBA,bernoulli,0.25,19,361,4,10,dmchba_h8_bernoulli_025,scenarios/known_visit_10target_300.csv,6,10,13,17.402657548564683,17.402657548564683,02,02,1,0,True,known_visit_horizon,10,4,8,known_visit_horizon,commitment_horizon,8,h8
143,known_visit,DMCHBA,bernoulli,0.25,19,361,4,10,dmchba_h8_bernoulli_025,scenarios/known_visit_10target_300.csv,7,10,0,36.73298361135578,36.73298361135578,00,00,1,0,True,known_visit_horizon,10,4,8,known_visit_horizon,commitment_horizon,8,h8
143,known_visit,DMCHBA,bernoulli,0.25,19,361,4,10,dmchba_h8_bernoulli_025,scenarios/known_visit_10target_300.csv,8,15,6,28.683753220259597,28.683753220259597,01,01,1,0,True,known_visit_horizon,10,4,8,known_visit_horizon,commitment_horizon,8,h8
143,known_visit,DMCHBA,bernoulli,0.25,19,361,4,10,dmchba_h8_bernoulli_025,scenarios/known_visit_10target_300.csv,9,10,15,20.79234278937254,20.79234278937254,02,02,1,0,True,known_visit_horizon,10,4,8,known_visit_horizon,commitment_horizon,8,h8
143,known_visit,DMCHBA,bernoulli,0.25,19,361,4,10,dmchba_h8_bernoulli_025,scenarios/known_visit_10target_300.csv,10,11,6,21.585540197522874,21.585540197522874,01,01,1,0,True,known_visit_horizon,10,4,8,known_visit_horizon,commitment_horizon,8,h8
144,known_visit,DMCHBA,bernoulli,0.25,19,361,4,10,dmchba_h8_bernoulli_025,scenarios/known_visit_10target_300.csv,1,9,7,19.912730091463825,19.912730091463825,01,01,1,0,True,known_visit_horizon,10,4,8,known_visit_horizon,commitment_horizon,8,h8
144,known_visit,DMCHBA,bernoulli,0.25,19,361,4,10,dmchba_h8_bernoulli_025,scenarios/known_visit_10target_300.csv,2,0,5,0.4705458300490536,0.4705458300490536,01,01,1,0,True,known_visit_horizon,10,4,8,known_visit_horizon,commitment_horizon,8,h8
144,known_visit,DMCHBA,bernoulli,0.25,19,361,4,10,dmchba_h8_bernoulli_025,scenarios/known_visit_10target_300.csv,3,8,11,14.066999426595103,14.066999426595103,02,02,1,0,True,known_visit_horizon,10,4,8,known_visit_horizon,commitment_horizon,8,h8
144,known_visit,DMCHBA,bernoulli,0.25,19,361,4,10,dmchba_h8_bernoulli_025,scenarios/known_visit_10target_300.csv,4,2,2,5.669188365798736,5.669188365798736,00,00,1,0,True,known_visit_horizon,10,4,8,known_visit_horizon,commitment_horizon,8,h8
144,known_visit,DMCHBA,bernoulli,0.25,19,361,4,10,dmchba_h8_bernoulli_025,scenarios/known_visit_10target_300.csv,5,11,15,22.03215666682921,22.03215666682921,03,03,1,0,True,known_visit_horizon,10,4,8,known_visit_horizon,commitment_horizon,8,h8
144,known_visit,DMCHBA,bernoulli,0.25,19,361,4,10,dmchba_h8_bernoulli_025,scenarios/known_visit_10target_300.csv,6,4,12,5.24456056033864,5.24456056033864,02,02,1,0,True,known_visit_horizon,10,4,8,known_visit_horizon,commitment_horizon,8,h8
144,known_visit,DMCHBA,bernoulli,0.25,19,361,4,10,dmchba_h8_bernoulli_025,scenarios/known_visit_10target_300.csv,7,9,6,18.290372520473802,18.290372520473802,01,01,1,0,True,known_visit_horizon,10,4,8,known_visit_horizon,commitment_horizon,8,h8
144,known_visit,DMCHBA,bernoulli,0.25,19,361,4,10,dmchba_h8_bernoulli_025,scenarios/known_visit_10target_300.csv,8,5,12,6.968850987527199,6.968850987527199,02,02,1,0,True,known_visit_horizon,10,4,8,known_visit_horizon,commitment_horizon,8,h8
144,known_visit,DMCHBA,bernoulli,0.25,19,361,4,10,dmchba_h8_bernoulli_025,scenarios/known_visit_10target_300.csv,9,16,13,31.59612215519174,31.59612215519174,02,02,1,0,True,known_visit_horizon,10,4,8,known_visit_horizon,commitment_horizon,8,h8
144,known_visit,DMCHBA,bernoulli,0.25,19,361,4,10,dmchba_h8_bernoulli_025,scenarios/known_visit_10target_300.csv,10,14,2,26.26832640682092,26.26832640682092,00,00,1,0,True,known_visit_horizon,10,4,8,known_visit_horizon,commitment_horizon,8,h8
145,known_visit,DMCHBA,bernoulli,0.25,19,361,4,10,dmchba_h8_bernoulli_025,scenarios/known_visit_10target_300.csv,1,2,5,10.719292271681345,10.719292271681345,00,00,1,0,True,known_visit_horizon,10,4,8,known_visit_horizon,commitment_horizon,8,h8
145,known_visit,DMCHBA,bernoulli,0.25,19,361,4,10,dmchba_h8_bernoulli_025,scenarios/known_visit_10target_300.csv,2,9,4,40.16288184165572,40.16288184165572,03,03,1,0,True,known_visit_horizon,10,4,8,known_visit_horizon,commitment_horizon,8,h8
145,known_visit,DMCHBA,bernoulli,0.25,19,361,4,10,dmchba_h8_bernoulli_025,scenarios/known_visit_10target_300.csv,3,18,11,31.57178508728186,31.57178508728186,02,02,1,0,True,known_visit_horizon,10,4,8,known_visit_horizon,commitment_horizon,8,h8
145,known_visit,DMCHBA,bernoulli,0.25,19,361,4,10,dmchba_h8_bernoulli_025,scenarios/known_visit_10target_300.csv,4,15,1,54.193795392451605,54.193795392451605,01,01,1,0,True,known_visit_horizon,10,4,8,known_visit_horizon,commitment_horizon,8,h8
145,known_visit,DMCHBA,bernoulli,0.25,19,361,4,10,dmchba_h8_bernoulli_025,scenarios/known_visit_10target_300.csv,5,11,11,19.636756636995514,19.636756636995514,02,02,1,0,True,known_visit_horizon,10,4,8,known_visit_horizon,commitment_horizon,8,h8
145,known_visit,DMCHBA,bernoulli,0.25,19,361,4,10,dmchba_h8_bernoulli_025,scenarios/known_visit_10target_300.csv,6,4,17,7.293902221910178,7.293902221910178,03,03,1,0,True,known_visit_horizon,10,4,8,known_visit_horizon,commitment_horizon,8,h8
145,known_visit,DMCHBA,bernoulli,0.25,19,361,4,10,dmchba_h8_bernoulli_025,scenarios/known_visit_10target_300.csv,7,14,10,29.73798369017938,29.73798369017938,01,01,1,0,True,known_visit_horizon,10,4,8,known_visit_horizon,commitment_horizon,8,h8
145,known_visit,DMCHBA,bernoulli,0.25,19,361,4,10,dmchba_h8_bernoulli_025,scenarios/known_visit_10target_300.csv,8,8,7,14.238766115365088,14.238766115365088,01,01,3,2,True,known_visit_horizon,10,4,8,known_visit_horizon,commitment_horizon,8,h8
145,known_visit,DMCHBA,bernoulli,0.25,19,361,4,10,dmchba_h8_bernoulli_025,scenarios/known_visit_10target_300.csv,9,17,6,42.02435771305518,42.02435771305518,01,01,1,0,True,known_visit_horizon,10,4,8,known_visit_horizon,commitment_horizon,8,h8
145,known_visit,DMCHBA,bernoulli,0.25,19,361,4,10,dmchba_h8_bernoulli_025,scenarios/known_visit_10target_300.csv,10,16,11,28.18051265233062,28.18051265233062,02,02,1,0,True,known_visit_horizon,10,4,8,known_visit_horizon,commitment_horizon,8,h8
146,known_visit,DMCHBA,bernoulli,0.25,19,361,4,10,dmchba_h8_bernoulli_025,scenarios/known_visit_10target_300.csv,1,13,9,36.461209063295826,36.461209063295826,03,03,1,0,True,known_visit_horizon,10,4,8,known_visit_horizon,commitment_horizon,8,h8
146,known_visit,DMCHBA,bernoulli,0.25,19,361,4,10,dmchba_h8_bernoulli_025,scenarios/known_visit_10target_300.csv,2,11,16,20.76138662095228,20.76138662095228,03,03,1,0,True,known_visit_horizon,10,4,8,known_visit_horizon,commitment_horizon,8,h8
146,known_visit,DMCHBA,bernoulli,0.25,19,361,4,10,dmchba_h8_bernoulli_025,scenarios/known_visit_10target_300.csv,3,17,8,35.20961274634535,35.20961274634535,01,01,1,0,True,known_visit_horizon,10,4,8,known_visit_horizon,commitment_horizon,8,h8
146,known_visit,DMCHBA,bernoulli,0.25,19,361,4,10,dmchba_h8_bernoulli_025,scenarios/known_visit_10target_300.csv,4,9,2,18.062473925272204,18.062473925272204,00,00,1,0,True,known_visit_horizon,10,4,8,known_visit_horizon,commitment_horizon,8,h8
146,known_visit,DMCHBA,bernoulli,0.25,19,361,4,10,dmchba_h8_bernoulli_025,scenarios/known_visit_10target_300.csv,5,7,8,46.81547493907648,46.81547493907648,02,02,1,0,True,known_visit_horizon,10,4,8,known_visit_horizon,commitment_horizon,8,h8
146,known_visit,DMCHBA,bernoulli,0.25,19,361,4,10,dmchba_h8_bernoulli_025,scenarios/known_visit_10target_300.csv,6,16,0,33.82892920995252,33.82892920995252,00,00,1,0,True,known_visit_horizon,10,4,8,known_visit_horizon,commitment_horizon,8,h8
146,known_visit,DMCHBA,bernoulli,0.25,19,361,4,10,dmchba_h8_bernoulli_025,scenarios/known_visit_10target_300.csv,7,8,13,14.066895427900288,14.066895427900288,02,02,1,0,True,known_visit_horizon,10,4,8,known_visit_horizon,commitment_horizon,8,h8
146,known_visit,DMCHBA,bernoulli,0.25,19,361,4,10,dmchba_h8_bernoulli_025,scenarios/known_visit_10target_300.csv,8,6,0,9.087382665784887,9.087382665784887,00,00,1,0,True,known_visit_horizon,10,4,8,known_visit_horizon,commitment_horizon,8,h8
146,known_visit,DMCHBA,bernoulli,0.25,19,361,4,10,dmchba_h8_bernoulli_025,scenarios/known_visit_10target_300.csv,9,16,6,29.771153035845337,29.771153035845337,01,01,1,0,True,known_visit_horizon,10,4,8,known_visit_horizon,commitment_horizon,8,h8
146,known_visit,DMCHBA,bernoulli,0.25,19,361,4,10,dmchba_h8_bernoulli_025,scenarios/known_visit_10target_300.csv,10,9,5,15.714386398766267,15.714386398766267,01,01,1,0,True,known_visit_horizon,10,4,8,known_visit_horizon,commitment_horizon,8,h8
147,known_visit,DMCHBA,bernoulli,0.25,19,361,4,10,dmchba_h8_bernoulli_025,scenarios/known_visit_10target_300.csv,1,15,10,29.03876172292102,29.03876172292102,02,02,1,0,True,known_visit_horizon,10,4,8,known_visit_horizon,commitment_horizon,8,h8
147,known_visit,DMCHBA,bernoulli,0.25,19,361,4,10,dmchba_h8_bernoulli_025,scenarios/known_visit_10target_300.csv,2,9,10,18.475418436457648,18.475418436457648,02,02,2,1,True,known_visit_horizon,10,4,8,known_visit_horizon,commitment_horizon,8,h8
147,known_visit,DMCHBA,bernoulli,0.25,19,361,4,10,dmchba_h8_bernoulli_025,scenarios/known_visit_10target_300.csv,3,16,11,32.69294955972463,32.69294955972463,02,02,1,0,True,known_visit_horizon,10,4,8,known_visit_horizon,commitment_horizon,8,h8
147,known_visit,DMCHBA,bernoulli,0.25,19,361,4,10,dmchba_h8_bernoulli_025,scenarios/known_visit_10target_300.csv,4,5,17,8.954429508585488,8.954429508585488,03,03,1,0,True,known_visit_horizon,10,4,8,known_visit_horizon,commitment_horizon,8,h8
147,known_visit,DMCHBA,bernoulli,0.25,19,361,4,10,dmchba_h8_bernoulli_025,scenarios/known_visit_10target_300.csv,5,0,17,0.4805645776722429,0.4805645776722429,03,03,1,0,True,known_visit_horizon,10,4,8,known_visit_horizon,commitment_horizon,8,h8
147,known_visit,DMCHBA,bernoulli,0.25,19,361,4,10,dmchba_h8_bernoulli_025,scenarios/known_visit_10target_300.csv,6,6,18,12.710806216016191,12.710806216016191,03,03,1,0,True,known_visit_horizon,10,4,8,known_visit_horizon,commitment_horizon,8,h8
147,known_visit,DMCHBA,bernoulli,0.25,19,361,4,10,dmchba_h8_bernoulli_025,scenarios/known_visit_10target_300.csv,7,11,10,22.16438639091016,22.16438639091016,02,02,1,0,True,known_visit_horizon,10,4,8,known_visit_horizon,commitment_horizon,8,h8
147,known_visit,DMCHBA,bernoulli,0.25,19,361,4,10,dmchba_h8_bernoulli_025,scenarios/known_visit_10target_300.csv,8,18,18,33.50882370786847,33.50882370786847,03,03,1,0,True,known_visit_horizon,10,4,8,known_visit_horizon,commitment_horizon,8,h8
147,known_visit,DMCHBA,bernoulli,0.25,19,361,4,10,dmchba_h8_bernoulli_025,scenarios/known_visit_10target_300.csv,9,1,1,2.2369794221656227,2.2369794221656227,00,00,1,0,True,known_visit_horizon,10,4,8,known_visit_horizon,commitment_horizon,8,h8
147,known_visit,DMCHBA,bernoulli,0.25,19,361,4,10,dmchba_h8_bernoulli_025,scenarios/known_visit_10target_300.csv,10,16,15,39.412600036350625,39.412600036350625,02,02,1,0,True,known_visit_horizon,10,4,8,known_visit_horizon,commitment_horizon,8,h8
148,known_visit,DMCHBA,bernoulli,0.25,19,361,4,10,dmchba_h8_bernoulli_025,scenarios/known_visit_10target_300.csv,1,13,12,20.27957467596112,20.27957467596112,02,02,1,0,True,known_visit_horizon,10,4,8,known_visit_horizon,commitment_horizon,8,h8
148,known_visit,DMCHBA,bernoulli,0.25,19,361,4,10,dmchba_h8_bernoulli_025,scenarios/known_visit_10target_300.csv,2,12,9,24.618703445832512,24.618703445832512,01,01,2,1,True,known_visit_horizon,10,4,8,known_visit_horizon,commitment_horizon,8,h8
148,known_visit,DMCHBA,bernoulli,0.25,19,361,4,10,dmchba_h8_bernoulli_025,scenarios/known_visit_10target_300.csv,3,9,15,19.493096293876622,19.493096293876622,03,03,1,0,True,known_visit_horizon,10,4,8,known_visit_horizon,commitment_horizon,8,h8
148,known_visit,DMCHBA,bernoulli,0.25,19,361,4,10,dmchba_h8_bernoulli_025,scenarios/known_visit_10target_300.csv,4,8,3,17.635071309084694,17.635071309084694,00,00,1,0,True,known_visit_horizon,10,4,8,known_visit_horizon,commitment_horizon,8,h8
148,known_visit,DMCHBA,bernoulli,0.25,19,361,4,10,dmchba_h8_bernoulli_025,scenarios/known_visit_10target_300.csv,5,6,15,14.035757940988693,14.035757940988693,03,03,1,0,True,known_visit_horizon,10,4,8,known_visit_horizon,commitment_horizon,8,h8
148,known_visit,DMCHBA,bernoulli,0.25,19,361,4,10,dmchba_h8_bernoulli_025,scenarios/known_visit_10target_300.csv,6,11,7,19.396502806462877,19.396502806462877,01,01,1,0,True,known_visit_horizon,10,4,8,known_visit_horizon,commitment_horizon,8,h8
148,known_visit,DMCHBA,bernoulli,0.25,19,361,4,10,dmchba_h8_bernoulli_025,scenarios/known_visit_10target_300.csv,7,17,8,35.258566652900434,35.258566652900434,01,01,1,0,True,known_visit_horizon,10,4,8,known_visit_horizon,commitment_horizon,8,h8
148,known_visit,DMCHBA,bernoulli,0.25,19,361,4,10,dmchba_h8_bernoulli_025,scenarios/known_visit_10target_300.csv,8,13,0,32.11143017608085,32.11143017608085,00,00,1,0,True,known_visit_horizon,10,4,8,known_visit_horizon,commitment_horizon,8,h8
148,known_visit,DMCHBA,bernoulli,0.25,19,361,4,10,dmchba_h8_bernoulli_025,scenarios/known_visit_10target_300.csv,9,15,10,27.332572632095747,27.332572632095747,02,02,1,0,True,known_visit_horizon,10,4,8,known_visit_horizon,commitment_horizon,8,h8
148,known_visit,DMCHBA,bernoulli,0.25,19,361,4,10,dmchba_h8_bernoulli_025,scenarios/known_visit_10target_300.csv,10,17,12,34.675840648010364,34.675840648010364,02,02,1,0,True,known_visit_horizon,10,4,8,known_visit_horizon,commitment_horizon,8,h8
149,known_visit,DMCHBA,bernoulli,0.25,19,361,4,10,dmchba_h8_bernoulli_025,scenarios/known_visit_10target_300.csv,1,4,14,8.899095422961722,8.899095422961722,02,02,2,1,True,known_visit_horizon,10,4,8,known_visit_horizon,commitment_horizon,8,h8
149,known_visit,DMCHBA,bernoulli,0.25,19,361,4,10,dmchba_h8_bernoulli_025,scenarios/known_visit_10target_300.csv,2,13,3,26.029616759721474,26.029616759721474,01,01,1,0,True,known_visit_horizon,10,4,8,known_visit_horizon,commitment_horizon,8,h8
149,known_visit,DMCHBA,bernoulli,0.25,19,361,4,10,dmchba_h8_bernoulli_025,scenarios/known_visit_10target_300.csv,3,3,1,5.694648958546184,5.694648958546184,00,00,1,0,True,known_visit_horizon,10,4,8,known_visit_horizon,commitment_horizon,8,h8
149,known_visit,DMCHBA,bernoulli,0.25,19,361,4,10,dmchba_h8_bernoulli_025,scenarios/known_visit_10target_300.csv,4,4,2,9.36124836554297,9.36124836554297,00,00,1,0,True,known_visit_horizon,10,4,8,known_visit_horizon,commitment_horizon,8,h8
149,known_visit,DMCHBA,bernoulli,0.25,19,361,4,10,dmchba_h8_bernoulli_025,scenarios/known_visit_10target_300.csv,5,7,15,23.069949642273716,23.069949642273716,03,03,1,0,True,known_visit_horizon,10,4,8,known_visit_horizon,commitment_horizon,8,h8
149,known_visit,DMCHBA,bernoulli,0.25,19,361,4,10,dmchba_h8_bernoulli_025,scenarios/known_visit_10target_300.csv,6,8,9,24.722837043709237,24.722837043709237,02,02,2,1,True,known_visit_horizon,10,4,8,known_visit_horizon,commitment_horizon,8,h8
149,known_visit,DMCHBA,bernoulli,0.25,19,361,4,10,dmchba_h8_bernoulli_025,scenarios/known_visit_10target_300.csv,7,15,9,36.94615081394047,36.94615081394047,02,02,1,0,True,known_visit_horizon,10,4,8,known_visit_horizon,commitment_horizon,8,h8
149,known_visit,DMCHBA,bernoulli,0.25,19,361,4,10,dmchba_h8_bernoulli_025,scenarios/known_visit_10target_300.csv,8,3,0,3.6016958934512515,3.6016958934512515,00,00,1,0,True,known_visit_horizon,10,4,8,known_visit_horizon,commitment_horizon,8,h8
149,known_visit,DMCHBA,bernoulli,0.25,19,361,4,10,dmchba_h8_bernoulli_025,scenarios/known_visit_10target_300.csv,9,17,1,33.53373667387822,33.53373667387822,00,00,1,0,True,known_visit_horizon,10,4,8,known_visit_horizon,commitment_horizon,8,h8
149,known_visit,DMCHBA,bernoulli,0.25,19,361,4,10,dmchba_h8_bernoulli_025,scenarios/known_visit_10target_300.csv,10,3,5,5.493055773085305,5.493055773085305,01,01,1,0,True,known_visit_horizon,10,4,8,known_visit_horizon,commitment_horizon,8,h8
150,known_visit,DMCHBA,bernoulli,0.25,19,361,4,10,dmchba_h8_bernoulli_025,scenarios/known_visit_10target_300.csv,1,0,3,3.837566100671428,3.837566100671428,01,01,1,0,True,known_visit_horizon,10,4,8,known_visit_horizon,commitment_horizon,8,h8
150,known_visit,DMCHBA,bernoulli,0.25,19,361,4,10,dmchba_h8_bernoulli_025,scenarios/known_visit_10target_300.csv,2,5,18,7.097743803466845,7.097743803466845,03,03,1,0,True,known_visit_horizon,10,4,8,known_visit_horizon,commitment_horizon,8,h8
150,known_visit,DMCHBA,bernoulli,0.25,19,361,4,10,dmchba_h8_bernoulli_025,scenarios/known_visit_10target_300.csv,3,13,14,28.202397185864243,28.202397185864243,03,03,1,0,True,known_visit_horizon,10,4,8,known_visit_horizon,commitment_horizon,8,h8
150,known_visit,DMCHBA,bernoulli,0.25,19,361,4,10,dmchba_h8_bernoulli_025,scenarios/known_visit_10target_300.csv,4,16,12,37.0073228104576,37.0073228104576,03,03,1,0,True,known_visit_horizon,10,4,8,known_visit_horizon,commitment_horizon,8,h8
150,known_visit,DMCHBA,bernoulli,0.25,19,361,4,10,dmchba_h8_bernoulli_025,scenarios/known_visit_10target_300.csv,5,4,1,11.752869568804412,11.752869568804412,00,00,1,0,True,known_visit_horizon,10,4,8,known_visit_horizon,commitment_horizon,8,h8
150,known_visit,DMCHBA,bernoulli,0.25,19,361,4,10,dmchba_h8_bernoulli_025,scenarios/known_visit_10target_300.csv,6,11,8,24.49595523863043,24.49595523863043,02,02,1,0,True,known_visit_horizon,10,4,8,known_visit_horizon,commitment_horizon,8,h8
150,known_visit,DMCHBA,bernoulli,0.25,19,361,4,10,dmchba_h8_bernoulli_025,scenarios/known_visit_10target_300.csv,7,13,0,29.171541551024372,29.171541551024372,00,00,1,0,True,known_visit_horizon,10,4,8,known_visit_horizon,commitment_horizon,8,h8
150,known_visit,DMCHBA,bernoulli,0.25,19,361,4,10,dmchba_h8_bernoulli_025,scenarios/known_visit_10target_300.csv,8,13,10,31.521957920428644,31.521957920428644,02,02,1,0,True,known_visit_horizon,10,4,8,known_visit_horizon,commitment_horizon,8,h8
150,known_visit,DMCHBA,bernoulli,0.25,19,361,4,10,dmchba_h8_bernoulli_025,scenarios/known_visit_10target_300.csv,9,8,3,17.878598188556268,17.878598188556268,01,01,1,0,True,known_visit_horizon,10,4,8,known_visit_horizon,commitment_horizon,8,h8
150,known_visit,DMCHBA,bernoulli,0.25,19,361,4,10,dmchba_h8_bernoulli_025,scenarios/known_visit_10target_300.csv,10,5,17,9.15114927498167,9.15114927498167,03,03,1,0,True,known_visit_horizon,10,4,8,known_visit_horizon,commitment_horizon,8,h8
151,known_visit,DMCHBA,bernoulli,0.25,19,361,4,10,dmchba_h8_bernoulli_025,scenarios/known_visit_10target_300.csv,1,9,7,27.375919225577057,27.375919225577057,01,01,1,0,True,known_visit_horizon,10,4,8,known_visit_horizon,commitment_horizon,8,h8
151,known_visit,DMCHBA,bernoulli,0.25,19,361,4,10,dmchba_h8_bernoulli_025,scenarios/known_visit_10target_300.csv,2,1,11,2.27051865359339,2.27051865359339,02,02,2,1,True,known_visit_horizon,10,4,8,known_visit_horizon,commitment_horizon,8,h8
151,known_visit,DMCHBA,bernoulli,0.25,19,361,4,10,dmchba_h8_bernoulli_025,scenarios/known_visit_10target_300.csv,3,5,18,14.704931021335659,14.704931021335659,03,03,1,0,True,known_visit_horizon,10,4,8,known_visit_horizon,commitment_horizon,8,h8
151,known_visit,DMCHBA,bernoulli,0.25,19,361,4,10,dmchba_h8_bernoulli_025,scenarios/known_visit_10target_300.csv,4,16,3,30.994733855748045,30.994733855748045,00,00,1,0,True,known_visit_horizon,10,4,8,known_visit_horizon,commitment_horizon,8,h8
151,known_visit,DMCHBA,bernoulli,0.25,19,361,4,10,dmchba_h8_bernoulli_025,scenarios/known_visit_10target_300.csv,5,3,16,7.1683879215978905,7.1683879215978905,03,03,1,0,True,known_visit_horizon,10,4,8,known_visit_horizon,commitment_horizon,8,h8
151,known_visit,DMCHBA,bernoulli,0.25,19,361,4,10,dmchba_h8_bernoulli_025,scenarios/known_visit_10target_300.csv,6,0,4,2.155392834018746,2.155392834018746,01,01,1,0,True,known_visit_horizon,10,4,8,known_visit_horizon,commitment_horizon,8,h8
151,known_visit,DMCHBA,bernoulli,0.25,19,361,4,10,dmchba_h8_bernoulli_025,scenarios/known_visit_10target_300.csv,7,18,10,40.54009868543783,40.54009868543783,02,02,1,0,True,known_visit_horizon,10,4,8,known_visit_horizon,commitment_horizon,8,h8
151,known_visit,DMCHBA,bernoulli,0.25,19,361,4,10,dmchba_h8_bernoulli_025,scenarios/known_visit_10target_300.csv,8,6,8,19.933461935255032,19.933461935255032,01,01,1,0,True,known_visit_horizon,10,4,8,known_visit_horizon,commitment_horizon,8,h8
151,known_visit,DMCHBA,bernoulli,0.25,19,361,4,10,dmchba_h8_bernoulli_025,scenarios/known_visit_10target_300.csv,9,17,13,33.257643814545325,33.257643814545325,02,02,1,0,True,known_visit_horizon,10,4,8,known_visit_horizon,commitment_horizon,8,h8
151,known_visit,DMCHBA,bernoulli,0.25,19,361,4,10,dmchba_h8_bernoulli_025,scenarios/known_visit_10target_300.csv,10,12,1,20.53634088893055,20.53634088893055,00,00,1,0,True,known_visit_horizon,10,4,8,known_visit_horizon,commitment_horizon,8,h8
152,known_visit,DMCHBA,bernoulli,0.25,19,361,4,10,dmchba_h8_bernoulli_025,scenarios/known_visit_10target_300.csv,1,8,4,16.12131826828272,16.12131826828272,01,01,1,0,True,known_visit_horizon,10,4,8,known_visit_horizon,commitment_horizon,8,h8
152,known_visit,DMCHBA,bernoulli,0.25,19,361,4,10,dmchba_h8_bernoulli_025,scenarios/known_visit_10target_300.csv,2,8,3,17.747620865063272,17.747620865063272,01,01,1,0,True,known_visit_horizon,10,4,8,known_visit_horizon,commitment_horizon,8,h8
152,known_visit,DMCHBA,bernoulli,0.25,19,361,4,10,dmchba_h8_bernoulli_025,scenarios/known_visit_10target_300.csv,3,12,3,24.94949703669966,24.94949703669966,01,01,1,0,True,known_visit_horizon,10,4,8,known_visit_horizon,commitment_horizon,8,h8
152,known_visit,DMCHBA,bernoulli,0.25,19,361,4,10,dmchba_h8_bernoulli_025,scenarios/known_visit_10target_300.csv,4,2,13,3.9012091364824086,3.9012091364824086,02,02,1,0,True,known_visit_horizon,10,4,8,known_visit_horizon,commitment_horizon,8,h8
152,known_visit,DMCHBA,bernoulli,0.25,19,361,4,10,dmchba_h8_bernoulli_025,scenarios/known_visit_10target_300.csv,5,8,17,13.752612835456056,13.752612835456056,03,03,1,0,True,known_visit_horizon,10,4,8,known_visit_horizon,commitment_horizon,8,h8
152,known_visit,DMCHBA,bernoulli,0.25,19,361,4,10,dmchba_h8_bernoulli_025,scenarios/known_visit_10target_300.csv,6,5,1,9.383171064682685,9.383171064682685,00,00,2,1,True,known_visit_horizon,10,4,8,known_visit_horizon,commitment_horizon,8,h8
152,known_visit,DMCHBA,bernoulli,0.25,19,361,4,10,dmchba_h8_bernoulli_025,scenarios/known_visit_10target_300.csv,7,3,14,7.747108273296519,7.747108273296519,02,02,1,0,True,known_visit_horizon,10,4,8,known_visit_horizon,commitment_horizon,8,h8
152,known_visit,DMCHBA,bernoulli,0.25,19,361,4,10,dmchba_h8_bernoulli_025,scenarios/known_visit_10target_300.csv,8,4,1,7.391737832662579,7.391737832662579,00,00,2,1,True,known_visit_horizon,10,4,8,known_visit_horizon,commitment_horizon,8,h8
152,known_visit,DMCHBA,bernoulli,0.25,19,361,4,10,dmchba_h8_bernoulli_025,scenarios/known_visit_10target_300.csv,9,2,15,59.07808076039014,59.07808076039014,03,03,1,0,True,known_visit_horizon,10,4,8,known_visit_horizon,commitment_horizon,8,h8
152,known_visit,DMCHBA,bernoulli,0.25,19,361,4,10,dmchba_h8_bernoulli_025,scenarios/known_visit_10target_300.csv,10,15,18,27.917960328435857,27.917960328435857,03,03,1,0,True,known_visit_horizon,10,4,8,known_visit_horizon,commitment_horizon,8,h8
153,known_visit,DMCHBA,bernoulli,0.25,19,361,4,10,dmchba_h8_bernoulli_025,scenarios/known_visit_10target_300.csv,1,3,17,5.490955641306211,5.490955641306211,03,03,1,0,True,known_visit_horizon,10,4,8,known_visit_horizon,commitment_horizon,8,h8
153,known_visit,DMCHBA,bernoulli,0.25,19,361,4,10,dmchba_h8_bernoulli_025,scenarios/known_visit_10target_300.csv,2,10,10,30.50787908449564,30.50787908449564,02,02,1,0,True,known_visit_horizon,10,4,8,known_visit_horizon,commitment_horizon,8,h8
153,known_visit,DMCHBA,bernoulli,0.25,19,361,4,10,dmchba_h8_bernoulli_025,scenarios/known_visit_10target_300.csv,3,17,4,35.0426791404013,35.0426791404013,00,00,1,0,True,known_visit_horizon,10,4,8,known_visit_horizon,commitment_horizon,8,h8
153,known_visit,DMCHBA,bernoulli,0.25,19,361,4,10,dmchba_h8_bernoulli_025,scenarios/known_visit_10target_300.csv,4,7,9,23.531309413286202,23.531309413286202,02,02,1,0,True,known_visit_horizon,10,4,8,known_visit_horizon,commitment_horizon,8,h8
153,known_visit,DMCHBA,bernoulli,0.25,19,361,4,10,dmchba_h8_bernoulli_025,scenarios/known_visit_10target_300.csv,5,17,15,33.08304260815687,33.08304260815687,03,03,1,0,True,known_visit_horizon,10,4,8,known_visit_horizon,commitment_horizon,8,h8
153,known_visit,DMCHBA,bernoulli,0.25,19,361,4,10,dmchba_h8_bernoulli_025,scenarios/known_visit_10target_300.csv,6,5,2,10.927114765725348,10.927114765725348,00,00,1,0,True,known_visit_horizon,10,4,8,known_visit_horizon,commitment_horizon,8,h8
153,known_visit,DMCHBA,bernoulli,0.25,19,361,4,10,dmchba_h8_bernoulli_025,scenarios/known_visit_10target_300.csv,7,4,2,9.01443098181351,9.01443098181351,00,00,1,0,True,known_visit_horizon,10,4,8,known_visit_horizon,commitment_horizon,8,h8
153,known_visit,DMCHBA,bernoulli,0.25,19,361,4,10,dmchba_h8_bernoulli_025,scenarios/known_visit_10target_300.csv,8,4,15,10.722762487735697,10.722762487735697,03,03,1,0,True,known_visit_horizon,10,4,8,known_visit_horizon,commitment_horizon,8,h8
153,known_visit,DMCHBA,bernoulli,0.25,19,361,4,10,dmchba_h8_bernoulli_025,scenarios/known_visit_10target_300.csv,9,14,4,29.67255541811541,29.67255541811541,00,00,1,0,True,known_visit_horizon,10,4,8,known_visit_horizon,commitment_horizon,8,h8
153,known_visit,DMCHBA,bernoulli,0.25,19,361,4,10,dmchba_h8_bernoulli_025,scenarios/known_visit_10target_300.csv,10,4,7,7.167640629019286,7.167640629019286,01,01,2,1,True,known_visit_horizon,10,4,8,known_visit_horizon,commitment_horizon,8,h8
154,known_visit,DMCHBA,bernoulli,0.25,19,361,4,10,dmchba_h8_bernoulli_025,scenarios/known_visit_10target_300.csv,1,9,5,22.953784388881246,22.953784388881246,00,00,1,0,True,known_visit_horizon,10,4,8,known_visit_horizon,commitment_horizon,8,h8
154,known_visit,DMCHBA,bernoulli,0.25,19,361,4,10,dmchba_h8_bernoulli_025,scenarios/known_visit_10target_300.csv,2,2,7,4.3056831562934965,4.3056831562934965,01,01,1,0,True,known_visit_horizon,10,4,8,known_visit_horizon,commitment_horizon,8,h8
154,known_visit,DMCHBA,bernoulli,0.25,19,361,4,10,dmchba_h8_bernoulli_025,scenarios/known_visit_10target_300.csv,3,17,8,34.900679743809455,34.900679743809455,02,02,1,0,True,known_visit_horizon,10,4,8,known_visit_horizon,commitment_horizon,8,h8
154,known_visit,DMCHBA,bernoulli,0.25,19,361,4,10,dmchba_h8_bernoulli_025,scenarios/known_visit_10target_300.csv,4,17,6,31.62650396852586,31.62650396852586,01,01,1,0,True,known_visit_horizon,10,4,8,known_visit_horizon,commitment_horizon,8,h8
154,known_visit,DMCHBA,bernoulli,0.25,19,361,4,10,dmchba_h8_bernoulli_025,scenarios/known_visit_10target_300.csv,5,1,7,2.3130511662903785,2.3130511662903785,01,01,2,1,True,known_visit_horizon,10,4,8,known_visit_horizon,commitment_horizon,8,h8
154,known_visit,DMCHBA,bernoulli,0.25,19,361,4,10,dmchba_h8_bernoulli_025,scenarios/known_visit_10target_300.csv,6,1,14,7.633085704254826,7.633085704254826,03,03,1,0,True,known_visit_horizon,10,4,8,known_visit_horizon,commitment_horizon,8,h8
154,known_visit,DMCHBA,bernoulli,0.25,19,361,4,10,dmchba_h8_bernoulli_025,scenarios/known_visit_10target_300.csv,7,8,12,12.18295585724908,12.18295585724908,02,02,1,0,True,known_visit_horizon,10,4,8,known_visit_horizon,commitment_horizon,8,h8
154,known_visit,DMCHBA,bernoulli,0.25,19,361,4,10,dmchba_h8_bernoulli_025,scenarios/known_visit_10target_300.csv,8,4,4,12.519818639980944,12.519818639980944,00,00,1,0,True,known_visit_horizon,10,4,8,known_visit_horizon,commitment_horizon,8,h8
154,known_visit,DMCHBA,bernoulli,0.25,19,361,4,10,dmchba_h8_bernoulli_025,scenarios/known_visit_10target_300.csv,9,4,12,5.17723999214934,5.17723999214934,02,02,1,0,True,known_visit_horizon,10,4,8,known_visit_horizon,commitment_horizon,8,h8
154,known_visit,DMCHBA,bernoulli,0.25,19,361,4,10,dmchba_h8_bernoulli_025,scenarios/known_visit_10target_300.csv,10,0,15,3.9809466056527945,3.9809466056527945,03,03,1,0,True,known_visit_horizon,10,4,8,known_visit_horizon,commitment_horizon,8,h8
155,known_visit,DMCHBA,bernoulli,0.25,19,361,4,10,dmchba_h8_bernoulli_025,scenarios/known_visit_10target_300.csv,1,3,4,7.376148657328787,7.376148657328787,01,01,1,0,True,known_visit_horizon,10,4,8,known_visit_horizon,commitment_horizon,8,h8
155,known_visit,DMCHBA,bernoulli,0.25,19,361,4,10,dmchba_h8_bernoulli_025,scenarios/known_visit_10target_300.csv,2,1,1,2.212942513799521,2.212942513799521,00,00,1,0,True,known_visit_horizon,10,4,8,known_visit_horizon,commitment_horizon,8,h8
155,known_visit,DMCHBA,bernoulli,0.25,19,361,4,10,dmchba_h8_bernoulli_025,scenarios/known_visit_10target_300.csv,3,3,17,5.571066669739615,5.571066669739615,03,03,1,0,True,known_visit_horizon,10,4,8,known_visit_horizon,commitment_horizon,8,h8
155,known_visit,DMCHBA,bernoulli,0.25,19,361,4,10,dmchba_h8_bernoulli_025,scenarios/known_visit_10target_300.csv,4,17,15,33.26414028674621,33.26414028674621,03,03,1,0,True,known_visit_horizon,10,4,8,known_visit_horizon,commitment_horizon,8,h8
155,known_visit,DMCHBA,bernoulli,0.25,19,361,4,10,dmchba_h8_bernoulli_025,scenarios/known_visit_10target_300.csv,5,15,4,42.75675006317005,42.75675006317005,01,01,1,0,True,known_visit_horizon,10,4,8,known_visit_horizon,commitment_horizon,8,h8
155,known_visit,DMCHBA,bernoulli,0.25,19,361,4,10,dmchba_h8_bernoulli_025,scenarios/known_visit_10target_300.csv,6,8,17,14.29685893519821,14.29685893519821,03,03,1,0,True,known_visit_horizon,10,4,8,known_visit_horizon,commitment_horizon,8,h8
155,known_visit,DMCHBA,bernoulli,0.25,19,361,4,10,dmchba_h8_bernoulli_025,scenarios/known_visit_10target_300.csv,7,18,13,31.045127242891898,31.045127242891898,02,02,1,0,True,known_visit_horizon,10,4,8,known_visit_horizon,commitment_horizon,8,h8
155,known_visit,DMCHBA,bernoulli,0.25,19,361,4,10,dmchba_h8_bernoulli_025,scenarios/known_visit_10target_300.csv,8,18,0,33.53525398454248,33.53525398454248,00,00,1,0,True,known_visit_horizon,10,4,8,known_visit_horizon,commitment_horizon,8,h8
155,known_visit,DMCHBA,bernoulli,0.25,19,361,4,10,dmchba_h8_bernoulli_025,scenarios/known_visit_10target_300.csv,9,11,8,28.307594328497455,28.307594328497455,01,01,1,0,True,known_visit_horizon,10,4,8,known_visit_horizon,commitment_horizon,8,h8
155,known_visit,DMCHBA,bernoulli,0.25,19,361,4,10,dmchba_h8_bernoulli_025,scenarios/known_visit_10target_300.csv,10,18,1,31.447582022252114,31.447582022252114,00,00,1,0,True,known_visit_horizon,10,4,8,known_visit_horizon,commitment_horizon,8,h8
156,known_visit,DMCHBA,bernoulli,0.25,19,361,4,10,dmchba_h8_bernoulli_025,scenarios/known_visit_10target_300.csv,1,4,5,13.94336883773459,13.94336883773459,00,00,1,0,True,known_visit_horizon,10,4,8,known_visit_horizon,commitment_horizon,8,h8
156,known_visit,DMCHBA,bernoulli,0.25,19,361,4,10,dmchba_h8_bernoulli_025,scenarios/known_visit_10target_300.csv,2,11,17,19.249591182517,19.249591182517,03,03,1,0,True,known_visit_horizon,10,4,8,known_visit_horizon,commitment_horizon,8,h8
156,known_visit,DMCHBA,bernoulli,0.25,19,361,4,10,dmchba_h8_bernoulli_025,scenarios/known_visit_10target_300.csv,3,8,12,23.181643583725478,23.181643583725478,02,02,1,0,True,known_visit_horizon,10,4,8,known_visit_horizon,commitment_horizon,8,h8
156,known_visit,DMCHBA,bernoulli,0.25,19,361,4,10,dmchba_h8_bernoulli_025,scenarios/known_visit_10target_300.csv,4,11,16,20.902032229511878,20.902032229511878,03,03,1,0,True,known_visit_horizon,10,4,8,known_visit_horizon,commitment_horizon,8,h8
156,known_visit,DMCHBA,bernoulli,0.25,19,361,4,10,dmchba_h8_bernoulli_025,scenarios/known_visit_10target_300.csv,5,10,6,30.147413933073114,30.147413933073114,00,00,1,0,True,known_visit_horizon,10,4,8,known_visit_horizon,commitment_horizon,8,h8
156,known_visit,DMCHBA,bernoulli,0.25,19,361,4,10,dmchba_h8_bernoulli_025,scenarios/known_visit_10target_300.csv,6,9,12,25.10077186156748,25.10077186156748,02,02,1,0,True,known_visit_horizon,10,4,8,known_visit_horizon,commitment_horizon,8,h8
156,known_visit,DMCHBA,bernoulli,0.25,19,361,4,10,dmchba_h8_bernoulli_025,scenarios/known_visit_10target_300.csv,7,4,14,30.98883173498814,30.98883173498814,01,01,1,0,True,known_visit_horizon,10,4,8,known_visit_horizon,commitment_horizon,8,h8
156,known_visit,DMCHBA,bernoulli,0.25,19,361,4,10,dmchba_h8_bernoulli_025,scenarios/known_visit_10target_300.csv,8,6,4,19.448318490925413,19.448318490925413,00,00,1,0,True,known_visit_horizon,10,4,8,known_visit_horizon,commitment_horizon,8,h8
156,known_visit,DMCHBA,bernoulli,0.25,19,361,4,10,dmchba_h8_bernoulli_025,scenarios/known_visit_10target_300.csv,9,1,9,5.50644346277427,5.50644346277427,02,02,1,0,True,known_visit_horizon,10,4,8,known_visit_horizon,commitment_horizon,8,h8
156,known_visit,DMCHBA,bernoulli,0.25,19,361,4,10,dmchba_h8_bernoulli_025,scenarios/known_visit_10target_300.csv,10,15,17,30.109242672727916,30.109242672727916,03,03,1,0,True,known_visit_horizon,10,4,8,known_visit_horizon,commitment_horizon,8,h8
157,known_visit,DMCHBA,bernoulli,0.25,19,361,4,10,dmchba_h8_bernoulli_025,scenarios/known_visit_10target_300.csv,1,13,3,30.529112183424502,30.529112183424502,00,00,1,0,True,known_visit_horizon,10,4,8,known_visit_horizon,commitment_horizon,8,h8
157,known_visit,DMCHBA,bernoulli,0.25,19,361,4,10,dmchba_h8_bernoulli_025,scenarios/known_visit_10target_300.csv,2,18,12,42.16589580275435,42.16589580275435,03,03,1,0,True,known_visit_horizon,10,4,8,known_visit_horizon,commitment_horizon,8,h8
157,known_visit,DMCHBA,bernoulli,0.25,19,361,4,10,dmchba_h8_bernoulli_025,scenarios/known_visit_10target_300.csv,3,2,15,7.467835032621404,7.467835032621404,03,03,1,0,True,known_visit_horizon,10,4,8,known_visit_horizon,commitment_horizon,8,h8
157,known_visit,DMCHBA,bernoulli,0.25,19,361,4,10,dmchba_h8_bernoulli_025,scenarios/known_visit_10target_300.csv,4,11,1,23.155351333407612,23.155351333407612,00,00,1,0,True,known_visit_horizon,10,4,8,known_visit_horizon,commitment_horizon,8,h8
157,known_visit,DMCHBA,bernoulli,0.25,19,361,4,10,dmchba_h8_bernoulli_025,scenarios/known_visit_10target_300.csv,5,15,14,33.31295469261224,33.31295469261224,03,03,1,0,True,known_visit_horizon,10,4,8,known_visit_horizon,commitment_horizon,8,h8
157,known_visit,DMCHBA,bernoulli,0.25,19,361,4,10,dmchba_h8_bernoulli_025,scenarios/known_visit_10target_300.csv,6,5,2,10.894759853856895,10.894759853856895,00,00,2,1,True,known_visit_horizon,10,4,8,known_visit_horizon,commitment_horizon,8,h8
157,known_visit,DMCHBA,bernoulli,0.25,19,361,4,10,dmchba_h8_bernoulli_025,scenarios/known_visit_10target_300.csv,7,2,14,9.170188006506905,9.170188006506905,03,03,1,0,True,known_visit_horizon,10,4,8,known_visit_horizon,commitment_horizon,8,h8
157,known_visit,DMCHBA,bernoulli,0.25,19,361,4,10,dmchba_h8_bernoulli_025,scenarios/known_visit_10target_300.csv,8,6,9,14.117906925130223,14.117906925130223,02,02,1,0,True,known_visit_horizon,10,4,8,known_visit_horizon,commitment_horizon,8,h8
157,known_visit,DMCHBA,bernoulli,0.25,19,361,4,10,dmchba_h8_bernoulli_025,scenarios/known_visit_10target_300.csv,9,2,0,1.9752814079549725,1.9752814079549725,00,00,2,1,True,known_visit_horizon,10,4,8,known_visit_horizon,commitment_horizon,8,h8
157,known_visit,DMCHBA,bernoulli,0.25,19,361,4,10,dmchba_h8_bernoulli_025,scenarios/known_visit_10target_300.csv,10,3,2,7.189336084643113,7.189336084643113,00,00,2,1,True,known_visit_horizon,10,4,8,known_visit_horizon,commitment_horizon,8,h8
158,known_visit,DMCHBA,bernoulli,0.25,19,361,4,10,dmchba_h8_bernoulli_025,scenarios/known_visit_10target_300.csv,1,16,2,29.48150300497435,29.48150300497435,00,00,1,0,True,known_visit_horizon,10,4,8,known_visit_horizon,commitment_horizon,8,h8
158,known_visit,DMCHBA,bernoulli,0.25,19,361,4,10,dmchba_h8_bernoulli_025,scenarios/known_visit_10target_300.csv,2,11,11,27.535337969974247,27.535337969974247,02,02,1,0,True,known_visit_horizon,10,4,8,known_visit_horizon,commitment_horizon,8,h8
158,known_visit,DMCHBA,bernoulli,0.25,19,361,4,10,dmchba_h8_bernoulli_025,scenarios/known_visit_10target_300.csv,3,10,16,23.668288681691838,23.668288681691838,03,03,1,0,True,known_visit_horizon,10,4,8,known_visit_horizon,commitment_horizon,8,h8
158,known_visit,DMCHBA,bernoulli,0.25,19,361,4,10,dmchba_h8_bernoulli_025,scenarios/known_visit_10target_300.csv,4,11,9,23.761720808650196,23.761720808650196,01,01,1,0,True,known_visit_horizon,10,4,8,known_visit_horizon,commitment_horizon,8,h8
158,known_visit,DMCHBA,bernoulli,0.25,19,361,4,10,dmchba_h8_bernoulli_025,scenarios/known_visit_10target_300.csv,5,9,15,19.475567026228486,19.475567026228486,03,03,1,0,True,known_visit_horizon,10,4,8,known_visit_horizon,commitment_horizon,8,h8
158,known_visit,DMCHBA,bernoulli,0.25,19,361,4,10,dmchba_h8_bernoulli_025,scenarios/known_visit_10target_300.csv,6,6,12,16.73164533230688,16.73164533230688,02,02,1,0,True,known_visit_horizon,10,4,8,known_visit_horizon,commitment_horizon,8,h8
158,known_visit,DMCHBA,bernoulli,0.25,19,361,4,10,dmchba_h8_bernoulli_025,scenarios/known_visit_10target_300.csv,7,2,9,7.615677070174454,7.615677070174454,01,01,1,0,True,known_visit_horizon,10,4,8,known_visit_horizon,commitment_horizon,8,h8
158,known_visit,DMCHBA,bernoulli,0.25,19,361,4,10,dmchba_h8_bernoulli_025,scenarios/known_visit_10target_300.csv,8,5,10,11.30897134756858,11.30897134756858,02,02,1,0,True,known_visit_horizon,10,4,8,known_visit_horizon,commitment_horizon,8,h8
158,known_visit,DMCHBA,bernoulli,0.25,19,361,4,10,dmchba_h8_bernoulli_025,scenarios/known_visit_10target_300.csv,9,18,13,42.827916467306075,42.827916467306075,01,01,1,0,True,known_visit_horizon,10,4,8,known_visit_horizon,commitment_horizon,8,h8
158,known_visit,DMCHBA,bernoulli,0.25,19,361,4,10,dmchba_h8_bernoulli_025,scenarios/known_visit_10target_300.csv,10,16,9,32.34521745760891,32.34521745760891,01,01,1,0,True,known_visit_horizon,10,4,8,known_visit_horizon,commitment_horizon,8,h8
159,known_visit,DMCHBA,bernoulli,0.25,19,361,4,10,dmchba_h8_bernoulli_025,scenarios/known_visit_10target_300.csv,1,5,17,9.067114643720979,9.067114643720979,03,03,1,0,True,known_visit_horizon,10,4,8,known_visit_horizon,commitment_horizon,8,h8
159,known_visit,DMCHBA,bernoulli,0.25,19,361,4,10,dmchba_h8_bernoulli_025,scenarios/known_visit_10target_300.csv,2,4,3,10.533706750986955,10.533706750986955,01,01,1,0,True,known_visit_horizon,10,4,8,known_visit_horizon,commitment_horizon,8,h8
159,known_visit,DMCHBA,bernoulli,0.25,19,361,4,10,dmchba_h8_bernoulli_025,scenarios/known_visit_10target_300.csv,3,13,3,25.660503233566395,25.660503233566395,01,01,1,0,True,known_visit_horizon,10,4,8,known_visit_horizon,commitment_horizon,8,h8
159,known_visit,DMCHBA,bernoulli,0.25,19,361,4,10,dmchba_h8_bernoulli_025,scenarios/known_visit_10target_300.csv,4,12,8,26.542409765448927,26.542409765448927,02,02,1,0,True,known_visit_horizon,10,4,8,known_visit_horizon,commitment_horizon,8,h8
159,known_visit,DMCHBA,bernoulli,0.25,19,361,4,10,dmchba_h8_bernoulli_025,scenarios/known_visit_10target_300.csv,5,12,0,26.75403214500463,26.75403214500463,00,00,1,0,True,known_visit_horizon,10,4,8,known_visit_horizon,commitment_horizon,8,h8
159,known_visit,DMCHBA,bernoulli,0.25,19,361,4,10,dmchba_h8_bernoulli_025,scenarios/known_visit_10target_300.csv,6,18,4,35.954157311770075,35.954157311770075,01,01,1,0,True,known_visit_horizon,10,4,8,known_visit_horizon,commitment_horizon,8,h8
159,known_visit,DMCHBA,bernoulli,0.25,19,361,4,10,dmchba_h8_bernoulli_025,scenarios/known_visit_10target_300.csv,7,8,3,17.423403873921437,17.423403873921437,01,01,1,0,True,known_visit_horizon,10,4,8,known_visit_horizon,commitment_horizon,8,h8
159,known_visit,DMCHBA,bernoulli,0.25,19,361,4,10,dmchba_h8_bernoulli_025,scenarios/known_visit_10target_300.csv,8,10,0,22.96902498853368,22.96902498853368,00,00,1,0,True,known_visit_horizon,10,4,8,known_visit_horizon,commitment_horizon,8,h8
159,known_visit,DMCHBA,bernoulli,0.25,19,361,4,10,dmchba_h8_bernoulli_025,scenarios/known_visit_10target_300.csv,9,3,9,8.902329810287874,8.902329810287874,02,02,1,0,True,known_visit_horizon,10,4,8,known_visit_horizon,commitment_horizon,8,h8
159,known_visit,DMCHBA,bernoulli,0.25,19,361,4,10,dmchba_h8_bernoulli_025,scenarios/known_visit_10target_300.csv,10,10,16,19.821466019034634,19.821466019034634,03,03,1,0,True,known_visit_horizon,10,4,8,known_visit_horizon,commitment_horizon,8,h8
160,known_visit,DMCHBA,bernoulli,0.25,19,361,4,10,dmchba_h8_bernoulli_025,scenarios/known_visit_10target_300.csv,1,4,5,7.2388148278292945,7.2388148278292945,01,01,2,1,True,known_visit_horizon,10,4,8,known_visit_horizon,commitment_horizon,8,h8
160,known_visit,DMCHBA,bernoulli,0.25,19,361,4,10,dmchba_h8_bernoulli_025,scenarios/known_visit_10target_300.csv,2,4,1,7.4450700090211335,7.4450700090211335,00,00,1,0,True,known_visit_horizon,10,4,8,known_visit_horizon,commitment_horizon,8,h8
160,known_visit,DMCHBA,bernoulli,0.25,19,361,4,10,dmchba_h8_bernoulli_025,scenarios/known_visit_10target_300.csv,3,4,11,7.251562049373557,7.251562049373557,02,02,1,0,True,known_visit_horizon,10,4,8,known_visit_horizon,commitment_horizon,8,h8
160,known_visit,DMCHBA,bernoulli,0.25,19,361,4,10,dmchba_h8_bernoulli_025,scenarios/known_visit_10target_300.csv,4,10,17,21.423154718121356,21.423154718121356,03,03,1,0,True,known_visit_horizon,10,4,8,known_visit_horizon,commitment_horizon,8,h8
160,known_visit,DMCHBA,bernoulli,0.25,19,361,4,10,dmchba_h8_bernoulli_025,scenarios/known_visit_10target_300.csv,5,13,1,22.81746833462645,22.81746833462645,00,00,1,0,True,known_visit_horizon,10,4,8,known_visit_horizon,commitment_horizon,8,h8
160,known_visit,DMCHBA,bernoulli,0.25,19,361,4,10,dmchba_h8_bernoulli_025,scenarios/known_visit_10target_300.csv,6,9,8,21.766046999230184,21.766046999230184,01,01,1,0,True,known_visit_horizon,10,4,8,known_visit_horizon,commitment_horizon,8,h8
160,known_visit,DMCHBA,bernoulli,0.25,19,361,4,10,dmchba_h8_bernoulli_025,scenarios/known_visit_10target_300.csv,7,11,10,28.876172036966842,28.876172036966842,01,01,1,0,True,known_visit_horizon,10,4,8,known_visit_horizon,commitment_horizon,8,h8
160,known_visit,DMCHBA,bernoulli,0.25,19,361,4,10,dmchba_h8_bernoulli_025,scenarios/known_visit_10target_300.csv,8,8,1,14.506683444205455,14.506683444205455,00,00,1,0,True,known_visit_horizon,10,4,8,known_visit_horizon,commitment_horizon,8,h8
160,known_visit,DMCHBA,bernoulli,0.25,19,361,4,10,dmchba_h8_bernoulli_025,scenarios/known_visit_10target_300.csv,9,6,16,12.206719844740318,12.206719844740318,03,03,1,0,True,known_visit_horizon,10,4,8,known_visit_horizon,commitment_horizon,8,h8
160,known_visit,DMCHBA,bernoulli,0.25,19,361,4,10,dmchba_h8_bernoulli_025,scenarios/known_visit_10target_300.csv,10,11,4,31.73301083114654,31.73301083114654,02,02,1,0,True,known_visit_horizon,10,4,8,known_visit_horizon,commitment_horizon,8,h8
161,known_visit,DMCHBA,bernoulli,0.25,19,361,4,10,dmchba_h8_bernoulli_025,scenarios/known_visit_10target_300.csv,1,14,9,28.28808999581124,28.28808999581124,01,01,1,0,True,known_visit_horizon,10,4,8,known_visit_horizon,commitment_horizon,8,h8
161,known_visit,DMCHBA,bernoulli,0.25,19,361,4,10,dmchba_h8_bernoulli_025,scenarios/known_visit_10target_300.csv,2,2,2,5.752536059327446,5.752536059327446,00,00,1,0,True,known_visit_horizon,10,4,8,known_visit_horizon,commitment_horizon,8,h8
161,known_visit,DMCHBA,bernoulli,0.25,19,361,4,10,dmchba_h8_bernoulli_025,scenarios/known_visit_10target_300.csv,3,2,11,3.8225423568465513,3.8225423568465513,02,02,1,0,True,known_visit_horizon,10,4,8,known_visit_horizon,commitment_horizon,8,h8
161,known_visit,DMCHBA,bernoulli,0.25,19,361,4,10,dmchba_h8_bernoulli_025,scenarios/known_visit_10target_300.csv,4,9,1,20.15601158176964,20.15601158176964,00,00,1,0,True,known_visit_horizon,10,4,8,known_visit_horizon,commitment_horizon,8,h8
161,known_visit,DMCHBA,bernoulli,0.25,19,361,4,10,dmchba_h8_bernoulli_025,scenarios/known_visit_10target_300.csv,5,18,11,38.91264407032388,38.91264407032388,01,01,1,0,True,known_visit_horizon,10,4,8,known_visit_horizon,commitment_horizon,8,h8
161,known_visit,DMCHBA,bernoulli,0.25,19,361,4,10,dmchba_h8_bernoulli_025,scenarios/known_visit_10target_300.csv,6,12,9,24.444232628821617,24.444232628821617,01,01,1,0,True,known_visit_horizon,10,4,8,known_visit_horizon,commitment_horizon,8,h8
161,known_visit,DMCHBA,bernoulli,0.25,19,361,4,10,dmchba_h8_bernoulli_025,scenarios/known_visit_10target_300.csv,7,8,16,15.653832349626834,15.653832349626834,03,03,2,1,True,known_visit_horizon,10,4,8,known_visit_horizon,commitment_horizon,8,h8
161,known_visit,DMCHBA,bernoulli,0.25,19,361,4,10,dmchba_h8_bernoulli_025,scenarios/known_visit_10target_300.csv,8,16,16,29.774265521461032,29.774265521461032,03,03,1,0,True,known_visit_horizon,10,4,8,known_visit_horizon,commitment_horizon,8,h8
161,known_visit,DMCHBA,bernoulli,0.25,19,361,4,10,dmchba_h8_bernoulli_025,scenarios/known_visit_10target_300.csv,9,18,6,45.75877321537829,45.75877321537829,00,00,1,0,True,known_visit_horizon,10,4,8,known_visit_horizon,commitment_horizon,8,h8
161,known_visit,DMCHBA,bernoulli,0.25,19,361,4,10,dmchba_h8_bernoulli_025,scenarios/known_visit_10target_300.csv,10,6,18,8.617792169098708,8.617792169098708,03,03,1,0,True,known_visit_horizon,10,4,8,known_visit_horizon,commitment_horizon,8,h8
162,known_visit,DMCHBA,bernoulli,0.25,19,361,4,10,dmchba_h8_bernoulli_025,scenarios/known_visit_10target_300.csv,1,8,8,31.85171490942241,31.85171490942241,02,02,1,0,True,known_visit_horizon,10,4,8,known_visit_horizon,commitment_horizon,8,h8
162,known_visit,DMCHBA,bernoulli,0.25,19,361,4,10,dmchba_h8_bernoulli_025,scenarios/known_visit_10target_300.csv,2,6,15,13.824809195385647,13.824809195385647,03,03,1,0,True,known_visit_horizon,10,4,8,known_visit_horizon,commitment_horizon,8,h8
162,known_visit,DMCHBA,bernoulli,0.25,19,361,4,10,dmchba_h8_bernoulli_025,scenarios/known_visit_10target_300.csv,3,7,12,14.773026049593698,14.773026049593698,02,02,1,0,True,known_visit_horizon,10,4,8,known_visit_horizon,commitment_horizon,8,h8
162,known_visit,DMCHBA,bernoulli,0.25,19,361,4,10,dmchba_h8_bernoulli_025,scenarios/known_visit_10target_300.csv,4,4,11,7.488497731415073,7.488497731415073,02,02,1,0,True,known_visit_horizon,10,4,8,known_visit_horizon,commitment_horizon,8,h8
162,known_visit,DMCHBA,bernoulli,0.25,19,361,4,10,dmchba_h8_bernoulli_025,scenarios/known_visit_10target_300.csv,5,17,4,39.4779025447314,39.4779025447314,01,01,1,0,True,known_visit_horizon,10,4,8,known_visit_horizon,commitment_horizon,8,h8
162,known_visit,DMCHBA,bernoulli,0.25,19,361,4,10,dmchba_h8_bernoulli_025,scenarios/known_visit_10target_300.csv,6,16,0,30.594484193657703,30.594484193657703,00,00,1,0,True,known_visit_horizon,10,4,8,known_visit_horizon,commitment_horizon,8,h8
162,known_visit,DMCHBA,bernoulli,0.25,19,361,4,10,dmchba_h8_bernoulli_025,scenarios/known_visit_10target_300.csv,7,4,7,11.284767851123489,11.284767851123489,01,01,1,0,True,known_visit_horizon,10,4,8,known_visit_horizon,commitment_horizon,8,h8
162,known_visit,DMCHBA,bernoulli,0.25,19,361,4,10,dmchba_h8_bernoulli_025,scenarios/known_visit_10target_300.csv,8,3,5,5.637230652299378,5.637230652299378,01,01,1,0,True,known_visit_horizon,10,4,8,known_visit_horizon,commitment_horizon,8,h8
162,known_visit,DMCHBA,bernoulli,0.25,19,361,4,10,dmchba_h8_bernoulli_025,scenarios/known_visit_10target_300.csv,9,10,10,24.002237161109367,24.002237161109367,02,02,1,0,True,known_visit_horizon,10,4,8,known_visit_horizon,commitment_horizon,8,h8
162,known_visit,DMCHBA,bernoulli,0.25,19,361,4,10,dmchba_h8_bernoulli_025,scenarios/known_visit_10target_300.csv,10,14,1,24.842000965076085,24.842000965076085,00,00,1,0,True,known_visit_horizon,10,4,8,known_visit_horizon,commitment_horizon,8,h8
163,known_visit,DMCHBA,bernoulli,0.25,19,361,4,10,dmchba_h8_bernoulli_025,scenarios/known_visit_10target_300.csv,1,14,9,28.08747567804701,28.08747567804701,02,02,1,0,True,known_visit_horizon,10,4,8,known_visit_horizon,commitment_horizon,8,h8
163,known_visit,DMCHBA,bernoulli,0.25,19,361,4,10,dmchba_h8_bernoulli_025,scenarios/known_visit_10target_300.csv,2,12,2,23.002600450050927,23.002600450050927,00,00,1,0,True,known_visit_horizon,10,4,8,known_visit_horizon,commitment_horizon,8,h8
163,known_visit,DMCHBA,bernoulli,0.25,19,361,4,10,dmchba_h8_bernoulli_025,scenarios/known_visit_10target_300.csv,3,7,3,15.68722401514788,15.68722401514788,01,01,1,0,True,known_visit_horizon,10,4,8,known_visit_horizon,commitment_horizon,8,h8
163,known_visit,DMCHBA,bernoulli,0.25,19,361,4,10,dmchba_h8_bernoulli_025,scenarios/known_visit_10target_300.csv,4,14,0,30.159889599759637,30.159889599759637,00,00,1,0,True,known_visit_horizon,10,4,8,known_visit_horizon,commitment_horizon,8,h8
163,known_visit,DMCHBA,bernoulli,0.25,19,361,4,10,dmchba_h8_bernoulli_025,scenarios/known_visit_10target_300.csv,5,10,9,20.89168531757884,20.89168531757884,02,02,1,0,True,known_visit_horizon,10,4,8,known_visit_horizon,commitment_horizon,8,h8
163,known_visit,DMCHBA,bernoulli,0.25,19,361,4,10,dmchba_h8_bernoulli_025,scenarios/known_visit_10target_300.csv,6,11,0,42.59065434805974,42.59065434805974,01,01,1,0,True,known_visit_horizon,10,4,8,known_visit_horizon,commitment_horizon,8,h8
163,known_visit,DMCHBA,bernoulli,0.25,19,361,4,10,dmchba_h8_bernoulli_025,scenarios/known_visit_10target_300.csv,7,15,4,42.94082608517895,42.94082608517895,00,00,1,0,True,known_visit_horizon,10,4,8,known_visit_horizon,commitment_horizon,8,h8
163,known_visit,DMCHBA,bernoulli,0.25,19,361,4,10,dmchba_h8_bernoulli_025,scenarios/known_visit_10target_300.csv,8,18,10,36.82125039156941,36.82125039156941,02,02,1,0,True,known_visit_horizon,10,4,8,known_visit_horizon,commitment_horizon,8,h8
163,known_visit,DMCHBA,bernoulli,0.25,19,361,4,10,dmchba_h8_bernoulli_025,scenarios/known_visit_10target_300.csv,9,14,16,29.775580039425762,29.775580039425762,03,03,1,0,True,known_visit_horizon,10,4,8,known_visit_horizon,commitment_horizon,8,h8
163,known_visit,DMCHBA,bernoulli,0.25,19,361,4,10,dmchba_h8_bernoulli_025,scenarios/known_visit_10target_300.csv,10,15,18,24.03318109183573,24.03318109183573,03,03,1,0,True,known_visit_horizon,10,4,8,known_visit_horizon,commitment_horizon,8,h8
164,known_visit,DMCHBA,bernoulli,0.25,19,361,4,10,dmchba_h8_bernoulli_025,scenarios/known_visit_10target_300.csv,1,14,17,31.619646722456856,31.619646722456856,03,03,1,0,True,known_visit_horizon,10,4,8,known_visit_horizon,commitment_horizon,8,h8
164,known_visit,DMCHBA,bernoulli,0.25,19,361,4,10,dmchba_h8_bernoulli_025,scenarios/known_visit_10target_300.csv,2,7,0,18.065633453992486,18.065633453992486,00,00,1,0,True,known_visit_horizon,10,4,8,known_visit_horizon,commitment_horizon,8,h8
164,known_visit,DMCHBA,bernoulli,0.25,19,361,4,10,dmchba_h8_bernoulli_025,scenarios/known_visit_10target_300.csv,3,15,8,45.98180272698375,45.98180272698375,01,01,1,0,True,known_visit_horizon,10,4,8,known_visit_horizon,commitment_horizon,8,h8
164,known_visit,DMCHBA,bernoulli,0.25,19,361,4,10,dmchba_h8_bernoulli_025,scenarios/known_visit_10target_300.csv,4,8,12,19.969003155750567,19.969003155750567,02,02,2,1,True,known_visit_horizon,10,4,8,known_visit_horizon,commitment_horizon,8,h8
164,known_visit,DMCHBA,bernoulli,0.25,19,361,4,10,dmchba_h8_bernoulli_025,scenarios/known_visit_10target_300.csv,5,1,15,5.348249852040773,5.348249852040773,03,03,1,0,True,known_visit_horizon,10,4,8,known_visit_horizon,commitment_horizon,8,h8
164,known_visit,DMCHBA,bernoulli,0.25,19,361,4,10,dmchba_h8_bernoulli_025,scenarios/known_visit_10target_300.csv,6,17,18,38.9172842264874,38.9172842264874,03,03,1,0,True,known_visit_horizon,10,4,8,known_visit_horizon,commitment_horizon,8,h8
164,known_visit,DMCHBA,bernoulli,0.25,19,361,4,10,dmchba_h8_bernoulli_025,scenarios/known_visit_10target_300.csv,7,9,13,23.9571678471775,23.9571678471775,02,02,1,0,True,known_visit_horizon,10,4,8,known_visit_horizon,commitment_horizon,8,h8
164,known_visit,DMCHBA,bernoulli,0.25,19,361,4,10,dmchba_h8_bernoulli_025,scenarios/known_visit_10target_300.csv,8,18,12,41.42554313427855,41.42554313427855,02,02,1,0,True,known_visit_horizon,10,4,8,known_visit_horizon,commitment_horizon,8,h8
164,known_visit,DMCHBA,bernoulli,0.25,19,361,4,10,dmchba_h8_bernoulli_025,scenarios/known_visit_10target_300.csv,9,4,2,8.790769533667946,8.790769533667946,00,00,1,0,True,known_visit_horizon,10,4,8,known_visit_horizon,commitment_horizon,8,h8
164,known_visit,DMCHBA,bernoulli,0.25,19,361,4,10,dmchba_h8_bernoulli_025,scenarios/known_visit_10target_300.csv,10,8,1,22.122078281881254,22.122078281881254,00,00,1,0,True,known_visit_horizon,10,4,8,known_visit_horizon,commitment_horizon,8,h8
165,known_visit,DMCHBA,bernoulli,0.25,19,361,4,10,dmchba_h8_bernoulli_025,scenarios/known_visit_10target_300.csv,1,11,14,32.43491742309295,32.43491742309295,03,03,1,0,True,known_visit_horizon,10,4,8,known_visit_horizon,commitment_horizon,8,h8
165,known_visit,DMCHBA,bernoulli,0.25,19,361,4,10,dmchba_h8_bernoulli_025,scenarios/known_visit_10target_300.csv,2,17,10,35.34359339835862,35.34359339835862,01,01,1,0,True,known_visit_horizon,10,4,8,known_visit_horizon,commitment_horizon,8,h8
165,known_visit,DMCHBA,bernoulli,0.25,19,361,4,10,dmchba_h8_bernoulli_025,scenarios/known_visit_10target_300.csv,3,3,7,5.6230537683497515,5.6230537683497515,01,01,2,1,True,known_visit_horizon,10,4,8,known_visit_horizon,commitment_horizon,8,h8
165,known_visit,DMCHBA,bernoulli,0.25,19,361,4,10,dmchba_h8_bernoulli_025,scenarios/known_visit_10target_300.csv,4,15,0,31.627254350154804,31.627254350154804,00,00,1,0,True,known_visit_horizon,10,4,8,known_visit_horizon,commitment_horizon,8,h8
165,known_visit,DMCHBA,bernoulli,0.25,19,361,4,10,dmchba_h8_bernoulli_025,scenarios/known_visit_10target_300.csv,5,11,17,23.189880860165086,23.189880860165086,03,03,1,0,True,known_visit_horizon,10,4,8,known_visit_horizon,commitment_horizon,8,h8
165,known_visit,DMCHBA,bernoulli,0.25,19,361,4,10,dmchba_h8_bernoulli_025,scenarios/known_visit_10target_300.csv,6,1,14,4.004237695339572,4.004237695339572,02,02,1,0,True,known_visit_horizon,10,4,8,known_visit_horizon,commitment_horizon,8,h8
165,known_visit,DMCHBA,bernoulli,0.25,19,361,4,10,dmchba_h8_bernoulli_025,scenarios/known_visit_10target_300.csv,7,12,2,22.715129891621608,22.715129891621608,00,00,1,0,True,known_visit_horizon,10,4,8,known_visit_horizon,commitment_horizon,8,h8
165,known_visit,DMCHBA,bernoulli,0.25,19,361,4,10,dmchba_h8_bernoulli_025,scenarios/known_visit_10target_300.csv,8,4,2,8.795353284250096,8.795353284250096,00,00,1,0,True,known_visit_horizon,10,4,8,known_visit_horizon,commitment_horizon,8,h8
165,known_visit,DMCHBA,bernoulli,0.25,19,361,4,10,dmchba_h8_bernoulli_025,scenarios/known_visit_10target_300.csv,9,1,9,16.864891356489036,16.864891356489036,02,02,1,0,True,known_visit_horizon,10,4,8,known_visit_horizon,commitment_horizon,8,h8
165,known_visit,DMCHBA,bernoulli,0.25,19,361,4,10,dmchba_h8_bernoulli_025,scenarios/known_visit_10target_300.csv,10,14,9,28.270230489765375,28.270230489765375,01,01,1,0,True,known_visit_horizon,10,4,8,known_visit_horizon,commitment_horizon,8,h8
166,known_visit,DMCHBA,bernoulli,0.25,19,361,4,10,dmchba_h8_bernoulli_025,scenarios/known_visit_10target_300.csv,1,13,2,28.939190217154376,28.939190217154376,00,00,1,0,True,known_visit_horizon,10,4,8,known_visit_horizon,commitment_horizon,8,h8
166,known_visit,DMCHBA,bernoulli,0.25,19,361,4,10,dmchba_h8_bernoulli_025,scenarios/known_visit_10target_300.csv,2,16,12,40.303716679111695,40.303716679111695,02,02,1,0,True,known_visit_horizon,10,4,8,known_visit_horizon,commitment_horizon,8,h8
166,known_visit,DMCHBA,bernoulli,0.25,19,361,4,10,dmchba_h8_bernoulli_025,scenarios/known_visit_10target_300.csv,3,17,0,39.84099470759589,39.84099470759589,00,00,1,0,True,known_visit_horizon,10,4,8,known_visit_horizon,commitment_horizon,8,h8
166,known_visit,DMCHBA,bernoulli,0.25,19,361,4,10,dmchba_h8_bernoulli_025,scenarios/known_visit_10target_300.csv,4,3,4,7.416592691952963,7.416592691952963,01,01,1,0,True,known_visit_horizon,10,4,8,known_visit_horizon,commitment_horizon,8,h8
166,known_visit,DMCHBA,bernoulli,0.25,19,361,4,10,dmchba_h8_bernoulli_025,scenarios/known_visit_10target_300.csv,5,1,14,3.8739444514371146,3.8739444514371146,02,02,1,0,True,known_visit_horizon,10,4,8,known_visit_horizon,commitment_horizon,8,h8
166,known_visit,DMCHBA,bernoulli,0.25,19,361,4,10,dmchba_h8_bernoulli_025,scenarios/known_visit_10target_300.csv,6,0,17,0.4377637991528782,0.4377637991528782,03,03,1,0,True,known_visit_horizon,10,4,8,known_visit_horizon,commitment_horizon,8,h8
166,known_visit,DMCHBA,bernoulli,0.25,19,361,4,10,dmchba_h8_bernoulli_025,scenarios/known_visit_10target_300.csv,7,15,7,33.22844983481751,33.22844983481751,01,01,1,0,True,known_visit_horizon,10,4,8,known_visit_horizon,commitment_horizon,8,h8
166,known_visit,DMCHBA,bernoulli,0.25,19,361,4,10,dmchba_h8_bernoulli_025,scenarios/known_visit_10target_300.csv,8,0,1,0.4722141561807257,0.4722141561807257,00,00,1,0,True,known_visit_horizon,10,4,8,known_visit_horizon,commitment_horizon,8,h8
166,known_visit,DMCHBA,bernoulli,0.25,19,361,4,10,dmchba_h8_bernoulli_025,scenarios/known_visit_10target_300.csv,9,1,0,4.548654402930596,4.548654402930596,00,00,1,0,True,known_visit_horizon,10,4,8,known_visit_horizon,commitment_horizon,8,h8
166,known_visit,DMCHBA,bernoulli,0.25,19,361,4,10,dmchba_h8_bernoulli_025,scenarios/known_visit_10target_300.csv,10,4,10,16.11578833161724,16.11578833161724,02,02,1,0,True,known_visit_horizon,10,4,8,known_visit_horizon,commitment_horizon,8,h8
167,known_visit,DMCHBA,bernoulli,0.25,19,361,4,10,dmchba_h8_bernoulli_025,scenarios/known_visit_10target_300.csv,1,3,9,9.069783900982276,9.069783900982276,02,02,1,0,True,known_visit_horizon,10,4,8,known_visit_horizon,commitment_horizon,8,h8
167,known_visit,DMCHBA,bernoulli,0.25,19,361,4,10,dmchba_h8_bernoulli_025,scenarios/known_visit_10target_300.csv,2,5,4,11.162854615991051,11.162854615991051,01,01,1,0,True,known_visit_horizon,10,4,8,known_visit_horizon,commitment_horizon,8,h8
167,known_visit,DMCHBA,bernoulli,0.25,19,361,4,10,dmchba_h8_bernoulli_025,scenarios/known_visit_10target_300.csv,3,17,14,42.85422972590019,42.85422972590019,03,03,1,0,True,known_visit_horizon,10,4,8,known_visit_horizon,commitment_horizon,8,h8
167,known_visit,DMCHBA,bernoulli,0.25,19,361,4,10,dmchba_h8_bernoulli_025,scenarios/known_visit_10target_300.csv,4,18,18,33.91632745841733,33.91632745841733,03,03,1,0,True,known_visit_horizon,10,4,8,known_visit_horizon,commitment_horizon,8,h8
167,known_visit,DMCHBA,bernoulli,0.25,19,361,4,10,dmchba_h8_bernoulli_025,scenarios/known_visit_10target_300.csv,5,0,4,2.290313715228638,2.290313715228638,01,01,1,0,True,known_visit_horizon,10,4,8,known_visit_horizon,commitment_horizon,8,h8
167,known_visit,DMCHBA,bernoulli,0.25,19,361,4,10,dmchba_h8_bernoulli_025,scenarios/known_visit_10target_300.csv,6,7,4,14.535610190196577,14.535610190196577,01,01,1,0,True,known_visit_horizon,10,4,8,known_visit_horizon,commitment_horizon,8,h8
167,known_visit,DMCHBA,bernoulli,0.25,19,361,4,10,dmchba_h8_bernoulli_025,scenarios/known_visit_10target_300.csv,7,14,4,26.56174476839344,26.56174476839344,01,01,1,0,True,known_visit_horizon,10,4,8,known_visit_horizon,commitment_horizon,8,h8
167,known_visit,DMCHBA,bernoulli,0.25,19,361,4,10,dmchba_h8_bernoulli_025,scenarios/known_visit_10target_300.csv,8,6,4,12.79257590710031,12.79257590710031,01,01,2,1,True,known_visit_horizon,10,4,8,known_visit_horizon,commitment_horizon,8,h8
167,known_visit,DMCHBA,bernoulli,0.25,19,361,4,10,dmchba_h8_bernoulli_025,scenarios/known_visit_10target_300.csv,9,7,17,12.481495156968219,12.481495156968219,03,03,1,0,True,known_visit_horizon,10,4,8,known_visit_horizon,commitment_horizon,8,h8
167,known_visit,DMCHBA,bernoulli,0.25,19,361,4,10,dmchba_h8_bernoulli_025,scenarios/known_visit_10target_300.csv,10,10,18,19.940175000759794,19.940175000759794,03,03,1,0,True,known_visit_horizon,10,4,8,known_visit_horizon,commitment_horizon,8,h8
168,known_visit,DMCHBA,bernoulli,0.25,19,361,4,10,dmchba_h8_bernoulli_025,scenarios/known_visit_10target_300.csv,1,12,6,18.720941780438256,18.720941780438256,01,01,1,0,True,known_visit_horizon,10,4,8,known_visit_horizon,commitment_horizon,8,h8
168,known_visit,DMCHBA,bernoulli,0.25,19,361,4,10,dmchba_h8_bernoulli_025,scenarios/known_visit_10target_300.csv,2,18,16,37.526938816288286,37.526938816288286,03,03,1,0,True,known_visit_horizon,10,4,8,known_visit_horizon,commitment_horizon,8,h8
168,known_visit,DMCHBA,bernoulli,0.25,19,361,4,10,dmchba_h8_bernoulli_025,scenarios/known_visit_10target_300.csv,3,18,8,32.82696582446303,32.82696582446303,01,01,1,0,True,known_visit_horizon,10,4,8,known_visit_horizon,commitment_horizon,8,h8
168,known_visit,DMCHBA,bernoulli,0.25,19,361,4,10,dmchba_h8_bernoulli_025,scenarios/known_visit_10target_300.csv,4,13,0,24.80585769230962,24.80585769230962,00,00,1,0,True,known_visit_horizon,10,4,8,known_visit_horizon,commitment_horizon,8,h8
168,known_visit,DMCHBA,bernoulli,0.25,19,361,4,10,dmchba_h8_bernoulli_025,scenarios/known_visit_10target_300.csv,5,3,13,5.488970266761158,5.488970266761158,02,02,1,0,True,known_visit_horizon,10,4,8,known_visit_horizon,commitment_horizon,8,h8
168,known_visit,DMCHBA,bernoulli,0.25,19,361,4,10,dmchba_h8_bernoulli_025,scenarios/known_visit_10target_300.csv,6,0,17,0.46516357117533824,0.46516357117533824,03,03,1,0,True,known_visit_horizon,10,4,8,known_visit_horizon,commitment_horizon,8,h8
168,known_visit,DMCHBA,bernoulli,0.25,19,361,4,10,dmchba_h8_bernoulli_025,scenarios/known_visit_10target_300.csv,7,9,18,17.957047144086953,17.957047144086953,03,03,1,0,True,known_visit_horizon,10,4,8,known_visit_horizon,commitment_horizon,8,h8
168,known_visit,DMCHBA,bernoulli,0.25,19,361,4,10,dmchba_h8_bernoulli_025,scenarios/known_visit_10target_300.csv,8,15,10,31.45763409127273,31.45763409127273,02,02,1,0,True,known_visit_horizon,10,4,8,known_visit_horizon,commitment_horizon,8,h8
168,known_visit,DMCHBA,bernoulli,0.25,19,361,4,10,dmchba_h8_bernoulli_025,scenarios/known_visit_10target_300.csv,9,4,1,7.386002627618955,7.386002627618955,00,00,1,0,True,known_visit_horizon,10,4,8,known_visit_horizon,commitment_horizon,8,h8
168,known_visit,DMCHBA,bernoulli,0.25,19,361,4,10,dmchba_h8_bernoulli_025,scenarios/known_visit_10target_300.csv,10,3,6,3.6318051827735967,3.6318051827735967,01,01,1,0,True,known_visit_horizon,10,4,8,known_visit_horizon,commitment_horizon,8,h8
169,known_visit,DMCHBA,bernoulli,0.25,19,361,4,10,dmchba_h8_bernoulli_025,scenarios/known_visit_10target_300.csv,1,11,6,17.09010730049453,17.09010730049453,01,01,1,0,True,known_visit_horizon,10,4,8,known_visit_horizon,commitment_horizon,8,h8
169,known_visit,DMCHBA,bernoulli,0.25,19,361,4,10,dmchba_h8_bernoulli_025,scenarios/known_visit_10target_300.csv,2,5,17,8.695170783028935,8.695170783028935,03,03,1,0,True,known_visit_horizon,10,4,8,known_visit_horizon,commitment_horizon,8,h8
169,known_visit,DMCHBA,bernoulli,0.25,19,361,4,10,dmchba_h8_bernoulli_025,scenarios/known_visit_10target_300.csv,3,13,7,29.844187751508983,29.844187751508983,01,01,2,1,True,known_visit_horizon,10,4,8,known_visit_horizon,commitment_horizon,8,h8
169,known_visit,DMCHBA,bernoulli,0.25,19,361,4,10,dmchba_h8_bernoulli_025,scenarios/known_visit_10target_300.csv,4,18,8,40.374809412636566,40.374809412636566,01,01,1,0,True,known_visit_horizon,10,4,8,known_visit_horizon,commitment_horizon,8,h8
169,known_visit,DMCHBA,bernoulli,0.25,19,361,4,10,dmchba_h8_bernoulli_025,scenarios/known_visit_10target_300.csv,5,12,4,26.164462921473156,26.164462921473156,00,00,1,0,True,known_visit_horizon,10,4,8,known_visit_horizon,commitment_horizon,8,h8
169,known_visit,DMCHBA,bernoulli,0.25,19,361,4,10,dmchba_h8_bernoulli_025,scenarios/known_visit_10target_300.csv,6,9,6,13.554233920126729,13.554233920126729,01,01,1,0,True,known_visit_horizon,10,4,8,known_visit_horizon,commitment_horizon,8,h8
169,known_visit,DMCHBA,bernoulli,0.25,19,361,4,10,dmchba_h8_bernoulli_025,scenarios/known_visit_10target_300.csv,7,11,9,22.512694507228396,22.512694507228396,01,01,1,0,True,known_visit_horizon,10,4,8,known_visit_horizon,commitment_horizon,8,h8
169,known_visit,DMCHBA,bernoulli,0.25,19,361,4,10,dmchba_h8_bernoulli_025,scenarios/known_visit_10target_300.csv,8,3,6,3.5650320886151445,3.5650320886151445,01,01,1,0,True,known_visit_horizon,10,4,8,known_visit_horizon,commitment_horizon,8,h8
169,known_visit,DMCHBA,bernoulli,0.25,19,361,4,10,dmchba_h8_bernoulli_025,scenarios/known_visit_10target_300.csv,9,8,4,19.311298894731173,19.311298894731173,00,00,1,0,True,known_visit_horizon,10,4,8,known_visit_horizon,commitment_horizon,8,h8
169,known_visit,DMCHBA,bernoulli,0.25,19,361,4,10,dmchba_h8_bernoulli_025,scenarios/known_visit_10target_300.csv,10,8,11,14.283203766787427,14.283203766787427,02,02,1,0,True,known_visit_horizon,10,4,8,known_visit_horizon,commitment_horizon,8,h8
170,known_visit,DMCHBA,bernoulli,0.25,19,361,4,10,dmchba_h8_bernoulli_025,scenarios/known_visit_10target_300.csv,1,12,12,33.86015707020229,33.86015707020229,02,02,1,0,True,known_visit_horizon,10,4,8,known_visit_horizon,commitment_horizon,8,h8
170,known_visit,DMCHBA,bernoulli,0.25,19,361,4,10,dmchba_h8_bernoulli_025,scenarios/known_visit_10target_300.csv,2,17,9,43.76727029801391,43.76727029801391,00,00,1,0,True,known_visit_horizon,10,4,8,known_visit_horizon,commitment_horizon,8,h8
170,known_visit,DMCHBA,bernoulli,0.25,19,361,4,10,dmchba_h8_bernoulli_025,scenarios/known_visit_10target_300.csv,3,7,15,15.518833229492184,15.518833229492184,03,03,1,0,True,known_visit_horizon,10,4,8,known_visit_horizon,commitment_horizon,8,h8
170,known_visit,DMCHBA,bernoulli,0.25,19,361,4,10,dmchba_h8_bernoulli_025,scenarios/known_visit_10target_300.csv,4,14,3,28.262888935827075,28.262888935827075,00,00,1,0,True,known_visit_horizon,10,4,8,known_visit_horizon,commitment_horizon,8,h8
170,known_visit,DMCHBA,bernoulli,0.25,19,361,4,10,dmchba_h8_bernoulli_025,scenarios/known_visit_10target_300.csv,5,9,10,24.907588079138762,24.907588079138762,02,02,1,0,True,known_visit_horizon,10,4,8,known_visit_horizon,commitment_horizon,8,h8
170,known_visit,DMCHBA,bernoulli,0.25,19,361,4,10,dmchba_h8_bernoulli_025,scenarios/known_visit_10target_300.csv,6,7,0,10.143519871598949,10.143519871598949,00,00,2,1,True,known_visit_horizon,10,4,8,known_visit_horizon,commitment_horizon,8,h8
170,known_visit,DMCHBA,bernoulli,0.25,19,361,4,10,dmchba_h8_bernoulli_025,scenarios/known_visit_10target_300.csv,7,8,4,15.631304636649594,15.631304636649594,01,01,1,0,True,known_visit_horizon,10,4,8,known_visit_horizon,commitment_horizon,8,h8
170,known_visit,DMCHBA,bernoulli,0.25,19,361,4,10,dmchba_h8_bernoulli_025,scenarios/known_visit_10target_300.csv,8,16,15,42.40234706657926,42.40234706657926,03,03,1,0,True,known_visit_horizon,10,4,8,known_visit_horizon,commitment_horizon,8,h8
170,known_visit,DMCHBA,bernoulli,0.25,19,361,4,10,dmchba_h8_bernoulli_025,scenarios/known_visit_10target_300.csv,9,3,0,3.4200048617791285,3.4200048617791285,00,00,1,0,True,known_visit_horizon,10,4,8,known_visit_horizon,commitment_horizon,8,h8
170,known_visit,DMCHBA,bernoulli,0.25,19,361,4,10,dmchba_h8_bernoulli_025,scenarios/known_visit_10target_300.csv,10,13,18,31.43538203804054,31.43538203804054,03,03,1,0,True,known_visit_horizon,10,4,8,known_visit_horizon,commitment_horizon,8,h8
171,known_visit,DMCHBA,bernoulli,0.25,19,361,4,10,dmchba_h8_bernoulli_025,scenarios/known_visit_10target_300.csv,1,11,10,20.990185717290256,20.990185717290256,02,02,1,0,True,known_visit_horizon,10,4,8,known_visit_horizon,commitment_horizon,8,h8
171,known_visit,DMCHBA,bernoulli,0.25,19,361,4,10,dmchba_h8_bernoulli_025,scenarios/known_visit_10target_300.csv,2,13,4,35.330361949212175,35.330361949212175,01,01,2,1,True,known_visit_horizon,10,4,8,known_visit_horizon,commitment_horizon,8,h8
171,known_visit,DMCHBA,bernoulli,0.25,19,361,4,10,dmchba_h8_bernoulli_025,scenarios/known_visit_10target_300.csv,3,1,4,3.889449721014771,3.889449721014771,01,01,1,0,True,known_visit_horizon,10,4,8,known_visit_horizon,commitment_horizon,8,h8
171,known_visit,DMCHBA,bernoulli,0.25,19,361,4,10,dmchba_h8_bernoulli_025,scenarios/known_visit_10target_300.csv,4,10,0,24.092247978316557,24.092247978316557,00,00,1,0,True,known_visit_horizon,10,4,8,known_visit_horizon,commitment_horizon,8,h8
171,known_visit,DMCHBA,bernoulli,0.25,19,361,4,10,dmchba_h8_bernoulli_025,scenarios/known_visit_10target_300.csv,5,13,0,29.515627429461315,29.515627429461315,00,00,1,0,True,known_visit_horizon,10,4,8,known_visit_horizon,commitment_horizon,8,h8
171,known_visit,DMCHBA,bernoulli,0.25,19,361,4,10,dmchba_h8_bernoulli_025,scenarios/known_visit_10target_300.csv,6,15,8,46.28166350037087,46.28166350037087,01,01,1,0,True,known_visit_horizon,10,4,8,known_visit_horizon,commitment_horizon,8,h8
171,known_visit,DMCHBA,bernoulli,0.25,19,361,4,10,dmchba_h8_bernoulli_025,scenarios/known_visit_10target_300.csv,7,17,13,63.71517036535941,63.71517036535941,02,02,1,0,True,known_visit_horizon,10,4,8,known_visit_horizon,commitment_horizon,8,h8
171,known_visit,DMCHBA,bernoulli,0.25,19,361,4,10,dmchba_h8_bernoulli_025,scenarios/known_visit_10target_300.csv,8,2,0,6.109483646750606,6.109483646750606,00,00,1,0,True,known_visit_horizon,10,4,8,known_visit_horizon,commitment_horizon,8,h8
171,known_visit,DMCHBA,bernoulli,0.25,19,361,4,10,dmchba_h8_bernoulli_025,scenarios/known_visit_10target_300.csv,9,1,1,2.1081175322760086,2.1081175322760086,00,00,2,1,True,known_visit_horizon,10,4,8,known_visit_horizon,commitment_horizon,8,h8
171,known_visit,DMCHBA,bernoulli,0.25,19,361,4,10,dmchba_h8_bernoulli_025,scenarios/known_visit_10target_300.csv,10,6,1,15.056435203457431,15.056435203457431,00,00,1,0,True,known_visit_horizon,10,4,8,known_visit_horizon,commitment_horizon,8,h8
172,known_visit,DMCHBA,bernoulli,0.25,19,361,4,10,dmchba_h8_bernoulli_025,scenarios/known_visit_10target_300.csv,1,1,3,9.633779620238604,9.633779620238604,00,00,1,0,True,known_visit_horizon,10,4,8,known_visit_horizon,commitment_horizon,8,h8
172,known_visit,DMCHBA,bernoulli,0.25,19,361,4,10,dmchba_h8_bernoulli_025,scenarios/known_visit_10target_300.csv,2,11,15,22.770871204511586,22.770871204511586,03,03,1,0,True,known_visit_horizon,10,4,8,known_visit_horizon,commitment_horizon,8,h8
172,known_visit,DMCHBA,bernoulli,0.25,19,361,4,10,dmchba_h8_bernoulli_025,scenarios/known_visit_10target_300.csv,3,12,16,26.646564142753903,26.646564142753903,03,03,1,0,True,known_visit_horizon,10,4,8,known_visit_horizon,commitment_horizon,8,h8
172,known_visit,DMCHBA,bernoulli,0.25,19,361,4,10,dmchba_h8_bernoulli_025,scenarios/known_visit_10target_300.csv,4,0,4,5.535771475644308,5.535771475644308,00,00,1,0,True,known_visit_horizon,10,4,8,known_visit_horizon,commitment_horizon,8,h8
172,known_visit,DMCHBA,bernoulli,0.25,19,361,4,10,dmchba_h8_bernoulli_025,scenarios/known_visit_10target_300.csv,5,3,4,15.42719477833723,15.42719477833723,00,00,1,0,True,known_visit_horizon,10,4,8,known_visit_horizon,commitment_horizon,8,h8
172,known_visit,DMCHBA,bernoulli,0.25,19,361,4,10,dmchba_h8_bernoulli_025,scenarios/known_visit_10target_300.csv,6,6,18,8.483567958081565,8.483567958081565,03,03,1,0,True,known_visit_horizon,10,4,8,known_visit_horizon,commitment_horizon,8,h8
172,known_visit,DMCHBA,bernoulli,0.25,19,361,4,10,dmchba_h8_bernoulli_025,scenarios/known_visit_10target_300.csv,7,6,10,12.30499388401948,12.30499388401948,02,02,1,0,True,known_visit_horizon,10,4,8,known_visit_horizon,commitment_horizon,8,h8
172,known_visit,DMCHBA,bernoulli,0.25,19,361,4,10,dmchba_h8_bernoulli_025,scenarios/known_visit_10target_300.csv,8,14,0,41.66981202575681,41.66981202575681,00,00,1,0,True,known_visit_horizon,10,4,8,known_visit_horizon,commitment_horizon,8,h8
172,known_visit,DMCHBA,bernoulli,0.25,19,361,4,10,dmchba_h8_bernoulli_025,scenarios/known_visit_10target_300.csv,9,7,11,16.42856079044215,16.42856079044215,02,02,1,0,True,known_visit_horizon,10,4,8,known_visit_horizon,commitment_horizon,8,h8
172,known_visit,DMCHBA,bernoulli,0.25,19,361,4,10,dmchba_h8_bernoulli_025,scenarios/known_visit_10target_300.csv,10,16,11,32.185244992495456,32.185244992495456,02,02,1,0,True,known_visit_horizon,10,4,8,known_visit_horizon,commitment_horizon,8,h8
173,known_visit,DMCHBA,bernoulli,0.25,19,361,4,10,dmchba_h8_bernoulli_025,scenarios/known_visit_10target_300.csv,1,8,15,17.521947175707364,17.521947175707364,03,03,2,1,True,known_visit_horizon,10,4,8,known_visit_horizon,commitment_horizon,8,h8
173,known_visit,DMCHBA,bernoulli,0.25,19,361,4,10,dmchba_h8_bernoulli_025,scenarios/known_visit_10target_300.csv,2,13,18,35.12489132759967,35.12489132759967,03,03,1,0,True,known_visit_horizon,10,4,8,known_visit_horizon,commitment_horizon,8,h8
173,known_visit,DMCHBA,bernoulli,0.25,19,361,4,10,dmchba_h8_bernoulli_025,scenarios/known_visit_10target_300.csv,3,1,9,5.59584497232574,5.59584497232574,02,02,1,0,True,known_visit_horizon,10,4,8,known_visit_horizon,commitment_horizon,8,h8
173,known_visit,DMCHBA,bernoulli,0.25,19,361,4,10,dmchba_h8_bernoulli_025,scenarios/known_visit_10target_300.csv,4,14,6,22.371394170025134,22.371394170025134,01,01,2,1,True,known_visit_horizon,10,4,8,known_visit_horizon,commitment_horizon,8,h8
173,known_visit,DMCHBA,bernoulli,0.25,19,361,4,10,dmchba_h8_bernoulli_025,scenarios/known_visit_10target_300.csv,5,14,3,27.5964217241097,27.5964217241097,00,00,1,0,True,known_visit_horizon,10,4,8,known_visit_horizon,commitment_horizon,8,h8
173,known_visit,DMCHBA,bernoulli,0.25,19,361,4,10,dmchba_h8_bernoulli_025,scenarios/known_visit_10target_300.csv,6,17,9,36.9596056893637,36.9596056893637,01,01,1,0,True,known_visit_horizon,10,4,8,known_visit_horizon,commitment_horizon,8,h8
173,known_visit,DMCHBA,bernoulli,0.25,19,361,4,10,dmchba_h8_bernoulli_025,scenarios/known_visit_10target_300.csv,7,17,13,43.665909968143275,43.665909968143275,01,01,1,0,True,known_visit_horizon,10,4,8,known_visit_horizon,commitment_horizon,8,h8
173,known_visit,DMCHBA,bernoulli,0.25,19,361,4,10,dmchba_h8_bernoulli_025,scenarios/known_visit_10target_300.csv,8,16,5,27.843031290046266,27.843031290046266,01,01,1,0,True,known_visit_horizon,10,4,8,known_visit_horizon,commitment_horizon,8,h8
173,known_visit,DMCHBA,bernoulli,0.25,19,361,4,10,dmchba_h8_bernoulli_025,scenarios/known_visit_10target_300.csv,9,10,14,23.07096300090979,23.07096300090979,03,03,2,1,True,known_visit_horizon,10,4,8,known_visit_horizon,commitment_horizon,8,h8
173,known_visit,DMCHBA,bernoulli,0.25,19,361,4,10,dmchba_h8_bernoulli_025,scenarios/known_visit_10target_300.csv,10,16,10,44.34164234745884,44.34164234745884,00,00,1,0,True,known_visit_horizon,10,4,8,known_visit_horizon,commitment_horizon,8,h8
174,known_visit,DMCHBA,bernoulli,0.25,19,361,4,10,dmchba_h8_bernoulli_025,scenarios/known_visit_10target_300.csv,1,0,2,2.2437974124639175,2.2437974124639175,00,00,1,0,True,known_visit_horizon,10,4,8,known_visit_horizon,commitment_horizon,8,h8
174,known_visit,DMCHBA,bernoulli,0.25,19,361,4,10,dmchba_h8_bernoulli_025,scenarios/known_visit_10target_300.csv,2,10,3,20.875084468971234,20.875084468971234,01,01,1,0,True,known_visit_horizon,10,4,8,known_visit_horizon,commitment_horizon,8,h8
174,known_visit,DMCHBA,bernoulli,0.25,19,361,4,10,dmchba_h8_bernoulli_025,scenarios/known_visit_10target_300.csv,3,1,11,2.095456180545485,2.095456180545485,02,02,1,0,True,known_visit_horizon,10,4,8,known_visit_horizon,commitment_horizon,8,h8
174,known_visit,DMCHBA,bernoulli,0.25,19,361,4,10,dmchba_h8_bernoulli_025,scenarios/known_visit_10target_300.csv,4,7,15,16.132871150227402,16.132871150227402,03,03,1,0,True,known_visit_horizon,10,4,8,known_visit_horizon,commitment_horizon,8,h8
174,known_visit,DMCHBA,bernoulli,0.25,19,361,4,10,dmchba_h8_bernoulli_025,scenarios/known_visit_10target_300.csv,5,17,17,36.914336886659925,36.914336886659925,03,03,1,0,True,known_visit_horizon,10,4,8,known_visit_horizon,commitment_horizon,8,h8
174,known_visit,DMCHBA,bernoulli,0.25,19,361,4,10,dmchba_h8_bernoulli_025,scenarios/known_visit_10target_300.csv,6,10,9,32.18345755677882,32.18345755677882,00,00,1,0,True,known_visit_horizon,10,4,8,known_visit_horizon,commitment_horizon,8,h8
174,known_visit,DMCHBA,bernoulli,0.25,19,361,4,10,dmchba_h8_bernoulli_025,scenarios/known_visit_10target_300.csv,7,12,2,47.85023204307544,47.85023204307544,01,01,1,0,True,known_visit_horizon,10,4,8,known_visit_horizon,commitment_horizon,8,h8
174,known_visit,DMCHBA,bernoulli,0.25,19,361,4,10,dmchba_h8_bernoulli_025,scenarios/known_visit_10target_300.csv,8,13,11,22.754228764741104,22.754228764741104,02,02,1,0,True,known_visit_horizon,10,4,8,known_visit_horizon,commitment_horizon,8,h8
174,known_visit,DMCHBA,bernoulli,0.25,19,361,4,10,dmchba_h8_bernoulli_025,scenarios/known_visit_10target_300.csv,9,16,11,27.77015529820745,27.77015529820745,02,02,1,0,True,known_visit_horizon,10,4,8,known_visit_horizon,commitment_horizon,8,h8
174,known_visit,DMCHBA,bernoulli,0.25,19,361,4,10,dmchba_h8_bernoulli_025,scenarios/known_visit_10target_300.csv,10,13,6,39.280453139810426,39.280453139810426,01,01,1,0,True,known_visit_horizon,10,4,8,known_visit_horizon,commitment_horizon,8,h8
175,known_visit,DMCHBA,bernoulli,0.25,19,361,4,10,dmchba_h8_bernoulli_025,scenarios/known_visit_10target_300.csv,1,16,12,37.12445087359202,37.12445087359202,03,03,1,0,True,known_visit_horizon,10,4,8,known_visit_horizon,commitment_horizon,8,h8
175,known_visit,DMCHBA,bernoulli,0.25,19,361,4,10,dmchba_h8_bernoulli_025,scenarios/known_visit_10target_300.csv,2,7,10,18.404193496515447,18.404193496515447,02,02,1,0,True,known_visit_horizon,10,4,8,known_visit_horizon,commitment_horizon,8,h8
175,known_visit,DMCHBA,bernoulli,0.25,19,361,4,10,dmchba_h8_bernoulli_025,scenarios/known_visit_10target_300.csv,3,3,6,3.6764486978131283,3.6764486978131283,01,01,1,0,True,known_visit_horizon,10,4,8,known_visit_horizon,commitment_horizon,8,h8
175,known_visit,DMCHBA,bernoulli,0.25,19,361,4,10,dmchba_h8_bernoulli_025,scenarios/known_visit_10target_300.csv,4,14,10,29.788646580940274,29.788646580940274,01,01,1,0,True,known_visit_horizon,10,4,8,known_visit_horizon,commitment_horizon,8,h8
175,known_visit,DMCHBA,bernoulli,0.25,19,361,4,10,dmchba_h8_bernoulli_025,scenarios/known_visit_10target_300.csv,5,10,6,15.763696123199864,15.763696123199864,01,01,1,0,True,known_visit_horizon,10,4,8,known_visit_horizon,commitment_horizon,8,h8
175,known_visit,DMCHBA,bernoulli,0.25,19,361,4,10,dmchba_h8_bernoulli_025,scenarios/known_visit_10target_300.csv,6,10,17,18.046092701114006,18.046092701114006,03,03,1,0,True,known_visit_horizon,10,4,8,known_visit_horizon,commitment_horizon,8,h8
175,known_visit,DMCHBA,bernoulli,0.25,19,361,4,10,dmchba_h8_bernoulli_025,scenarios/known_visit_10target_300.csv,7,2,13,3.8696158547971073,3.8696158547971073,02,02,1,0,True,known_visit_horizon,10,4,8,known_visit_horizon,commitment_horizon,8,h8
175,known_visit,DMCHBA,bernoulli,0.25,19,361,4,10,dmchba_h8_bernoulli_025,scenarios/known_visit_10target_300.csv,8,15,10,31.81478044205082,31.81478044205082,01,01,1,0,True,known_visit_horizon,10,4,8,known_visit_horizon,commitment_horizon,8,h8
175,known_visit,DMCHBA,bernoulli,0.25,19,361,4,10,dmchba_h8_bernoulli_025,scenarios/known_visit_10target_300.csv,9,15,15,30.082618414807293,30.082618414807293,03,03,1,0,True,known_visit_horizon,10,4,8,known_visit_horizon,commitment_horizon,8,h8
175,known_visit,DMCHBA,bernoulli,0.25,19,361,4,10,dmchba_h8_bernoulli_025,scenarios/known_visit_10target_300.csv,10,17,1,29.436908721229376,29.436908721229376,00,00,1,0,True,known_visit_horizon,10,4,8,known_visit_horizon,commitment_horizon,8,h8
176,known_visit,DMCHBA,bernoulli,0.25,19,361,4,10,dmchba_h8_bernoulli_025,scenarios/known_visit_10target_300.csv,1,17,6,38.21844486735064,38.21844486735064,00,00,1,0,True,known_visit_horizon,10,4,8,known_visit_horizon,commitment_horizon,8,h8
176,known_visit,DMCHBA,bernoulli,0.25,19,361,4,10,dmchba_h8_bernoulli_025,scenarios/known_visit_10target_300.csv,2,10,7,31.833697267305368,31.833697267305368,01,01,1,0,True,known_visit_horizon,10,4,8,known_visit_horizon,commitment_horizon,8,h8
176,known_visit,DMCHBA,bernoulli,0.25,19,361,4,10,dmchba_h8_bernoulli_025,scenarios/known_visit_10target_300.csv,3,6,14,12.219056512251864,12.219056512251864,02,02,2,1,True,known_visit_horizon,10,4,8,known_visit_horizon,commitment_horizon,8,h8
176,known_visit,DMCHBA,bernoulli,0.25,19,361,4,10,dmchba_h8_bernoulli_025,scenarios/known_visit_10target_300.csv,4,2,10,8.849528483542366,8.849528483542366,01,01,1,0,True,known_visit_horizon,10,4,8,known_visit_horizon,commitment_horizon,8,h8
176,known_visit,DMCHBA,bernoulli,0.25,19,361,4,10,dmchba_h8_bernoulli_025,scenarios/known_visit_10target_300.csv,5,14,14,34.05734725648989,34.05734725648989,02,02,1,0,True,known_visit_horizon,10,4,8,known_visit_horizon,commitment_horizon,8,h8
176,known_visit,DMCHBA,bernoulli,0.25,19,361,4,10,dmchba_h8_bernoulli_025,scenarios/known_visit_10target_300.csv,6,12,0,19.023864302644554,19.023864302644554,00,00,1,0,True,known_visit_horizon,10,4,8,known_visit_horizon,commitment_horizon,8,h8
176,known_visit,DMCHBA,bernoulli,0.25,19,361,4,10,dmchba_h8_bernoulli_025,scenarios/known_visit_10target_300.csv,7,8,16,20.034245399913544,20.034245399913544,02,02,1,0,True,known_visit_horizon,10,4,8,known_visit_horizon,commitment_horizon,8,h8
176,known_visit,DMCHBA,bernoulli,0.25,19,361,4,10,dmchba_h8_bernoulli_025,scenarios/known_visit_10target_300.csv,8,12,16,26.899530879411756,26.899530879411756,02,02,1,0,True,known_visit_horizon,10,4,8,known_visit_horizon,commitment_horizon,8,h8
176,known_visit,DMCHBA,bernoulli,0.25,19,361,4,10,dmchba_h8_bernoulli_025,scenarios/known_visit_10target_300.csv,9,17,12,42.99606750806938,42.99606750806938,02,02,1,0,True,known_visit_horizon,10,4,8,known_visit_horizon,commitment_horizon,8,h8
176,known_visit,DMCHBA,bernoulli,0.25,19,361,4,10,dmchba_h8_bernoulli_025,scenarios/known_visit_10target_300.csv,10,9,6,27.89837439815905,27.89837439815905,01,01,1,0,True,known_visit_horizon,10,4,8,known_visit_horizon,commitment_horizon,8,h8
177,known_visit,DMCHBA,bernoulli,0.25,19,361,4,10,dmchba_h8_bernoulli_025,scenarios/known_visit_10target_300.csv,1,10,7,17.51042749409008,17.51042749409008,01,01,1,0,True,known_visit_horizon,10,4,8,known_visit_horizon,commitment_horizon,8,h8
177,known_visit,DMCHBA,bernoulli,0.25,19,361,4,10,dmchba_h8_bernoulli_025,scenarios/known_visit_10target_300.csv,2,2,1,3.8773608537918887,3.8773608537918887,00,00,1,0,True,known_visit_horizon,10,4,8,known_visit_horizon,commitment_horizon,8,h8
177,known_visit,DMCHBA,bernoulli,0.25,19,361,4,10,dmchba_h8_bernoulli_025,scenarios/known_visit_10target_300.csv,3,11,16,21.280911568159286,21.280911568159286,03,03,1,0,True,known_visit_horizon,10,4,8,known_visit_horizon,commitment_horizon,8,h8
177,known_visit,DMCHBA,bernoulli,0.25,19,361,4,10,dmchba_h8_bernoulli_025,scenarios/known_visit_10target_300.csv,4,14,8,33.20790668007918,33.20790668007918,01,01,1,0,True,known_visit_horizon,10,4,8,known_visit_horizon,commitment_horizon,8,h8
177,known_visit,DMCHBA,bernoulli,0.25,19,361,4,10,dmchba_h8_bernoulli_025,scenarios/known_visit_10target_300.csv,5,12,10,26.089957374913528,26.089957374913528,01,01,1,0,True,known_visit_horizon,10,4,8,known_visit_horizon,commitment_horizon,8,h8
177,known_visit,DMCHBA,bernoulli,0.25,19,361,4,10,dmchba_h8_bernoulli_025,scenarios/known_visit_10target_300.csv,6,0,17,0.5370722497691579,0.5370722497691579,03,03,1,0,True,known_visit_horizon,10,4,8,known_visit_horizon,commitment_horizon,8,h8
177,known_visit,DMCHBA,bernoulli,0.25,19,361,4,10,dmchba_h8_bernoulli_025,scenarios/known_visit_10target_300.csv,7,17,2,31.72389312409342,31.72389312409342,00,00,1,0,True,known_visit_horizon,10,4,8,known_visit_horizon,commitment_horizon,8,h8
177,known_visit,DMCHBA,bernoulli,0.25,19,361,4,10,dmchba_h8_bernoulli_025,scenarios/known_visit_10target_300.csv,8,10,14,19.62740396362551,19.62740396362551,02,02,1,0,True,known_visit_horizon,10,4,8,known_visit_horizon,commitment_horizon,8,h8
177,known_visit,DMCHBA,bernoulli,0.25,19,361,4,10,dmchba_h8_bernoulli_025,scenarios/known_visit_10target_300.csv,9,6,1,10.773717480630571,10.773717480630571,00,00,1,0,True,known_visit_horizon,10,4,8,known_visit_horizon,commitment_horizon,8,h8
177,known_visit,DMCHBA,bernoulli,0.25,19,361,4,10,dmchba_h8_bernoulli_025,scenarios/known_visit_10target_300.csv,10,17,3,33.50163022568737,33.50163022568737,00,00,1,0,True,known_visit_horizon,10,4,8,known_visit_horizon,commitment_horizon,8,h8
178,known_visit,DMCHBA,bernoulli,0.25,19,361,4,10,dmchba_h8_bernoulli_025,scenarios/known_visit_10target_300.csv,1,12,10,33.838324914393056,33.838324914393056,01,01,1,0,True,known_visit_horizon,10,4,8,known_visit_horizon,commitment_horizon,8,h8
178,known_visit,DMCHBA,bernoulli,0.25,19,361,4,10,dmchba_h8_bernoulli_025,scenarios/known_visit_10target_300.csv,2,14,0,22.095537076806274,22.095537076806274,00,00,1,0,True,known_visit_horizon,10,4,8,known_visit_horizon,commitment_horizon,8,h8
178,known_visit,DMCHBA,bernoulli,0.25,19,361,4,10,dmchba_h8_bernoulli_025,scenarios/known_visit_10target_300.csv,3,8,11,13.869462423990111,13.869462423990111,02,02,2,1,True,known_visit_horizon,10,4,8,known_visit_horizon,commitment_horizon,8,h8
178,known_visit,DMCHBA,bernoulli,0.25,19,361,4,10,dmchba_h8_bernoulli_025,scenarios/known_visit_10target_300.csv,4,13,10,32.27527177053407,32.27527177053407,02,02,1,0,True,known_visit_horizon,10,4,8,known_visit_horizon,commitment_horizon,8,h8
178,known_visit,DMCHBA,bernoulli,0.25,19,361,4,10,dmchba_h8_bernoulli_025,scenarios/known_visit_10target_300.csv,5,14,11,28.546987237020396,28.546987237020396,02,02,1,0,True,known_visit_horizon,10,4,8,known_visit_horizon,commitment_horizon,8,h8
178,known_visit,DMCHBA,bernoulli,0.25,19,361,4,10,dmchba_h8_bernoulli_025,scenarios/known_visit_10target_300.csv,6,16,2,29.03067515376392,29.03067515376392,00,00,1,0,True,known_visit_horizon,10,4,8,known_visit_horizon,commitment_horizon,8,h8
178,known_visit,DMCHBA,bernoulli,0.25,19,361,4,10,dmchba_h8_bernoulli_025,scenarios/known_visit_10target_300.csv,7,10,12,19.52605071566789,19.52605071566789,02,02,1,0,True,known_visit_horizon,10,4,8,known_visit_horizon,commitment_horizon,8,h8
178,known_visit,DMCHBA,bernoulli,0.25,19,361,4,10,dmchba_h8_bernoulli_025,scenarios/known_visit_10target_300.csv,8,8,16,15.98575337987268,15.98575337987268,03,03,1,0,True,known_visit_horizon,10,4,8,known_visit_horizon,commitment_horizon,8,h8
178,known_visit,DMCHBA,bernoulli,0.25,19,361,4,10,dmchba_h8_bernoulli_025,scenarios/known_visit_10target_300.csv,9,11,12,21.57840377500782,21.57840377500782,02,02,1,0,True,known_visit_horizon,10,4,8,known_visit_horizon,commitment_horizon,8,h8
178,known_visit,DMCHBA,bernoulli,0.25,19,361,4,10,dmchba_h8_bernoulli_025,scenarios/known_visit_10target_300.csv,10,7,4,14.472191071838365,14.472191071838365,01,01,1,0,True,known_visit_horizon,10,4,8,known_visit_horizon,commitment_horizon,8,h8
179,known_visit,DMCHBA,bernoulli,0.25,19,361,4,10,dmchba_h8_bernoulli_025,scenarios/known_visit_10target_300.csv,1,11,4,24.467194196320435,24.467194196320435,00,00,2,1,True,known_visit_horizon,10,4,8,known_visit_horizon,commitment_horizon,8,h8
179,known_visit,DMCHBA,bernoulli,0.25,19,361,4,10,dmchba_h8_bernoulli_025,scenarios/known_visit_10target_300.csv,2,5,9,16.30287872434579,16.30287872434579,01,01,1,0,True,known_visit_horizon,10,4,8,known_visit_horizon,commitment_horizon,8,h8
179,known_visit,DMCHBA,bernoulli,0.25,19,361,4,10,dmchba_h8_bernoulli_025,scenarios/known_visit_10target_300.csv,3,17,12,35.66086142938774,35.66086142938774,02,02,1,0,True,known_visit_horizon,10,4,8,known_visit_horizon,commitment_horizon,8,h8
179,known_visit,DMCHBA,bernoulli,0.25,19,361,4,10,dmchba_h8_bernoulli_025,scenarios/known_visit_10target_300.csv,4,3,11,5.626119075342733,5.626119075342733,02,02,1,0,True,known_visit_horizon,10,4,8,known_visit_horizon,commitment_horizon,8,h8
179,known_visit,DMCHBA,bernoulli,0.25,19,361,4,10,dmchba_h8_bernoulli_025,scenarios/known_visit_10target_300.csv,5,6,4,16.032093935145085,16.032093935145085,00,00,2,1,True,known_visit_horizon,10,4,8,known_visit_horizon,commitment_horizon,8,h8
179,known_visit,DMCHBA,bernoulli,0.25,19,361,4,10,dmchba_h8_bernoulli_025,scenarios/known_visit_10target_300.csv,6,1,16,3.7677660654211387,3.7677660654211387,03,03,1,0,True,known_visit_horizon,10,4,8,known_visit_horizon,commitment_horizon,8,h8
179,known_visit,DMCHBA,bernoulli,0.25,19,361,4,10,dmchba_h8_bernoulli_025,scenarios/known_visit_10target_300.csv,7,14,7,35.053466710972444,35.053466710972444,00,00,1,0,True,known_visit_horizon,10,4,8,known_visit_horizon,commitment_horizon,8,h8
179,known_visit,DMCHBA,bernoulli,0.25,19,361,4,10,dmchba_h8_bernoulli_025,scenarios/known_visit_10target_300.csv,8,13,13,26.54244766945579,26.54244766945579,02,02,1,0,True,known_visit_horizon,10,4,8,known_visit_horizon,commitment_horizon,8,h8
179,known_visit,DMCHBA,bernoulli,0.25,19,361,4,10,dmchba_h8_bernoulli_025,scenarios/known_visit_10target_300.csv,9,1,3,5.617876674919363,5.617876674919363,00,00,1,0,True,known_visit_horizon,10,4,8,known_visit_horizon,commitment_horizon,8,h8
179,known_visit,DMCHBA,bernoulli,0.25,19,361,4,10,dmchba_h8_bernoulli_025,scenarios/known_visit_10target_300.csv,10,0,10,5.6118526465644525,5.6118526465644525,01,01,1,0,True,known_visit_horizon,10,4,8,known_visit_horizon,commitment_horizon,8,h8
180,known_visit,DMCHBA,bernoulli,0.25,19,361,4,10,dmchba_h8_bernoulli_025,scenarios/known_visit_10target_300.csv,1,7,9,19.848903642503736,19.848903642503736,02,02,2,1,True,known_visit_horizon,10,4,8,known_visit_horizon,commitment_horizon,8,h8
180,known_visit,DMCHBA,bernoulli,0.25,19,361,4,10,dmchba_h8_bernoulli_025,scenarios/known_visit_10target_300.csv,2,17,3,33.3170760981603,33.3170760981603,00,00,1,0,True,known_visit_horizon,10,4,8,known_visit_horizon,commitment_horizon,8,h8
180,known_visit,DMCHBA,bernoulli,0.25,19,361,4,10,dmchba_h8_bernoulli_025,scenarios/known_visit_10target_300.csv,3,1,17,2.1991001073914704,2.1991001073914704,03,03,1,0,True,known_visit_horizon,10,4,8,known_visit_horizon,commitment_horizon,8,h8
180,known_visit,DMCHBA,bernoulli,0.25,19,361,4,10,dmchba_h8_bernoulli_025,scenarios/known_visit_10target_300.csv,4,14,9,31.8837582248916,31.8837582248916,02,02,1,0,True,known_visit_horizon,10,4,8,known_visit_horizon,commitment_horizon,8,h8
180,known_visit,DMCHBA,bernoulli,0.25,19,361,4,10,dmchba_h8_bernoulli_025,scenarios/known_visit_10target_300.csv,5,17,12,42.23356542353888,42.23356542353888,02,02,1,0,True,known_visit_horizon,10,4,8,known_visit_horizon,commitment_horizon,8,h8
180,known_visit,DMCHBA,bernoulli,0.25,19,361,4,10,dmchba_h8_bernoulli_025,scenarios/known_visit_10target_300.csv,6,2,17,4.119884890817941,4.119884890817941,03,03,1,0,True,known_visit_horizon,10,4,8,known_visit_horizon,commitment_horizon,8,h8
180,known_visit,DMCHBA,bernoulli,0.25,19,361,4,10,dmchba_h8_bernoulli_025,scenarios/known_visit_10target_300.csv,7,2,14,9.58479346256583,9.58479346256583,03,03,1,0,True,known_visit_horizon,10,4,8,known_visit_horizon,commitment_horizon,8,h8
180,known_visit,DMCHBA,bernoulli,0.25,19,361,4,10,dmchba_h8_bernoulli_025,scenarios/known_visit_10target_300.csv,8,9,1,16.055914281180428,16.055914281180428,00,00,1,0,True,known_visit_horizon,10,4,8,known_visit_horizon,commitment_horizon,8,h8
180,known_visit,DMCHBA,bernoulli,0.25,19,361,4,10,dmchba_h8_bernoulli_025,scenarios/known_visit_10target_300.csv,9,6,5,14.586081673485557,14.586081673485557,01,01,1,0,True,known_visit_horizon,10,4,8,known_visit_horizon,commitment_horizon,8,h8
180,known_visit,DMCHBA,bernoulli,0.25,19,361,4,10,dmchba_h8_bernoulli_025,scenarios/known_visit_10target_300.csv,10,0,7,0.525205126087608,0.525205126087608,01,01,1,0,True,known_visit_horizon,10,4,8,known_visit_horizon,commitment_horizon,8,h8
181,known_visit,DMCHBA,bernoulli,0.25,19,361,4,10,dmchba_h8_bernoulli_025,scenarios/known_visit_10target_300.csv,1,15,4,30.979295417275004,30.979295417275004,00,00,1,0,True,known_visit_horizon,10,4,8,known_visit_horizon,commitment_horizon,8,h8
181,known_visit,DMCHBA,bernoulli,0.25,19,361,4,10,dmchba_h8_bernoulli_025,scenarios/known_visit_10target_300.csv,2,16,15,31.309092340251937,31.309092340251937,02,02,1,0,True,known_visit_horizon,10,4,8,known_visit_horizon,commitment_horizon,8,h8
181,known_visit,DMCHBA,bernoulli,0.25,19,361,4,10,dmchba_h8_bernoulli_025,scenarios/known_visit_10target_300.csv,3,16,8,36.72476170964881,36.72476170964881,01,01,1,0,True,known_visit_horizon,10,4,8,known_visit_horizon,commitment_horizon,8,h8
181,known_visit,DMCHBA,bernoulli,0.25,19,361,4,10,dmchba_h8_bernoulli_025,scenarios/known_visit_10target_300.csv,4,1,8,3.956617709067914,3.956617709067914,01,01,1,0,True,known_visit_horizon,10,4,8,known_visit_horizon,commitment_horizon,8,h8
181,known_visit,DMCHBA,bernoulli,0.25,19,361,4,10,dmchba_h8_bernoulli_025,scenarios/known_visit_10target_300.csv,5,6,10,16.03995594073381,16.03995594073381,01,01,1,0,True,known_visit_horizon,10,4,8,known_visit_horizon,commitment_horizon,8,h8
181,known_visit,DMCHBA,bernoulli,0.25,19,361,4,10,dmchba_h8_bernoulli_025,scenarios/known_visit_10target_300.csv,6,4,17,11.481214685176601,11.481214685176601,03,03,1,0,True,known_visit_horizon,10,4,8,known_visit_horizon,commitment_horizon,8,h8
181,known_visit,DMCHBA,bernoulli,0.25,19,361,4,10,dmchba_h8_bernoulli_025,scenarios/known_visit_10target_300.csv,7,3,1,5.453447960778427,5.453447960778427,00,00,1,0,True,known_visit_horizon,10,4,8,known_visit_horizon,commitment_horizon,8,h8
181,known_visit,DMCHBA,bernoulli,0.25,19,361,4,10,dmchba_h8_bernoulli_025,scenarios/known_visit_10target_300.csv,8,18,7,41.95367522212466,41.95367522212466,00,00,1,0,True,known_visit_horizon,10,4,8,known_visit_horizon,commitment_horizon,8,h8
181,known_visit,DMCHBA,bernoulli,0.25,19,361,4,10,dmchba_h8_bernoulli_025,scenarios/known_visit_10target_300.csv,9,0,15,3.8117262694520497,3.8117262694520497,02,02,1,0,True,known_visit_horizon,10,4,8,known_visit_horizon,commitment_horizon,8,h8
181,known_visit,DMCHBA,bernoulli,0.25,19,361,4,10,dmchba_h8_bernoulli_025,scenarios/known_visit_10target_300.csv,10,13,11,43.64746628585479,43.64746628585479,02,02,1,0,True,known_visit_horizon,10,4,8,known_visit_horizon,commitment_horizon,8,h8
182,known_visit,DMCHBA,bernoulli,0.25,19,361,4,10,dmchba_h8_bernoulli_025,scenarios/known_visit_10target_300.csv,1,18,0,40.36326413217477,40.36326413217477,00,00,1,0,True,known_visit_horizon,10,4,8,known_visit_horizon,commitment_horizon,8,h8
182,known_visit,DMCHBA,bernoulli,0.25,19,361,4,10,dmchba_h8_bernoulli_025,scenarios/known_visit_10target_300.csv,2,11,18,17.220747584767956,17.220747584767956,03,03,1,0,True,known_visit_horizon,10,4,8,known_visit_horizon,commitment_horizon,8,h8
182,known_visit,DMCHBA,bernoulli,0.25,19,361,4,10,dmchba_h8_bernoulli_025,scenarios/known_visit_10target_300.csv,3,3,11,5.482069540300513,5.482069540300513,02,02,1,0,True,known_visit_horizon,10,4,8,known_visit_horizon,commitment_horizon,8,h8
182,known_visit,DMCHBA,bernoulli,0.25,19,361,4,10,dmchba_h8_bernoulli_025,scenarios/known_visit_10target_300.csv,4,6,7,18.22969991209899,18.22969991209899,01,01,1,0,True,known_visit_horizon,10,4,8,known_visit_horizon,commitment_horizon,8,h8
182,known_visit,DMCHBA,bernoulli,0.25,19,361,4,10,dmchba_h8_bernoulli_025,scenarios/known_visit_10target_300.csv,5,4,10,9.235466798003198,9.235466798003198,02,02,1,0,True,known_visit_horizon,10,4,8,known_visit_horizon,commitment_horizon,8,h8
182,known_visit,DMCHBA,bernoulli,0.25,19,361,4,10,dmchba_h8_bernoulli_025,scenarios/known_visit_10target_300.csv,6,12,5,31.71313081945152,31.71313081945152,02,02,1,0,True,known_visit_horizon,10,4,8,known_visit_horizon,commitment_horizon,8,h8
182,known_visit,DMCHBA,bernoulli,0.25,19,361,4,10,dmchba_h8_bernoulli_025,scenarios/known_visit_10target_300.csv,7,8,9,18.089707032000337,18.089707032000337,02,02,1,0,True,known_visit_horizon,10,4,8,known_visit_horizon,commitment_horizon,8,h8
182,known_visit,DMCHBA,bernoulli,0.25,19,361,4,10,dmchba_h8_bernoulli_025,scenarios/known_visit_10target_300.csv,8,12,3,24.629576617403263,24.629576617403263,00,00,2,1,True,known_visit_horizon,10,4,8,known_visit_horizon,commitment_horizon,8,h8
182,known_visit,DMCHBA,bernoulli,0.25,19,361,4,10,dmchba_h8_bernoulli_025,scenarios/known_visit_10target_300.csv,9,11,3,23.022887314164546,23.022887314164546,00,00,1,0,True,known_visit_horizon,10,4,8,known_visit_horizon,commitment_horizon,8,h8
182,known_visit,DMCHBA,bernoulli,0.25,19,361,4,10,dmchba_h8_bernoulli_025,scenarios/known_visit_10target_300.csv,10,0,3,3.8740919289758144,3.8740919289758144,00,00,1,0,True,known_visit_horizon,10,4,8,known_visit_horizon,commitment_horizon,8,h8
183,known_visit,DMCHBA,bernoulli,0.25,19,361,4,10,dmchba_h8_bernoulli_025,scenarios/known_visit_10target_300.csv,1,12,16,23.09697709126936,23.09697709126936,03,03,1,0,True,known_visit_horizon,10,4,8,known_visit_horizon,commitment_horizon,8,h8
183,known_visit,DMCHBA,bernoulli,0.25,19,361,4,10,dmchba_h8_bernoulli_025,scenarios/known_visit_10target_300.csv,2,13,9,33.37352424012249,33.37352424012249,01,01,1,0,True,known_visit_horizon,10,4,8,known_visit_horizon,commitment_horizon,8,h8
183,known_visit,DMCHBA,bernoulli,0.25,19,361,4,10,dmchba_h8_bernoulli_025,scenarios/known_visit_10target_300.csv,3,9,4,17.88405119170426,17.88405119170426,01,01,1,0,True,known_visit_horizon,10,4,8,known_visit_horizon,commitment_horizon,8,h8
183,known_visit,DMCHBA,bernoulli,0.25,19,361,4,10,dmchba_h8_bernoulli_025,scenarios/known_visit_10target_300.csv,4,16,0,32.96382345591404,32.96382345591404,00,00,1,0,True,known_visit_horizon,10,4,8,known_visit_horizon,commitment_horizon,8,h8
183,known_visit,DMCHBA,bernoulli,0.25,19,361,4,10,dmchba_h8_bernoulli_025,scenarios/known_visit_10target_300.csv,5,13,11,22.589767146822023,22.589767146822023,02,02,1,0,True,known_visit_horizon,10,4,8,known_visit_horizon,commitment_horizon,8,h8
183,known_visit,DMCHBA,bernoulli,0.25,19,361,4,10,dmchba_h8_bernoulli_025,scenarios/known_visit_10target_300.csv,6,13,15,26.769520113664274,26.769520113664274,03,03,1,0,True,known_visit_horizon,10,4,8,known_visit_horizon,commitment_horizon,8,h8
183,known_visit,DMCHBA,bernoulli,0.25,19,361,4,10,dmchba_h8_bernoulli_025,scenarios/known_visit_10target_300.csv,7,15,10,28.01062586844279,28.01062586844279,02,02,1,0,True,known_visit_horizon,10,4,8,known_visit_horizon,commitment_horizon,8,h8
183,known_visit,DMCHBA,bernoulli,0.25,19,361,4,10,dmchba_h8_bernoulli_025,scenarios/known_visit_10target_300.csv,8,12,12,19.055380822237026,19.055380822237026,02,02,1,0,True,known_visit_horizon,10,4,8,known_visit_horizon,commitment_horizon,8,h8
183,known_visit,DMCHBA,bernoulli,0.25,19,361,4,10,dmchba_h8_bernoulli_025,scenarios/known_visit_10target_300.csv,9,1,2,4.026114821563193,4.026114821563193,00,00,1,0,True,known_visit_horizon,10,4,8,known_visit_horizon,commitment_horizon,8,h8
183,known_visit,DMCHBA,bernoulli,0.25,19,361,4,10,dmchba_h8_bernoulli_025,scenarios/known_visit_10target_300.csv,10,8,17,14.045576585804822,14.045576585804822,03,03,1,0,True,known_visit_horizon,10,4,8,known_visit_horizon,commitment_horizon,8,h8
184,known_visit,DMCHBA,bernoulli,0.25,19,361,4,10,dmchba_h8_bernoulli_025,scenarios/known_visit_10target_300.csv,1,10,18,26.700367653843646,26.700367653843646,03,03,1,0,True,known_visit_horizon,10,4,8,known_visit_horizon,commitment_horizon,8,h8
184,known_visit,DMCHBA,bernoulli,0.25,19,361,4,10,dmchba_h8_bernoulli_025,scenarios/known_visit_10target_300.csv,2,2,2,5.631401383008372,5.631401383008372,00,00,1,0,True,known_visit_horizon,10,4,8,known_visit_horizon,commitment_horizon,8,h8
184,known_visit,DMCHBA,bernoulli,0.25,19,361,4,10,dmchba_h8_bernoulli_025,scenarios/known_visit_10target_300.csv,3,10,11,17.620120776238334,17.620120776238334,02,02,1,0,True,known_visit_horizon,10,4,8,known_visit_horizon,commitment_horizon,8,h8
184,known_visit,DMCHBA,bernoulli,0.25,19,361,4,10,dmchba_h8_bernoulli_025,scenarios/known_visit_10target_300.csv,4,15,14,35.45610086201484,35.45610086201484,02,02,1,0,True,known_visit_horizon,10,4,8,known_visit_horizon,commitment_horizon,8,h8
184,known_visit,DMCHBA,bernoulli,0.25,19,361,4,10,dmchba_h8_bernoulli_025,scenarios/known_visit_10target_300.csv,5,1,15,5.601245456714871,5.601245456714871,03,03,1,0,True,known_visit_horizon,10,4,8,known_visit_horizon,commitment_horizon,8,h8
184,known_visit,DMCHBA,bernoulli,0.25,19,361,4,10,dmchba_h8_bernoulli_025,scenarios/known_visit_10target_300.csv,6,14,3,28.425759210937144,28.425759210937144,00,00,1,0,True,known_visit_horizon,10,4,8,known_visit_horizon,commitment_horizon,8,h8
184,known_visit,DMCHBA,bernoulli,0.25,19,361,4,10,dmchba_h8_bernoulli_025,scenarios/known_visit_10target_300.csv,7,11,4,21.3641529038254,21.3641529038254,01,01,1,0,True,known_visit_horizon,10,4,8,known_visit_horizon,commitment_horizon,8,h8
184,known_visit,DMCHBA,bernoulli,0.25,19,361,4,10,dmchba_h8_bernoulli_025,scenarios/known_visit_10target_300.csv,8,3,4,7.239929396899395,7.239929396899395,01,01,1,0,True,known_visit_horizon,10,4,8,known_visit_horizon,commitment_horizon,8,h8
184,known_visit,DMCHBA,bernoulli,0.25,19,361,4,10,dmchba_h8_bernoulli_025,scenarios/known_visit_10target_300.csv,9,12,5,25.197711086203533,25.197711086203533,01,01,1,0,True,known_visit_horizon,10,4,8,known_visit_horizon,commitment_horizon,8,h8
184,known_visit,DMCHBA,bernoulli,0.25,19,361,4,10,dmchba_h8_bernoulli_025,scenarios/known_visit_10target_300.csv,10,9,4,17.918226244978882,17.918226244978882,01,01,1,0,True,known_visit_horizon,10,4,8,known_visit_horizon,commitment_horizon,8,h8
185,known_visit,DMCHBA,bernoulli,0.25,19,361,4,10,dmchba_h8_bernoulli_025,scenarios/known_visit_10target_300.csv,1,4,6,5.18542094949575,5.18542094949575,01,01,1,0,True,known_visit_horizon,10,4,8,known_visit_horizon,commitment_horizon,8,h8
185,known_visit,DMCHBA,bernoulli,0.25,19,361,4,10,dmchba_h8_bernoulli_025,scenarios/known_visit_10target_300.csv,2,16,0,37.29603290900988,37.29603290900988,00,00,1,0,True,known_visit_horizon,10,4,8,known_visit_horizon,commitment_horizon,8,h8
185,known_visit,DMCHBA,bernoulli,0.25,19,361,4,10,dmchba_h8_bernoulli_025,scenarios/known_visit_10target_300.csv,3,5,14,14.014857297592275,14.014857297592275,03,03,1,0,True,known_visit_horizon,10,4,8,known_visit_horizon,commitment_horizon,8,h8
185,known_visit,DMCHBA,bernoulli,0.25,19,361,4,10,dmchba_h8_bernoulli_025,scenarios/known_visit_10target_300.csv,4,13,3,26.295186026758405,26.295186026758405,00,00,1,0,True,known_visit_horizon,10,4,8,known_visit_horizon,commitment_horizon,8,h8
185,known_visit,DMCHBA,bernoulli,0.25,19,361,4,10,dmchba_h8_bernoulli_025,scenarios/known_visit_10target_300.csv,5,8,13,21.026944251502673,21.026944251502673,03,03,2,1,True,known_visit_horizon,10,4,8,known_visit_horizon,commitment_horizon,8,h8
185,known_visit,DMCHBA,bernoulli,0.25,19,361,4,10,dmchba_h8_bernoulli_025,scenarios/known_visit_10target_300.csv,6,13,9,26.127490094164987,26.127490094164987,01,01,1,0,True,known_visit_horizon,10,4,8,known_visit_horizon,commitment_horizon,8,h8
185,known_visit,DMCHBA,bernoulli,0.25,19,361,4,10,dmchba_h8_bernoulli_025,scenarios/known_visit_10target_300.csv,7,18,16,51.27960124514674,51.27960124514674,03,03,1,0,True,known_visit_horizon,10,4,8,known_visit_horizon,commitment_horizon,8,h8
185,known_visit,DMCHBA,bernoulli,0.25,19,361,4,10,dmchba_h8_bernoulli_025,scenarios/known_visit_10target_300.csv,8,16,7,35.31548267339478,35.31548267339478,01,01,1,0,True,known_visit_horizon,10,4,8,known_visit_horizon,commitment_horizon,8,h8
185,known_visit,DMCHBA,bernoulli,0.25,19,361,4,10,dmchba_h8_bernoulli_025,scenarios/known_visit_10target_300.csv,9,2,9,7.406030652219922,7.406030652219922,02,02,1,0,True,known_visit_horizon,10,4,8,known_visit_horizon,commitment_horizon,8,h8
185,known_visit,DMCHBA,bernoulli,0.25,19,361,4,10,dmchba_h8_bernoulli_025,scenarios/known_visit_10target_300.csv,10,12,18,36.94603753172106,36.94603753172106,03,03,1,0,True,known_visit_horizon,10,4,8,known_visit_horizon,commitment_horizon,8,h8
186,known_visit,DMCHBA,bernoulli,0.25,19,361,4,10,dmchba_h8_bernoulli_025,scenarios/known_visit_10target_300.csv,1,4,3,10.373609006376656,10.373609006376656,00,00,1,0,True,known_visit_horizon,10,4,8,known_visit_horizon,commitment_horizon,8,h8
186,known_visit,DMCHBA,bernoulli,0.25,19,361,4,10,dmchba_h8_bernoulli_025,scenarios/known_visit_10target_300.csv,2,2,11,8.328141121785126,8.328141121785126,02,02,1,0,True,known_visit_horizon,10,4,8,known_visit_horizon,commitment_horizon,8,h8
186,known_visit,DMCHBA,bernoulli,0.25,19,361,4,10,dmchba_h8_bernoulli_025,scenarios/known_visit_10target_300.csv,3,3,7,10.020255244807208,10.020255244807208,01,01,1,0,True,known_visit_horizon,10,4,8,known_visit_horizon,commitment_horizon,8,h8
186,known_visit,DMCHBA,bernoulli,0.25,19,361,4,10,dmchba_h8_bernoulli_025,scenarios/known_visit_10target_300.csv,4,6,4,15.809833522051688,15.809833522051688,00,00,1,0,True,known_visit_horizon,10,4,8,known_visit_horizon,commitment_horizon,8,h8
186,known_visit,DMCHBA,bernoulli,0.25,19,361,4,10,dmchba_h8_bernoulli_025,scenarios/known_visit_10target_300.csv,5,6,9,27.549801589651192,27.549801589651192,00,00,1,0,True,known_visit_horizon,10,4,8,known_visit_horizon,commitment_horizon,8,h8
186,known_visit,DMCHBA,bernoulli,0.25,19,361,4,10,dmchba_h8_bernoulli_025,scenarios/known_visit_10target_300.csv,6,1,17,2.237688787762369,2.237688787762369,03,03,1,0,True,known_visit_horizon,10,4,8,known_visit_horizon,commitment_horizon,8,h8
186,known_visit,DMCHBA,bernoulli,0.25,19,361,4,10,dmchba_h8_bernoulli_025,scenarios/known_visit_10target_300.csv,7,12,13,28.846714628353585,28.846714628353585,02,02,1,0,True,known_visit_horizon,10,4,8,known_visit_horizon,commitment_horizon,8,h8
186,known_visit,DMCHBA,bernoulli,0.25,19,361,4,10,dmchba_h8_bernoulli_025,scenarios/known_visit_10target_300.csv,8,0,9,22.89306620532152,22.89306620532152,01,01,1,0,True,known_visit_horizon,10,4,8,known_visit_horizon,commitment_horizon,8,h8
186,known_visit,DMCHBA,bernoulli,0.25,19,361,4,10,dmchba_h8_bernoulli_025,scenarios/known_visit_10target_300.csv,9,9,14,21.4175698908607,21.4175698908607,03,03,1,0,True,known_visit_horizon,10,4,8,known_visit_horizon,commitment_horizon,8,h8
186,known_visit,DMCHBA,bernoulli,0.25,19,361,4,10,dmchba_h8_bernoulli_025,scenarios/known_visit_10target_300.csv,10,17,18,42.2226745318768,42.2226745318768,03,03,1,0,True,known_visit_horizon,10,4,8,known_visit_horizon,commitment_horizon,8,h8
187,known_visit,DMCHBA,bernoulli,0.25,19,361,4,10,dmchba_h8_bernoulli_025,scenarios/known_visit_10target_300.csv,1,18,3,34.544661363493375,34.544661363493375,00,00,1,0,True,known_visit_horizon,10,4,8,known_visit_horizon,commitment_horizon,8,h8
187,known_visit,DMCHBA,bernoulli,0.25,19,361,4,10,dmchba_h8_bernoulli_025,scenarios/known_visit_10target_300.csv,2,4,10,17.042935679060033,17.042935679060033,02,02,1,0,True,known_visit_horizon,10,4,8,known_visit_horizon,commitment_horizon,8,h8
187,known_visit,DMCHBA,bernoulli,0.25,19,361,4,10,dmchba_h8_bernoulli_025,scenarios/known_visit_10target_300.csv,3,2,15,7.68132563865269,7.68132563865269,03,03,1,0,True,known_visit_horizon,10,4,8,known_visit_horizon,commitment_horizon,8,h8
187,known_visit,DMCHBA,bernoulli,0.25,19,361,4,10,dmchba_h8_bernoulli_025,scenarios/known_visit_10target_300.csv,4,6,8,12.325411729679876,12.325411729679876,01,01,1,0,True,known_visit_horizon,10,4,8,known_visit_horizon,commitment_horizon,8,h8
187,known_visit,DMCHBA,bernoulli,0.25,19,361,4,10,dmchba_h8_bernoulli_025,scenarios/known_visit_10target_300.csv,5,8,6,23.19583891551977,23.19583891551977,01,01,1,0,True,known_visit_horizon,10,4,8,known_visit_horizon,commitment_horizon,8,h8
187,known_visit,DMCHBA,bernoulli,0.25,19,361,4,10,dmchba_h8_bernoulli_025,scenarios/known_visit_10target_300.csv,6,5,10,18.960829291260346,18.960829291260346,02,02,1,0,True,known_visit_horizon,10,4,8,known_visit_horizon,commitment_horizon,8,h8
187,known_visit,DMCHBA,bernoulli,0.25,19,361,4,10,dmchba_h8_bernoulli_025,scenarios/known_visit_10target_300.csv,7,8,9,17.675585642358378,17.675585642358378,01,01,1,0,True,known_visit_horizon,10,4,8,known_visit_horizon,commitment_horizon,8,h8
187,known_visit,DMCHBA,bernoulli,0.25,19,361,4,10,dmchba_h8_bernoulli_025,scenarios/known_visit_10target_300.csv,8,11,10,29.18429332329142,29.18429332329142,02,02,1,0,True,known_visit_horizon,10,4,8,known_visit_horizon,commitment_horizon,8,h8
187,known_visit,DMCHBA,bernoulli,0.25,19,361,4,10,dmchba_h8_bernoulli_025,scenarios/known_visit_10target_300.csv,9,16,12,37.2675251078884,37.2675251078884,03,03,1,0,True,known_visit_horizon,10,4,8,known_visit_horizon,commitment_horizon,8,h8
187,known_visit,DMCHBA,bernoulli,0.25,19,361,4,10,dmchba_h8_bernoulli_025,scenarios/known_visit_10target_300.csv,10,17,13,41.080162694878254,41.080162694878254,03,03,1,0,True,known_visit_horizon,10,4,8,known_visit_horizon,commitment_horizon,8,h8
188,known_visit,DMCHBA,bernoulli,0.25,19,361,4,10,dmchba_h8_bernoulli_025,scenarios/known_visit_10target_300.csv,1,6,8,19.750299538435307,19.750299538435307,01,01,1,0,True,known_visit_horizon,10,4,8,known_visit_horizon,commitment_horizon,8,h8
188,known_visit,DMCHBA,bernoulli,0.25,19,361,4,10,dmchba_h8_bernoulli_025,scenarios/known_visit_10target_300.csv,2,2,11,4.184788740910496,4.184788740910496,02,02,2,1,True,known_visit_horizon,10,4,8,known_visit_horizon,commitment_horizon,8,h8
188,known_visit,DMCHBA,bernoulli,0.25,19,361,4,10,dmchba_h8_bernoulli_025,scenarios/known_visit_10target_300.csv,3,1,11,2.157179234210936,2.157179234210936,02,02,2,1,True,known_visit_horizon,10,4,8,known_visit_horizon,commitment_horizon,8,h8
188,known_visit,DMCHBA,bernoulli,0.25,19,361,4,10,dmchba_h8_bernoulli_025,scenarios/known_visit_10target_300.csv,4,13,2,24.46404669992473,24.46404669992473,00,00,1,0,True,known_visit_horizon,10,4,8,known_visit_horizon,commitment_horizon,8,h8
188,known_visit,DMCHBA,bernoulli,0.25,19,361,4,10,dmchba_h8_bernoulli_025,scenarios/known_visit_10target_300.csv,5,11,18,24.900035065554878,24.900035065554878,03,03,1,0,True,known_visit_horizon,10,4,8,known_visit_horizon,commitment_horizon,8,h8
188,known_visit,DMCHBA,bernoulli,0.25,19,361,4,10,dmchba_h8_bernoulli_025,scenarios/known_visit_10target_300.csv,6,3,4,7.95861639258157,7.95861639258157,01,01,1,0,True,known_visit_horizon,10,4,8,known_visit_horizon,commitment_horizon,8,h8
188,known_visit,DMCHBA,bernoulli,0.25,19,361,4,10,dmchba_h8_bernoulli_025,scenarios/known_visit_10target_300.csv,7,0,4,2.3145575933731437,2.3145575933731437,01,01,1,0,True,known_visit_horizon,10,4,8,known_visit_horizon,commitment_horizon,8,h8
188,known_visit,DMCHBA,bernoulli,0.25,19,361,4,10,dmchba_h8_bernoulli_025,scenarios/known_visit_10target_300.csv,8,3,0,3.628748439348047,3.628748439348047,00,00,1,0,True,known_visit_horizon,10,4,8,known_visit_horizon,commitment_horizon,8,h8
188,known_visit,DMCHBA,bernoulli,0.25,19,361,4,10,dmchba_h8_bernoulli_025,scenarios/known_visit_10target_300.csv,9,16,15,35.201169195291236,35.201169195291236,02,02,1,0,True,known_visit_horizon,10,4,8,known_visit_horizon,commitment_horizon,8,h8
188,known_visit,DMCHBA,bernoulli,0.25,19,361,4,10,dmchba_h8_bernoulli_025,scenarios/known_visit_10target_300.csv,10,3,16,7.318213294327571,7.318213294327571,03,03,1,0,True,known_visit_horizon,10,4,8,known_visit_horizon,commitment_horizon,8,h8
189,known_visit,DMCHBA,bernoulli,0.25,19,361,4,10,dmchba_h8_bernoulli_025,scenarios/known_visit_10target_300.csv,1,4,17,7.33691716518961,7.33691716518961,03,03,1,0,True,known_visit_horizon,10,4,8,known_visit_horizon,commitment_horizon,8,h8
189,known_visit,DMCHBA,bernoulli,0.25,19,361,4,10,dmchba_h8_bernoulli_025,scenarios/known_visit_10target_300.csv,2,1,14,4.032084253952695,4.032084253952695,02,02,2,1,True,known_visit_horizon,10,4,8,known_visit_horizon,commitment_horizon,8,h8
189,known_visit,DMCHBA,bernoulli,0.25,19,361,4,10,dmchba_h8_bernoulli_025,scenarios/known_visit_10target_300.csv,3,17,2,42.219922970852956,42.219922970852956,00,00,1,0,True,known_visit_horizon,10,4,8,known_visit_horizon,commitment_horizon,8,h8
189,known_visit,DMCHBA,bernoulli,0.25,19,361,4,10,dmchba_h8_bernoulli_025,scenarios/known_visit_10target_300.csv,4,18,18,33.78798561531507,33.78798561531507,03,03,1,0,True,known_visit_horizon,10,4,8,known_visit_horizon,commitment_horizon,8,h8
189,known_visit,DMCHBA,bernoulli,0.25,19,361,4,10,dmchba_h8_bernoulli_025,scenarios/known_visit_10target_300.csv,5,11,17,19.991833992081066,19.991833992081066,03,03,1,0,True,known_visit_horizon,10,4,8,known_visit_horizon,commitment_horizon,8,h8
189,known_visit,DMCHBA,bernoulli,0.25,19,361,4,10,dmchba_h8_bernoulli_025,scenarios/known_visit_10target_300.csv,6,10,5,24.594258046492953,24.594258046492953,00,00,1,0,True,known_visit_horizon,10,4,8,known_visit_horizon,commitment_horizon,8,h8
189,known_visit,DMCHBA,bernoulli,0.25,19,361,4,10,dmchba_h8_bernoulli_025,scenarios/known_visit_10target_300.csv,7,4,16,12.527334462271524,12.527334462271524,02,02,1,0,True,known_visit_horizon,10,4,8,known_visit_horizon,commitment_horizon,8,h8
189,known_visit,DMCHBA,bernoulli,0.25,19,361,4,10,dmchba_h8_bernoulli_025,scenarios/known_visit_10target_300.csv,8,9,17,16.48162784077643,16.48162784077643,03,03,2,1,True,known_visit_horizon,10,4,8,known_visit_horizon,commitment_horizon,8,h8
189,known_visit,DMCHBA,bernoulli,0.25,19,361,4,10,dmchba_h8_bernoulli_025,scenarios/known_visit_10target_300.csv,9,7,16,17.65937206998804,17.65937206998804,02,02,2,1,True,known_visit_horizon,10,4,8,known_visit_horizon,commitment_horizon,8,h8
189,known_visit,DMCHBA,bernoulli,0.25,19,361,4,10,dmchba_h8_bernoulli_025,scenarios/known_visit_10target_300.csv,10,18,13,41.76454096286318,41.76454096286318,02,02,1,0,True,known_visit_horizon,10,4,8,known_visit_horizon,commitment_horizon,8,h8
190,known_visit,DMCHBA,bernoulli,0.25,19,361,4,10,dmchba_h8_bernoulli_025,scenarios/known_visit_10target_300.csv,1,0,3,3.9053561809525896,3.9053561809525896,01,01,1,0,True,known_visit_horizon,10,4,8,known_visit_horizon,commitment_horizon,8,h8
190,known_visit,DMCHBA,bernoulli,0.25,19,361,4,10,dmchba_h8_bernoulli_025,scenarios/known_visit_10target_300.csv,2,5,7,16.211022258174772,16.211022258174772,02,02,1,0,True,known_visit_horizon,10,4,8,known_visit_horizon,commitment_horizon,8,h8
190,known_visit,DMCHBA,bernoulli,0.25,19,361,4,10,dmchba_h8_bernoulli_025,scenarios/known_visit_10target_300.csv,3,14,18,22.602866749243788,22.602866749243788,03,03,1,0,True,known_visit_horizon,10,4,8,known_visit_horizon,commitment_horizon,8,h8
190,known_visit,DMCHBA,bernoulli,0.25,19,361,4,10,dmchba_h8_bernoulli_025,scenarios/known_visit_10target_300.csv,4,13,16,28.3813917228714,28.3813917228714,03,03,1,0,True,known_visit_horizon,10,4,8,known_visit_horizon,commitment_horizon,8,h8
190,known_visit,DMCHBA,bernoulli,0.25,19,361,4,10,dmchba_h8_bernoulli_025,scenarios/known_visit_10target_300.csv,5,11,4,24.920107263768507,24.920107263768507,01,01,1,0,True,known_visit_horizon,10,4,8,known_visit_horizon,commitment_horizon,8,h8
190,known_visit,DMCHBA,bernoulli,0.25,19,361,4,10,dmchba_h8_bernoulli_025,scenarios/known_visit_10target_300.csv,6,4,10,8.922004721491863,8.922004721491863,02,02,1,0,True,known_visit_horizon,10,4,8,known_visit_horizon,commitment_horizon,8,h8
190,known_visit,DMCHBA,bernoulli,0.25,19,361,4,10,dmchba_h8_bernoulli_025,scenarios/known_visit_10target_300.csv,7,6,2,20.61640599174198,20.61640599174198,00,00,1,0,True,known_visit_horizon,10,4,8,known_visit_horizon,commitment_horizon,8,h8
190,known_visit,DMCHBA,bernoulli,0.25,19,361,4,10,dmchba_h8_bernoulli_025,scenarios/known_visit_10target_300.csv,8,0,1,0.5109810591549863,0.5109810591549863,00,00,1,0,True,known_visit_horizon,10,4,8,known_visit_horizon,commitment_horizon,8,h8
190,known_visit,DMCHBA,bernoulli,0.25,19,361,4,10,dmchba_h8_bernoulli_025,scenarios/known_visit_10target_300.csv,9,6,0,13.066944902457118,13.066944902457118,00,00,1,0,True,known_visit_horizon,10,4,8,known_visit_horizon,commitment_horizon,8,h8
190,known_visit,DMCHBA,bernoulli,0.25,19,361,4,10,dmchba_h8_bernoulli_025,scenarios/known_visit_10target_300.csv,10,3,3,9.309060699582083,9.309060699582083,01,01,2,1,True,known_visit_horizon,10,4,8,known_visit_horizon,commitment_horizon,8,h8
191,known_visit,DMCHBA,bernoulli,0.25,19,361,4,10,dmchba_h8_bernoulli_025,scenarios/known_visit_10target_300.csv,1,16,9,31.445401336942503,31.445401336942503,01,01,1,0,True,known_visit_horizon,10,4,8,known_visit_horizon,commitment_horizon,8,h8
191,known_visit,DMCHBA,bernoulli,0.25,19,361,4,10,dmchba_h8_bernoulli_025,scenarios/known_visit_10target_300.csv,2,2,13,11.378405244784828,11.378405244784828,02,02,1,0,True,known_visit_horizon,10,4,8,known_visit_horizon,commitment_horizon,8,h8
191,known_visit,DMCHBA,bernoulli,0.25,19,361,4,10,dmchba_h8_bernoulli_025,scenarios/known_visit_10target_300.csv,3,12,8,22.709387584777478,22.709387584777478,01,01,1,0,True,known_visit_horizon,10,4,8,known_visit_horizon,commitment_horizon,8,h8
191,known_visit,DMCHBA,bernoulli,0.25,19,361,4,10,dmchba_h8_bernoulli_025,scenarios/known_visit_10target_300.csv,4,18,2,32.8831526625999,32.8831526625999,00,00,1,0,True,known_visit_horizon,10,4,8,known_visit_horizon,commitment_horizon,8,h8
191,known_visit,DMCHBA,bernoulli,0.25,19,361,4,10,dmchba_h8_bernoulli_025,scenarios/known_visit_10target_300.csv,5,8,18,12.119750606307258,12.119750606307258,03,03,1,0,True,known_visit_horizon,10,4,8,known_visit_horizon,commitment_horizon,8,h8
191,known_visit,DMCHBA,bernoulli,0.25,19,361,4,10,dmchba_h8_bernoulli_025,scenarios/known_visit_10target_300.csv,6,6,12,20.40974281183227,20.40974281183227,02,02,1,0,True,known_visit_horizon,10,4,8,known_visit_horizon,commitment_horizon,8,h8
191,known_visit,DMCHBA,bernoulli,0.25,19,361,4,10,dmchba_h8_bernoulli_025,scenarios/known_visit_10target_300.csv,7,0,10,2.2143537853951956,2.2143537853951956,02,02,1,0,True,known_visit_horizon,10,4,8,known_visit_horizon,commitment_horizon,8,h8
191,known_visit,DMCHBA,bernoulli,0.25,19,361,4,10,dmchba_h8_bernoulli_025,scenarios/known_visit_10target_300.csv,8,17,15,36.53336761183094,36.53336761183094,03,03,1,0,True,known_visit_horizon,10,4,8,known_visit_horizon,commitment_horizon,8,h8
191,known_visit,DMCHBA,bernoulli,0.25,19,361,4,10,dmchba_h8_bernoulli_025,scenarios/known_visit_10target_300.csv,9,18,18,29.156382671902758,29.156382671902758,03,03,1,0,True,known_visit_horizon,10,4,8,known_visit_horizon,commitment_horizon,8,h8
191,known_visit,DMCHBA,bernoulli,0.25,19,361,4,10,dmchba_h8_bernoulli_025,scenarios/known_visit_10target_300.csv,10,17,6,39.14946403325623,39.14946403325623,01,01,1,0,True,known_visit_horizon,10,4,8,known_visit_horizon,commitment_horizon,8,h8
192,known_visit,DMCHBA,bernoulli,0.25,19,361,4,10,dmchba_h8_bernoulli_025,scenarios/known_visit_10target_300.csv,1,3,18,11.328656019129294,11.328656019129294,03,03,1,0,True,known_visit_horizon,10,4,8,known_visit_horizon,commitment_horizon,8,h8
192,known_visit,DMCHBA,bernoulli,0.25,19,361,4,10,dmchba_h8_bernoulli_025,scenarios/known_visit_10target_300.csv,2,5,13,16.33278036910685,16.33278036910685,02,02,1,0,True,known_visit_horizon,10,4,8,known_visit_horizon,commitment_horizon,8,h8
192,known_visit,DMCHBA,bernoulli,0.25,19,361,4,10,dmchba_h8_bernoulli_025,scenarios/known_visit_10target_300.csv,3,5,6,6.9645628398673285,6.9645628398673285,01,01,1,0,True,known_visit_horizon,10,4,8,known_visit_horizon,commitment_horizon,8,h8
192,known_visit,DMCHBA,bernoulli,0.25,19,361,4,10,dmchba_h8_bernoulli_025,scenarios/known_visit_10target_300.csv,4,6,4,12.296666216179199,12.296666216179199,01,01,1,0,True,known_visit_horizon,10,4,8,known_visit_horizon,commitment_horizon,8,h8
192,known_visit,DMCHBA,bernoulli,0.25,19,361,4,10,dmchba_h8_bernoulli_025,scenarios/known_visit_10target_300.csv,5,5,15,12.682563415126651,12.682563415126651,02,02,1,0,True,known_visit_horizon,10,4,8,known_visit_horizon,commitment_horizon,8,h8
192,known_visit,DMCHBA,bernoulli,0.25,19,361,4,10,dmchba_h8_bernoulli_025,scenarios/known_visit_10target_300.csv,6,0,15,3.6889222845021865,3.6889222845021865,02,02,1,0,True,known_visit_horizon,10,4,8,known_visit_horizon,commitment_horizon,8,h8
192,known_visit,DMCHBA,bernoulli,0.25,19,361,4,10,dmchba_h8_bernoulli_025,scenarios/known_visit_10target_300.csv,7,2,2,5.74383338416156,5.74383338416156,00,00,1,0,True,known_visit_horizon,10,4,8,known_visit_horizon,commitment_horizon,8,h8
192,known_visit,DMCHBA,bernoulli,0.25,19,361,4,10,dmchba_h8_bernoulli_025,scenarios/known_visit_10target_300.csv,8,16,13,35.39723356911569,35.39723356911569,02,02,1,0,True,known_visit_horizon,10,4,8,known_visit_horizon,commitment_horizon,8,h8
192,known_visit,DMCHBA,bernoulli,0.25,19,361,4,10,dmchba_h8_bernoulli_025,scenarios/known_visit_10target_300.csv,9,11,4,20.997277573960414,20.997277573960414,01,01,1,0,True,known_visit_horizon,10,4,8,known_visit_horizon,commitment_horizon,8,h8
192,known_visit,DMCHBA,bernoulli,0.25,19,361,4,10,dmchba_h8_bernoulli_025,scenarios/known_visit_10target_300.csv,10,14,0,29.8456175848835,29.8456175848835,00,00,1,0,True,known_visit_horizon,10,4,8,known_visit_horizon,commitment_horizon,8,h8
193,known_visit,DMCHBA,bernoulli,0.25,19,361,4,10,dmchba_h8_bernoulli_025,scenarios/known_visit_10target_300.csv,1,9,17,15.877170716238119,15.877170716238119,03,03,2,1,True,known_visit_horizon,10,4,8,known_visit_horizon,commitment_horizon,8,h8
193,known_visit,DMCHBA,bernoulli,0.25,19,361,4,10,dmchba_h8_bernoulli_025,scenarios/known_visit_10target_300.csv,2,10,4,22.629414403054856,22.629414403054856,00,00,1,0,True,known_visit_horizon,10,4,8,known_visit_horizon,commitment_horizon,8,h8
193,known_visit,DMCHBA,bernoulli,0.25,19,361,4,10,dmchba_h8_bernoulli_025,scenarios/known_visit_10target_300.csv,3,1,14,11.387958898571453,11.387958898571453,02,02,1,0,True,known_visit_horizon,10,4,8,known_visit_horizon,commitment_horizon,8,h8
193,known_visit,DMCHBA,bernoulli,0.25,19,361,4,10,dmchba_h8_bernoulli_025,scenarios/known_visit_10target_300.csv,4,2,11,4.18632065976809,4.18632065976809,02,02,1,0,True,known_visit_horizon,10,4,8,known_visit_horizon,commitment_horizon,8,h8
193,known_visit,DMCHBA,bernoulli,0.25,19,361,4,10,dmchba_h8_bernoulli_025,scenarios/known_visit_10target_300.csv,5,10,16,34.56103342436382,34.56103342436382,02,02,1,0,True,known_visit_horizon,10,4,8,known_visit_horizon,commitment_horizon,8,h8
193,known_visit,DMCHBA,bernoulli,0.25,19,361,4,10,dmchba_h8_bernoulli_025,scenarios/known_visit_10target_300.csv,6,18,17,35.527787783462635,35.527787783462635,03,03,1,0,True,known_visit_horizon,10,4,8,known_visit_horizon,commitment_horizon,8,h8
193,known_visit,DMCHBA,bernoulli,0.25,19,361,4,10,dmchba_h8_bernoulli_025,scenarios/known_visit_10target_300.csv,7,12,5,28.04978073298495,28.04978073298495,00,00,1,0,True,known_visit_horizon,10,4,8,known_visit_horizon,commitment_horizon,8,h8
193,known_visit,DMCHBA,bernoulli,0.25,19,361,4,10,dmchba_h8_bernoulli_025,scenarios/known_visit_10target_300.csv,8,17,11,43.4010981126277,43.4010981126277,01,01,1,0,True,known_visit_horizon,10,4,8,known_visit_horizon,commitment_horizon,8,h8
193,known_visit,DMCHBA,bernoulli,0.25,19,361,4,10,dmchba_h8_bernoulli_025,scenarios/known_visit_10target_300.csv,9,12,18,23.123356879525392,23.123356879525392,03,03,1,0,True,known_visit_horizon,10,4,8,known_visit_horizon,commitment_horizon,8,h8
193,known_visit,DMCHBA,bernoulli,0.25,19,361,4,10,dmchba_h8_bernoulli_025,scenarios/known_visit_10target_300.csv,10,0,11,0.42896743569730666,0.42896743569730666,02,02,2,1,True,known_visit_horizon,10,4,8,known_visit_horizon,commitment_horizon,8,h8
194,known_visit,DMCHBA,bernoulli,0.25,19,361,4,10,dmchba_h8_bernoulli_025,scenarios/known_visit_10target_300.csv,1,4,7,7.10523309861071,7.10523309861071,01,01,2,1,True,known_visit_horizon,10,4,8,known_visit_horizon,commitment_horizon,8,h8
194,known_visit,DMCHBA,bernoulli,0.25,19,361,4,10,dmchba_h8_bernoulli_025,scenarios/known_visit_10target_300.csv,2,11,0,21.395053058834037,21.395053058834037,00,00,1,0,True,known_visit_horizon,10,4,8,known_visit_horizon,commitment_horizon,8,h8
194,known_visit,DMCHBA,bernoulli,0.25,19,361,4,10,dmchba_h8_bernoulli_025,scenarios/known_visit_10target_300.csv,3,18,15,34.61238365335953,34.61238365335953,03,03,1,0,True,known_visit_horizon,10,4,8,known_visit_horizon,commitment_horizon,8,h8
194,known_visit,DMCHBA,bernoulli,0.25,19,361,4,10,dmchba_h8_bernoulli_025,scenarios/known_visit_10target_300.csv,4,12,3,28.181428111113497,28.181428111113497,01,01,1,0,True,known_visit_horizon,10,4,8,known_visit_horizon,commitment_horizon,8,h8
194,known_visit,DMCHBA,bernoulli,0.25,19,361,4,10,dmchba_h8_bernoulli_025,scenarios/known_visit_10target_300.csv,5,10,10,29.44370860382239,29.44370860382239,02,02,1,0,True,known_visit_horizon,10,4,8,known_visit_horizon,commitment_horizon,8,h8
194,known_visit,DMCHBA,bernoulli,0.25,19,361,4,10,dmchba_h8_bernoulli_025,scenarios/known_visit_10target_300.csv,6,12,4,26.501700977962074,26.501700977962074,01,01,1,0,True,known_visit_horizon,10,4,8,known_visit_horizon,commitment_horizon,8,h8
194,known_visit,DMCHBA,bernoulli,0.25,19,361,4,10,dmchba_h8_bernoulli_025,scenarios/known_visit_10target_300.csv,7,18,11,41.68022499337677,41.68022499337677,03,03,1,0,True,known_visit_horizon,10,4,8,known_visit_horizon,commitment_horizon,8,h8
194,known_visit,DMCHBA,bernoulli,0.25,19,361,4,10,dmchba_h8_bernoulli_025,scenarios/known_visit_10target_300.csv,8,7,15,15.703069653483533,15.703069653483533,03,03,1,0,True,known_visit_horizon,10,4,8,known_visit_horizon,commitment_horizon,8,h8
194,known_visit,DMCHBA,bernoulli,0.25,19,361,4,10,dmchba_h8_bernoulli_025,scenarios/known_visit_10target_300.csv,9,9,1,15.693013751092135,15.693013751092135,00,00,1,0,True,known_visit_horizon,10,4,8,known_visit_horizon,commitment_horizon,8,h8
194,known_visit,DMCHBA,bernoulli,0.25,19,361,4,10,dmchba_h8_bernoulli_025,scenarios/known_visit_10target_300.csv,10,4,10,8.79609816018172,8.79609816018172,02,02,1,0,True,known_visit_horizon,10,4,8,known_visit_horizon,commitment_horizon,8,h8
195,known_visit,DMCHBA,bernoulli,0.25,19,361,4,10,dmchba_h8_bernoulli_025,scenarios/known_visit_10target_300.csv,1,7,2,14.589333659410416,14.589333659410416,00,00,1,0,True,known_visit_horizon,10,4,8,known_visit_horizon,commitment_horizon,8,h8
195,known_visit,DMCHBA,bernoulli,0.25,19,361,4,10,dmchba_h8_bernoulli_025,scenarios/known_visit_10target_300.csv,2,9,17,19.761013846899257,19.761013846899257,03,03,1,0,True,known_visit_horizon,10,4,8,known_visit_horizon,commitment_horizon,8,h8
195,known_visit,DMCHBA,bernoulli,0.25,19,361,4,10,dmchba_h8_bernoulli_025,scenarios/known_visit_10target_300.csv,3,0,16,2.1644787054990267,2.1644787054990267,03,03,1,0,True,known_visit_horizon,10,4,8,known_visit_horizon,commitment_horizon,8,h8
195,known_visit,DMCHBA,bernoulli,0.25,19,361,4,10,dmchba_h8_bernoulli_025,scenarios/known_visit_10target_300.csv,4,0,11,0.5443399653414345,0.5443399653414345,02,02,1,0,True,known_visit_horizon,10,4,8,known_visit_horizon,commitment_horizon,8,h8
195,known_visit,DMCHBA,bernoulli,0.25,19,361,4,10,dmchba_h8_bernoulli_025,scenarios/known_visit_10target_300.csv,5,2,9,7.51513817399561,7.51513817399561,01,01,1,0,True,known_visit_horizon,10,4,8,known_visit_horizon,commitment_horizon,8,h8
195,known_visit,DMCHBA,bernoulli,0.25,19,361,4,10,dmchba_h8_bernoulli_025,scenarios/known_visit_10target_300.csv,6,7,6,21.143949591133623,21.143949591133623,01,01,1,0,True,known_visit_horizon,10,4,8,known_visit_horizon,commitment_horizon,8,h8
195,known_visit,DMCHBA,bernoulli,0.25,19,361,4,10,dmchba_h8_bernoulli_025,scenarios/known_visit_10target_300.csv,7,15,13,34.44364478134375,34.44364478134375,02,02,1,0,True,known_visit_horizon,10,4,8,known_visit_horizon,commitment_horizon,8,h8
195,known_visit,DMCHBA,bernoulli,0.25,19,361,4,10,dmchba_h8_bernoulli_025,scenarios/known_visit_10target_300.csv,8,8,12,20.288397845487427,20.288397845487427,02,02,1,0,True,known_visit_horizon,10,4,8,known_visit_horizon,commitment_horizon,8,h8
195,known_visit,DMCHBA,bernoulli,0.25,19,361,4,10,dmchba_h8_bernoulli_025,scenarios/known_visit_10target_300.csv,9,2,1,3.9922338164000855,3.9922338164000855,00,00,1,0,True,known_visit_horizon,10,4,8,known_visit_horizon,commitment_horizon,8,h8
195,known_visit,DMCHBA,bernoulli,0.25,19,361,4,10,dmchba_h8_bernoulli_025,scenarios/known_visit_10target_300.csv,10,1,13,6.202424022069527,6.202424022069527,02,02,1,0,True,known_visit_horizon,10,4,8,known_visit_horizon,commitment_horizon,8,h8
196,known_visit,DMCHBA,bernoulli,0.25,19,361,4,10,dmchba_h8_bernoulli_025,scenarios/known_visit_10target_300.csv,1,16,16,37.92729932427013,37.92729932427013,02,02,1,0,True,known_visit_horizon,10,4,8,known_visit_horizon,commitment_horizon,8,h8
196,known_visit,DMCHBA,bernoulli,0.25,19,361,4,10,dmchba_h8_bernoulli_025,scenarios/known_visit_10target_300.csv,2,15,2,27.763564674685604,27.763564674685604,00,00,1,0,True,known_visit_horizon,10,4,8,known_visit_horizon,commitment_horizon,8,h8
196,known_visit,DMCHBA,bernoulli,0.25,19,361,4,10,dmchba_h8_bernoulli_025,scenarios/known_visit_10target_300.csv,3,6,7,11.135183641540763,11.135183641540763,01,01,1,0,True,known_visit_horizon,10,4,8,known_visit_horizon,commitment_horizon,8,h8
196,known_visit,DMCHBA,bernoulli,0.25,19,361,4,10,dmchba_h8_bernoulli_025,scenarios/known_visit_10target_300.csv,4,15,13,30.899478227338868,30.899478227338868,02,02,2,1,True,known_visit_horizon,10,4,8,known_visit_horizon,commitment_horizon,8,h8
196,known_visit,DMCHBA,bernoulli,0.25,19,361,4,10,dmchba_h8_bernoulli_025,scenarios/known_visit_10target_300.csv,5,7,13,16.680835181446692,16.680835181446692,02,02,1,0,True,known_visit_horizon,10,4,8,known_visit_horizon,commitment_horizon,8,h8
196,known_visit,DMCHBA,bernoulli,0.25,19,361,4,10,dmchba_h8_bernoulli_025,scenarios/known_visit_10target_300.csv,6,0,15,3.7410546293545806,3.7410546293545806,03,03,1,0,True,known_visit_horizon,10,4,8,known_visit_horizon,commitment_horizon,8,h8
196,known_visit,DMCHBA,bernoulli,0.25,19,361,4,10,dmchba_h8_bernoulli_025,scenarios/known_visit_10target_300.csv,7,10,17,31.55671600086722,31.55671600086722,03,03,1,0,True,known_visit_horizon,10,4,8,known_visit_horizon,commitment_horizon,8,h8
196,known_visit,DMCHBA,bernoulli,0.25,19,361,4,10,dmchba_h8_bernoulli_025,scenarios/known_visit_10target_300.csv,8,13,10,28.47631463586923,28.47631463586923,01,01,1,0,True,known_visit_horizon,10,4,8,known_visit_horizon,commitment_horizon,8,h8
196,known_visit,DMCHBA,bernoulli,0.25,19,361,4,10,dmchba_h8_bernoulli_025,scenarios/known_visit_10target_300.csv,9,17,12,43.430631943461435,43.430631943461435,01,01,1,0,True,known_visit_horizon,10,4,8,known_visit_horizon,commitment_horizon,8,h8
196,known_visit,DMCHBA,bernoulli,0.25,19,361,4,10,dmchba_h8_bernoulli_025,scenarios/known_visit_10target_300.csv,10,4,7,7.415538904568871,7.415538904568871,01,01,1,0,True,known_visit_horizon,10,4,8,known_visit_horizon,commitment_horizon,8,h8
197,known_visit,DMCHBA,bernoulli,0.25,19,361,4,10,dmchba_h8_bernoulli_025,scenarios/known_visit_10target_300.csv,1,17,4,34.73633252962488,34.73633252962488,00,00,2,1,True,known_visit_horizon,10,4,8,known_visit_horizon,commitment_horizon,8,h8
197,known_visit,DMCHBA,bernoulli,0.25,19,361,4,10,dmchba_h8_bernoulli_025,scenarios/known_visit_10target_300.csv,2,5,6,7.118545665580167,7.118545665580167,01,01,1,0,True,known_visit_horizon,10,4,8,known_visit_horizon,commitment_horizon,8,h8
197,known_visit,DMCHBA,bernoulli,0.25,19,361,4,10,dmchba_h8_bernoulli_025,scenarios/known_visit_10target_300.csv,3,13,14,27.856174764430964,27.856174764430964,03,03,1,0,True,known_visit_horizon,10,4,8,known_visit_horizon,commitment_horizon,8,h8
197,known_visit,DMCHBA,bernoulli,0.25,19,361,4,10,dmchba_h8_bernoulli_025,scenarios/known_visit_10target_300.csv,4,17,9,43.40938307044126,43.40938307044126,00,00,1,0,True,known_visit_horizon,10,4,8,known_visit_horizon,commitment_horizon,8,h8
197,known_visit,DMCHBA,bernoulli,0.25,19,361,4,10,dmchba_h8_bernoulli_025,scenarios/known_visit_10target_300.csv,5,6,4,23.613998604448348,23.613998604448348,01,01,1,0,True,known_visit_horizon,10,4,8,known_visit_horizon,commitment_horizon,8,h8
197,known_visit,DMCHBA,bernoulli,0.25,19,361,4,10,dmchba_h8_bernoulli_025,scenarios/known_visit_10target_300.csv,6,4,8,12.603804424313916,12.603804424313916,01,01,1,0,True,known_visit_horizon,10,4,8,known_visit_horizon,commitment_horizon,8,h8
197,known_visit,DMCHBA,bernoulli,0.25,19,361,4,10,dmchba_h8_bernoulli_025,scenarios/known_visit_10target_300.csv,7,10,16,19.105511310573583,19.105511310573583,03,03,1,0,True,known_visit_horizon,10,4,8,known_visit_horizon,commitment_horizon,8,h8
197,known_visit,DMCHBA,bernoulli,0.25,19,361,4,10,dmchba_h8_bernoulli_025,scenarios/known_visit_10target_300.csv,8,17,3,33.01000389575388,33.01000389575388,00,00,1,0,True,known_visit_horizon,10,4,8,known_visit_horizon,commitment_horizon,8,h8
197,known_visit,DMCHBA,bernoulli,0.25,19,361,4,10,dmchba_h8_bernoulli_025,scenarios/known_visit_10target_300.csv,9,8,12,23.37220004979169,23.37220004979169,02,02,1,0,True,known_visit_horizon,10,4,8,known_visit_horizon,commitment_horizon,8,h8
197,known_visit,DMCHBA,bernoulli,0.25,19,361,4,10,dmchba_h8_bernoulli_025,scenarios/known_visit_10target_300.csv,10,17,1,29.56468376854306,29.56468376854306,00,00,1,0,True,known_visit_horizon,10,4,8,known_visit_horizon,commitment_horizon,8,h8
198,known_visit,DMCHBA,bernoulli,0.25,19,361,4,10,dmchba_h8_bernoulli_025,scenarios/known_visit_10target_300.csv,1,17,1,33.22733200750604,33.22733200750604,00,00,1,0,True,known_visit_horizon,10,4,8,known_visit_horizon,commitment_horizon,8,h8
198,known_visit,DMCHBA,bernoulli,0.25,19,361,4,10,dmchba_h8_bernoulli_025,scenarios/known_visit_10target_300.csv,2,0,13,0.4311596614203027,0.4311596614203027,02,02,1,0,True,known_visit_horizon,10,4,8,known_visit_horizon,commitment_horizon,8,h8
198,known_visit,DMCHBA,bernoulli,0.25,19,361,4,10,dmchba_h8_bernoulli_025,scenarios/known_visit_10target_300.csv,3,13,10,30.80561748134869,30.80561748134869,02,02,1,0,True,known_visit_horizon,10,4,8,known_visit_horizon,commitment_horizon,8,h8
198,known_visit,DMCHBA,bernoulli,0.25,19,361,4,10,dmchba_h8_bernoulli_025,scenarios/known_visit_10target_300.csv,4,7,15,16.215939911569073,16.215939911569073,03,03,1,0,True,known_visit_horizon,10,4,8,known_visit_horizon,commitment_horizon,8,h8
198,known_visit,DMCHBA,bernoulli,0.25,19,361,4,10,dmchba_h8_bernoulli_025,scenarios/known_visit_10target_300.csv,5,2,11,7.632711201416362,7.632711201416362,02,02,1,0,True,known_visit_horizon,10,4,8,known_visit_horizon,commitment_horizon,8,h8
198,known_visit,DMCHBA,bernoulli,0.25,19,361,4,10,dmchba_h8_bernoulli_025,scenarios/known_visit_10target_300.csv,6,2,15,7.4252435175964395,7.4252435175964395,03,03,1,0,True,known_visit_horizon,10,4,8,known_visit_horizon,commitment_horizon,8,h8
198,known_visit,DMCHBA,bernoulli,0.25,19,361,4,10,dmchba_h8_bernoulli_025,scenarios/known_visit_10target_300.csv,7,10,2,19.20851435011298,19.20851435011298,00,00,1,0,True,known_visit_horizon,10,4,8,known_visit_horizon,commitment_horizon,8,h8
198,known_visit,DMCHBA,bernoulli,0.25,19,361,4,10,dmchba_h8_bernoulli_025,scenarios/known_visit_10target_300.csv,8,4,7,7.2426515669239775,7.2426515669239775,01,01,1,0,True,known_visit_horizon,10,4,8,known_visit_horizon,commitment_horizon,8,h8
198,known_visit,DMCHBA,bernoulli,0.25,19,361,4,10,dmchba_h8_bernoulli_025,scenarios/known_visit_10target_300.csv,9,2,13,4.0335077522482035,4.0335077522482035,02,02,1,0,True,known_visit_horizon,10,4,8,known_visit_horizon,commitment_horizon,8,h8
198,known_visit,DMCHBA,bernoulli,0.25,19,361,4,10,dmchba_h8_bernoulli_025,scenarios/known_visit_10target_300.csv,10,5,6,11.312178394706994,11.312178394706994,01,01,1,0,True,known_visit_horizon,10,4,8,known_visit_horizon,commitment_horizon,8,h8
199,known_visit,DMCHBA,bernoulli,0.25,19,361,4,10,dmchba_h8_bernoulli_025,scenarios/known_visit_10target_300.csv,1,0,3,3.922933728804924,3.922933728804924,00,00,1,0,True,known_visit_horizon,10,4,8,known_visit_horizon,commitment_horizon,8,h8
199,known_visit,DMCHBA,bernoulli,0.25,19,361,4,10,dmchba_h8_bernoulli_025,scenarios/known_visit_10target_300.csv,2,1,8,4.125787627990243,4.125787627990243,01,01,1,0,True,known_visit_horizon,10,4,8,known_visit_horizon,commitment_horizon,8,h8
199,known_visit,DMCHBA,bernoulli,0.25,19,361,4,10,dmchba_h8_bernoulli_025,scenarios/known_visit_10target_300.csv,3,16,3,39.22182952499397,39.22182952499397,00,00,1,0,True,known_visit_horizon,10,4,8,known_visit_horizon,commitment_horizon,8,h8
199,known_visit,DMCHBA,bernoulli,0.25,19,361,4,10,dmchba_h8_bernoulli_025,scenarios/known_visit_10target_300.csv,4,15,9,29.23828891929932,29.23828891929932,02,02,1,0,True,known_visit_horizon,10,4,8,known_visit_horizon,commitment_horizon,8,h8
199,known_visit,DMCHBA,bernoulli,0.25,19,361,4,10,dmchba_h8_bernoulli_025,scenarios/known_visit_10target_300.csv,5,11,2,24.6261769151011,24.6261769151011,00,00,1,0,True,known_visit_horizon,10,4,8,known_visit_horizon,commitment_horizon,8,h8
199,known_visit,DMCHBA,bernoulli,0.25,19,361,4,10,dmchba_h8_bernoulli_025,scenarios/known_visit_10target_300.csv,6,14,3,35.416800714012076,35.416800714012076,00,00,1,0,True,known_visit_horizon,10,4,8,known_visit_horizon,commitment_horizon,8,h8
199,known_visit,DMCHBA,bernoulli,0.25,19,361,4,10,dmchba_h8_bernoulli_025,scenarios/known_visit_10target_300.csv,7,17,17,29.525108858068812,29.525108858068812,03,03,1,0,True,known_visit_horizon,10,4,8,known_visit_horizon,commitment_horizon,8,h8
199,known_visit,DMCHBA,bernoulli,0.25,19,361,4,10,dmchba_h8_bernoulli_025,scenarios/known_visit_10target_300.csv,8,11,1,26.34706478882399,26.34706478882399,00,00,1,0,True,known_visit_horizon,10,4,8,known_visit_horizon,commitment_horizon,8,h8
199,known_visit,DMCHBA,bernoulli,0.25,19,361,4,10,dmchba_h8_bernoulli_025,scenarios/known_visit_10target_300.csv,9,2,18,1.7330711574370155,1.7330711574370155,03,03,1,0,True,known_visit_horizon,10,4,8,known_visit_horizon,commitment_horizon,8,h8
199,known_visit,DMCHBA,bernoulli,0.25,19,361,4,10,dmchba_h8_bernoulli_025,scenarios/known_visit_10target_300.csv,10,18,15,34.90145319360254,34.90145319360254,03,03,1,0,True,known_visit_horizon,10,4,8,known_visit_horizon,commitment_horizon,8,h8
200,known_visit,DMCHBA,bernoulli,0.25,19,361,4,10,dmchba_h8_bernoulli_025,scenarios/known_visit_10target_300.csv,1,4,15,10.958407635070502,10.958407635070502,03,03,1,0,True,known_visit_horizon,10,4,8,known_visit_horizon,commitment_horizon,8,h8
200,known_visit,DMCHBA,bernoulli,0.25,19,361,4,10,dmchba_h8_bernoulli_025,scenarios/known_visit_10target_300.csv,2,7,5,12.57977121875018,12.57977121875018,01,01,1,0,True,known_visit_horizon,10,4,8,known_visit_horizon,commitment_horizon,8,h8
200,known_visit,DMCHBA,bernoulli,0.25,19,361,4,10,dmchba_h8_bernoulli_025,scenarios/known_visit_10target_300.csv,3,4,0,5.142327641933226,5.142327641933226,00,00,1,0,True,known_visit_horizon,10,4,8,known_visit_horizon,commitment_horizon,8,h8
200,known_visit,DMCHBA,bernoulli,0.25,19,361,4,10,dmchba_h8_bernoulli_025,scenarios/known_visit_10target_300.csv,4,17,0,27.51753373126631,27.51753373126631,00,00,1,0,True,known_visit_horizon,10,4,8,known_visit_horizon,commitment_horizon,8,h8
200,known_visit,DMCHBA,bernoulli,0.25,19,361,4,10,dmchba_h8_bernoulli_025,scenarios/known_visit_10target_300.csv,5,0,11,0.4779212871723346,0.4779212871723346,02,02,1,0,True,known_visit_horizon,10,4,8,known_visit_horizon,commitment_horizon,8,h8
200,known_visit,DMCHBA,bernoulli,0.25,19,361,4,10,dmchba_h8_bernoulli_025,scenarios/known_visit_10target_300.csv,6,3,15,9.025210056631423,9.025210056631423,03,03,1,0,True,known_visit_horizon,10,4,8,known_visit_horizon,commitment_horizon,8,h8
200,known_visit,DMCHBA,bernoulli,0.25,19,361,4,10,dmchba_h8_bernoulli_025,scenarios/known_visit_10target_300.csv,7,7,16,18.144971365083308,18.144971365083308,03,03,1,0,True,known_visit_horizon,10,4,8,known_visit_horizon,commitment_horizon,8,h8
200,known_visit,DMCHBA,bernoulli,0.25,19,361,4,10,dmchba_h8_bernoulli_025,scenarios/known_visit_10target_300.csv,8,7,13,16.88682499005126,16.88682499005126,02,02,1,0,True,known_visit_horizon,10,4,8,known_visit_horizon,commitment_horizon,8,h8
200,known_visit,DMCHBA,bernoulli,0.25,19,361,4,10,dmchba_h8_bernoulli_025,scenarios/known_visit_10target_300.csv,9,15,18,35.67088243552931,35.67088243552931,03,03,1,0,True,known_visit_horizon,10,4,8,known_visit_horizon,commitment_horizon,8,h8
200,known_visit,DMCHBA,bernoulli,0.25,19,361,4,10,dmchba_h8_bernoulli_025,scenarios/known_visit_10target_300.csv,10,17,2,31.277724597158034,31.277724597158034,00,00,1,0,True,known_visit_horizon,10,4,8,known_visit_horizon,commitment_horizon,8,h8
201,known_visit,DMCHBA,bernoulli,0.25,19,361,4,10,dmchba_h8_bernoulli_025,scenarios/known_visit_10target_300.csv,1,17,12,49.51924283369827,49.51924283369827,03,03,1,0,True,known_visit_horizon,10,4,8,known_visit_horizon,commitment_horizon,8,h8
201,known_visit,DMCHBA,bernoulli,0.25,19,361,4,10,dmchba_h8_bernoulli_025,scenarios/known_visit_10target_300.csv,2,4,15,11.08538092266399,11.08538092266399,03,03,2,1,True,known_visit_horizon,10,4,8,known_visit_horizon,commitment_horizon,8,h8
201,known_visit,DMCHBA,bernoulli,0.25,19,361,4,10,dmchba_h8_bernoulli_025,scenarios/known_visit_10target_300.csv,3,8,9,18.145258079158378,18.145258079158378,01,01,1,0,True,known_visit_horizon,10,4,8,known_visit_horizon,commitment_horizon,8,h8
201,known_visit,DMCHBA,bernoulli,0.25,19,361,4,10,dmchba_h8_bernoulli_025,scenarios/known_visit_10target_300.csv,4,6,9,13.986105233843018,13.986105233843018,02,02,1,0,True,known_visit_horizon,10,4,8,known_visit_horizon,commitment_horizon,8,h8
201,known_visit,DMCHBA,bernoulli,0.25,19,361,4,10,dmchba_h8_bernoulli_025,scenarios/known_visit_10target_300.csv,5,12,2,22.233340588889916,22.233340588889916,00,00,1,0,True,known_visit_horizon,10,4,8,known_visit_horizon,commitment_horizon,8,h8
201,known_visit,DMCHBA,bernoulli,0.25,19,361,4,10,dmchba_h8_bernoulli_025,scenarios/known_visit_10target_300.csv,6,13,18,32.02102636179372,32.02102636179372,03,03,1,0,True,known_visit_horizon,10,4,8,known_visit_horizon,commitment_horizon,8,h8
201,known_visit,DMCHBA,bernoulli,0.25,19,361,4,10,dmchba_h8_bernoulli_025,scenarios/known_visit_10target_300.csv,7,3,0,3.5048624097093,3.5048624097093,00,00,1,0,True,known_visit_horizon,10,4,8,known_visit_horizon,commitment_horizon,8,h8
201,known_visit,DMCHBA,bernoulli,0.25,19,361,4,10,dmchba_h8_bernoulli_025,scenarios/known_visit_10target_300.csv,8,11,6,28.791124401131707,28.791124401131707,01,01,1,0,True,known_visit_horizon,10,4,8,known_visit_horizon,commitment_horizon,8,h8
201,known_visit,DMCHBA,bernoulli,0.25,19,361,4,10,dmchba_h8_bernoulli_025,scenarios/known_visit_10target_300.csv,9,4,6,5.341988382086854,5.341988382086854,01,01,1,0,True,known_visit_horizon,10,4,8,known_visit_horizon,commitment_horizon,8,h8
201,known_visit,DMCHBA,bernoulli,0.25,19,361,4,10,dmchba_h8_bernoulli_025,scenarios/known_visit_10target_300.csv,10,10,13,48.59664715527652,48.59664715527652,01,01,1,0,True,known_visit_horizon,10,4,8,known_visit_horizon,commitment_horizon,8,h8
202,known_visit,DMCHBA,bernoulli,0.25,19,361,4,10,dmchba_h8_bernoulli_025,scenarios/known_visit_10target_300.csv,1,9,8,21.539216694945715,21.539216694945715,01,01,1,0,True,known_visit_horizon,10,4,8,known_visit_horizon,commitment_horizon,8,h8
202,known_visit,DMCHBA,bernoulli,0.25,19,361,4,10,dmchba_h8_bernoulli_025,scenarios/known_visit_10target_300.csv,2,9,7,19.74039265791441,19.74039265791441,01,01,2,1,True,known_visit_horizon,10,4,8,known_visit_horizon,commitment_horizon,8,h8
202,known_visit,DMCHBA,bernoulli,0.25,19,361,4,10,dmchba_h8_bernoulli_025,scenarios/known_visit_10target_300.csv,3,3,6,3.4053840817656336,3.4053840817656336,01,01,1,0,True,known_visit_horizon,10,4,8,known_visit_horizon,commitment_horizon,8,h8
202,known_visit,DMCHBA,bernoulli,0.25,19,361,4,10,dmchba_h8_bernoulli_025,scenarios/known_visit_10target_300.csv,4,5,0,14.639248079764732,14.639248079764732,00,00,1,0,True,known_visit_horizon,10,4,8,known_visit_horizon,commitment_horizon,8,h8
202,known_visit,DMCHBA,bernoulli,0.25,19,361,4,10,dmchba_h8_bernoulli_025,scenarios/known_visit_10target_300.csv,5,9,13,22.622544575962934,22.622544575962934,03,03,1,0,True,known_visit_horizon,10,4,8,known_visit_horizon,commitment_horizon,8,h8
202,known_visit,DMCHBA,bernoulli,0.25,19,361,4,10,dmchba_h8_bernoulli_025,scenarios/known_visit_10target_300.csv,6,12,9,28.623292717588136,28.623292717588136,01,01,1,0,True,known_visit_horizon,10,4,8,known_visit_horizon,commitment_horizon,8,h8
202,known_visit,DMCHBA,bernoulli,0.25,19,361,4,10,dmchba_h8_bernoulli_025,scenarios/known_visit_10target_300.csv,7,16,13,34.698895441381545,34.698895441381545,03,03,1,0,True,known_visit_horizon,10,4,8,known_visit_horizon,commitment_horizon,8,h8
202,known_visit,DMCHBA,bernoulli,0.25,19,361,4,10,dmchba_h8_bernoulli_025,scenarios/known_visit_10target_300.csv,8,5,9,12.645528226447043,12.645528226447043,02,02,1,0,True,known_visit_horizon,10,4,8,known_visit_horizon,commitment_horizon,8,h8
202,known_visit,DMCHBA,bernoulli,0.25,19,361,4,10,dmchba_h8_bernoulli_025,scenarios/known_visit_10target_300.csv,9,9,2,25.546174094477138,25.546174094477138,00,00,1,0,True,known_visit_horizon,10,4,8,known_visit_horizon,commitment_horizon,8,h8
202,known_visit,DMCHBA,bernoulli,0.25,19,361,4,10,dmchba_h8_bernoulli_025,scenarios/known_visit_10target_300.csv,10,2,2,5.583669023412128,5.583669023412128,00,00,1,0,True,known_visit_horizon,10,4,8,known_visit_horizon,commitment_horizon,8,h8
203,known_visit,DMCHBA,bernoulli,0.25,19,361,4,10,dmchba_h8_bernoulli_025,scenarios/known_visit_10target_300.csv,1,6,8,34.19299089524548,34.19299089524548,02,02,1,0,True,known_visit_horizon,10,4,8,known_visit_horizon,commitment_horizon,8,h8
203,known_visit,DMCHBA,bernoulli,0.25,19,361,4,10,dmchba_h8_bernoulli_025,scenarios/known_visit_10target_300.csv,2,11,15,22.675988165521886,22.675988165521886,03,03,1,0,True,known_visit_horizon,10,4,8,known_visit_horizon,commitment_horizon,8,h8
203,known_visit,DMCHBA,bernoulli,0.25,19,361,4,10,dmchba_h8_bernoulli_025,scenarios/known_visit_10target_300.csv,3,9,11,19.59484080612408,19.59484080612408,02,02,1,0,True,known_visit_horizon,10,4,8,known_visit_horizon,commitment_horizon,8,h8
203,known_visit,DMCHBA,bernoulli,0.25,19,361,4,10,dmchba_h8_bernoulli_025,scenarios/known_visit_10target_300.csv,4,3,6,3.617559139460272,3.617559139460272,01,01,1,0,True,known_visit_horizon,10,4,8,known_visit_horizon,commitment_horizon,8,h8
203,known_visit,DMCHBA,bernoulli,0.25,19,361,4,10,dmchba_h8_bernoulli_025,scenarios/known_visit_10target_300.csv,5,0,10,2.2397707391172346,2.2397707391172346,02,02,1,0,True,known_visit_horizon,10,4,8,known_visit_horizon,commitment_horizon,8,h8
203,known_visit,DMCHBA,bernoulli,0.25,19,361,4,10,dmchba_h8_bernoulli_025,scenarios/known_visit_10target_300.csv,6,7,10,14.326471915412094,14.326471915412094,02,02,1,0,True,known_visit_horizon,10,4,8,known_visit_horizon,commitment_horizon,8,h8
203,known_visit,DMCHBA,bernoulli,0.25,19,361,4,10,dmchba_h8_bernoulli_025,scenarios/known_visit_10target_300.csv,7,18,3,34.948106873716604,34.948106873716604,00,00,1,0,True,known_visit_horizon,10,4,8,known_visit_horizon,commitment_horizon,8,h8
203,known_visit,DMCHBA,bernoulli,0.25,19,361,4,10,dmchba_h8_bernoulli_025,scenarios/known_visit_10target_300.csv,8,6,6,8.76785455832699,8.76785455832699,01,01,1,0,True,known_visit_horizon,10,4,8,known_visit_horizon,commitment_horizon,8,h8
203,known_visit,DMCHBA,bernoulli,0.25,19,361,4,10,dmchba_h8_bernoulli_025,scenarios/known_visit_10target_300.csv,9,16,7,31.85166340473027,31.85166340473027,01,01,1,0,True,known_visit_horizon,10,4,8,known_visit_horizon,commitment_horizon,8,h8
203,known_visit,DMCHBA,bernoulli,0.25,19,361,4,10,dmchba_h8_bernoulli_025,scenarios/known_visit_10target_300.csv,10,8,5,14.060466085182291,14.060466085182291,01,01,1,0,True,known_visit_horizon,10,4,8,known_visit_horizon,commitment_horizon,8,h8
204,known_visit,DMCHBA,bernoulli,0.25,19,361,4,10,dmchba_h8_bernoulli_025,scenarios/known_visit_10target_300.csv,1,2,13,3.8807851873948587,3.8807851873948587,02,02,1,0,True,known_visit_horizon,10,4,8,known_visit_horizon,commitment_horizon,8,h8
204,known_visit,DMCHBA,bernoulli,0.25,19,361,4,10,dmchba_h8_bernoulli_025,scenarios/known_visit_10target_300.csv,2,17,17,33.34356085475018,33.34356085475018,03,03,1,0,True,known_visit_horizon,10,4,8,known_visit_horizon,commitment_horizon,8,h8
204,known_visit,DMCHBA,bernoulli,0.25,19,361,4,10,dmchba_h8_bernoulli_025,scenarios/known_visit_10target_300.csv,3,14,9,28.517110913755324,28.517110913755324,01,01,1,0,True,known_visit_horizon,10,4,8,known_visit_horizon,commitment_horizon,8,h8
204,known_visit,DMCHBA,bernoulli,0.25,19,361,4,10,dmchba_h8_bernoulli_025,scenarios/known_visit_10target_300.csv,4,13,7,23.071700927984082,23.071700927984082,01,01,1,0,True,known_visit_horizon,10,4,8,known_visit_horizon,commitment_horizon,8,h8
204,known_visit,DMCHBA,bernoulli,0.25,19,361,4,10,dmchba_h8_bernoulli_025,scenarios/known_visit_10target_300.csv,5,8,10,39.575664440226895,39.575664440226895,00,00,1,0,True,known_visit_horizon,10,4,8,known_visit_horizon,commitment_horizon,8,h8
204,known_visit,DMCHBA,bernoulli,0.25,19,361,4,10,dmchba_h8_bernoulli_025,scenarios/known_visit_10target_300.csv,6,12,16,23.078834068989902,23.078834068989902,03,03,1,0,True,known_visit_horizon,10,4,8,known_visit_horizon,commitment_horizon,8,h8
204,known_visit,DMCHBA,bernoulli,0.25,19,361,4,10,dmchba_h8_bernoulli_025,scenarios/known_visit_10target_300.csv,7,10,3,21.413062043175675,21.413062043175675,00,00,1,0,True,known_visit_horizon,10,4,8,known_visit_horizon,commitment_horizon,8,h8
204,known_visit,DMCHBA,bernoulli,0.25,19,361,4,10,dmchba_h8_bernoulli_025,scenarios/known_visit_10target_300.csv,8,5,3,12.494407659456936,12.494407659456936,00,00,1,0,True,known_visit_horizon,10,4,8,known_visit_horizon,commitment_horizon,8,h8
204,known_visit,DMCHBA,bernoulli,0.25,19,361,4,10,dmchba_h8_bernoulli_025,scenarios/known_visit_10target_300.csv,9,17,10,35.66413496618648,35.66413496618648,01,01,1,0,True,known_visit_horizon,10,4,8,known_visit_horizon,commitment_horizon,8,h8
204,known_visit,DMCHBA,bernoulli,0.25,19,361,4,10,dmchba_h8_bernoulli_025,scenarios/known_visit_10target_300.csv,10,12,9,35.1474675805934,35.1474675805934,02,02,1,0,True,known_visit_horizon,10,4,8,known_visit_horizon,commitment_horizon,8,h8
205,known_visit,DMCHBA,bernoulli,0.25,19,361,4,10,dmchba_h8_bernoulli_025,scenarios/known_visit_10target_300.csv,1,12,13,38.34767149927601,38.34767149927601,03,03,1,0,True,known_visit_horizon,10,4,8,known_visit_horizon,commitment_horizon,8,h8
205,known_visit,DMCHBA,bernoulli,0.25,19,361,4,10,dmchba_h8_bernoulli_025,scenarios/known_visit_10target_300.csv,2,16,12,33.474239279346556,33.474239279346556,02,02,1,0,True,known_visit_horizon,10,4,8,known_visit_horizon,commitment_horizon,8,h8
205,known_visit,DMCHBA,bernoulli,0.25,19,361,4,10,dmchba_h8_bernoulli_025,scenarios/known_visit_10target_300.csv,3,5,6,7.148567951996927,7.148567951996927,01,01,2,1,True,known_visit_horizon,10,4,8,known_visit_horizon,commitment_horizon,8,h8
205,known_visit,DMCHBA,bernoulli,0.25,19,361,4,10,dmchba_h8_bernoulli_025,scenarios/known_visit_10target_300.csv,4,15,17,25.970666832426694,25.970666832426694,03,03,1,0,True,known_visit_horizon,10,4,8,known_visit_horizon,commitment_horizon,8,h8
205,known_visit,DMCHBA,bernoulli,0.25,19,361,4,10,dmchba_h8_bernoulli_025,scenarios/known_visit_10target_300.csv,5,3,10,7.257121963291658,7.257121963291658,02,02,2,1,True,known_visit_horizon,10,4,8,known_visit_horizon,commitment_horizon,8,h8
205,known_visit,DMCHBA,bernoulli,0.25,19,361,4,10,dmchba_h8_bernoulli_025,scenarios/known_visit_10target_300.csv,6,3,17,5.523103741584853,5.523103741584853,03,03,1,0,True,known_visit_horizon,10,4,8,known_visit_horizon,commitment_horizon,8,h8
205,known_visit,DMCHBA,bernoulli,0.25,19,361,4,10,dmchba_h8_bernoulli_025,scenarios/known_visit_10target_300.csv,7,14,9,28.109608612320372,28.109608612320372,01,01,1,0,True,known_visit_horizon,10,4,8,known_visit_horizon,commitment_horizon,8,h8
205,known_visit,DMCHBA,bernoulli,0.25,19,361,4,10,dmchba_h8_bernoulli_025,scenarios/known_visit_10target_300.csv,8,14,11,27.993204274638487,27.993204274638487,02,02,2,1,True,known_visit_horizon,10,4,8,known_visit_horizon,commitment_horizon,8,h8
205,known_visit,DMCHBA,bernoulli,0.25,19,361,4,10,dmchba_h8_bernoulli_025,scenarios/known_visit_10target_300.csv,9,11,7,19.27588143701652,19.27588143701652,01,01,1,0,True,known_visit_horizon,10,4,8,known_visit_horizon,commitment_horizon,8,h8
205,known_visit,DMCHBA,bernoulli,0.25,19,361,4,10,dmchba_h8_bernoulli_025,scenarios/known_visit_10target_300.csv,10,17,10,38.84124650816755,38.84124650816755,02,02,1,0,True,known_visit_horizon,10,4,8,known_visit_horizon,commitment_horizon,8,h8
206,known_visit,DMCHBA,bernoulli,0.25,19,361,4,10,dmchba_h8_bernoulli_025,scenarios/known_visit_10target_300.csv,1,13,7,29.960189591872805,29.960189591872805,02,02,1,0,True,known_visit_horizon,10,4,8,known_visit_horizon,commitment_horizon,8,h8
206,known_visit,DMCHBA,bernoulli,0.25,19,361,4,10,dmchba_h8_bernoulli_025,scenarios/known_visit_10target_300.csv,2,16,2,34.19672885578384,34.19672885578384,00,00,1,0,True,known_visit_horizon,10,4,8,known_visit_horizon,commitment_horizon,8,h8
206,known_visit,DMCHBA,bernoulli,0.25,19,361,4,10,dmchba_h8_bernoulli_025,scenarios/known_visit_10target_300.csv,3,1,13,9.150176874682945,9.150176874682945,03,03,1,0,True,known_visit_horizon,10,4,8,known_visit_horizon,commitment_horizon,8,h8
206,known_visit,DMCHBA,bernoulli,0.25,19,361,4,10,dmchba_h8_bernoulli_025,scenarios/known_visit_10target_300.csv,4,18,7,38.56422782990375,38.56422782990375,02,02,1,0,True,known_visit_horizon,10,4,8,known_visit_horizon,commitment_horizon,8,h8
206,known_visit,DMCHBA,bernoulli,0.25,19,361,4,10,dmchba_h8_bernoulli_025,scenarios/known_visit_10target_300.csv,5,5,3,13.083607758271585,13.083607758271585,00,00,1,0,True,known_visit_horizon,10,4,8,known_visit_horizon,commitment_horizon,8,h8
206,known_visit,DMCHBA,bernoulli,0.25,19,361,4,10,dmchba_h8_bernoulli_025,scenarios/known_visit_10target_300.csv,6,3,12,3.694049493179332,3.694049493179332,02,02,2,1,True,known_visit_horizon,10,4,8,known_visit_horizon,commitment_horizon,8,h8
206,known_visit,DMCHBA,bernoulli,0.25,19,361,4,10,dmchba_h8_bernoulli_025,scenarios/known_visit_10target_300.csv,7,3,4,7.646435237801098,7.646435237801098,01,01,1,0,True,known_visit_horizon,10,4,8,known_visit_horizon,commitment_horizon,8,h8
206,known_visit,DMCHBA,bernoulli,0.25,19,361,4,10,dmchba_h8_bernoulli_025,scenarios/known_visit_10target_300.csv,8,7,9,16.02037254667041,16.02037254667041,02,02,2,1,True,known_visit_horizon,10,4,8,known_visit_horizon,commitment_horizon,8,h8
206,known_visit,DMCHBA,bernoulli,0.25,19,361,4,10,dmchba_h8_bernoulli_025,scenarios/known_visit_10target_300.csv,9,12,6,26.80195284923969,26.80195284923969,01,01,1,0,True,known_visit_horizon,10,4,8,known_visit_horizon,commitment_horizon,8,h8
206,known_visit,DMCHBA,bernoulli,0.25,19,361,4,10,dmchba_h8_bernoulli_025,scenarios/known_visit_10target_300.csv,10,1,5,2.2603778130745176,2.2603778130745176,01,01,1,0,True,known_visit_horizon,10,4,8,known_visit_horizon,commitment_horizon,8,h8
207,known_visit,DMCHBA,bernoulli,0.25,19,361,4,10,dmchba_h8_bernoulli_025,scenarios/known_visit_10target_300.csv,1,4,9,20.72172345850463,20.72172345850463,00,00,1,0,True,known_visit_horizon,10,4,8,known_visit_horizon,commitment_horizon,8,h8
207,known_visit,DMCHBA,bernoulli,0.25,19,361,4,10,dmchba_h8_bernoulli_025,scenarios/known_visit_10target_300.csv,2,11,13,19.216089783313965,19.216089783313965,02,02,1,0,True,known_visit_horizon,10,4,8,known_visit_horizon,commitment_horizon,8,h8
207,known_visit,DMCHBA,bernoulli,0.25,19,361,4,10,dmchba_h8_bernoulli_025,scenarios/known_visit_10target_300.csv,3,5,6,7.336188868438753,7.336188868438753,01,01,1,0,True,known_visit_horizon,10,4,8,known_visit_horizon,commitment_horizon,8,h8
207,known_visit,DMCHBA,bernoulli,0.25,19,361,4,10,dmchba_h8_bernoulli_025,scenarios/known_visit_10target_300.csv,4,0,3,3.869796825967278,3.869796825967278,00,00,1,0,True,known_visit_horizon,10,4,8,known_visit_horizon,commitment_horizon,8,h8
207,known_visit,DMCHBA,bernoulli,0.25,19,361,4,10,dmchba_h8_bernoulli_025,scenarios/known_visit_10target_300.csv,5,10,18,15.052623287702895,15.052623287702895,03,03,1,0,True,known_visit_horizon,10,4,8,known_visit_horizon,commitment_horizon,8,h8
207,known_visit,DMCHBA,bernoulli,0.25,19,361,4,10,dmchba_h8_bernoulli_025,scenarios/known_visit_10target_300.csv,6,8,10,19.496558159786776,19.496558159786776,01,01,1,0,True,known_visit_horizon,10,4,8,known_visit_horizon,commitment_horizon,8,h8
207,known_visit,DMCHBA,bernoulli,0.25,19,361,4,10,dmchba_h8_bernoulli_025,scenarios/known_visit_10target_300.csv,7,11,10,24.796076683416455,24.796076683416455,01,01,1,0,True,known_visit_horizon,10,4,8,known_visit_horizon,commitment_horizon,8,h8
207,known_visit,DMCHBA,bernoulli,0.25,19,361,4,10,dmchba_h8_bernoulli_025,scenarios/known_visit_10target_300.csv,8,12,12,30.141066168717515,30.141066168717515,01,01,1,0,True,known_visit_horizon,10,4,8,known_visit_horizon,commitment_horizon,8,h8
207,known_visit,DMCHBA,bernoulli,0.25,19,361,4,10,dmchba_h8_bernoulli_025,scenarios/known_visit_10target_300.csv,9,18,13,31.324409581531096,31.324409581531096,02,02,1,0,True,known_visit_horizon,10,4,8,known_visit_horizon,commitment_horizon,8,h8
207,known_visit,DMCHBA,bernoulli,0.25,19,361,4,10,dmchba_h8_bernoulli_025,scenarios/known_visit_10target_300.csv,10,11,12,17.23360566768951,17.23360566768951,02,02,1,0,True,known_visit_horizon,10,4,8,known_visit_horizon,commitment_horizon,8,h8
208,known_visit,DMCHBA,bernoulli,0.25,19,361,4,10,dmchba_h8_bernoulli_025,scenarios/known_visit_10target_300.csv,1,7,15,16.064448961259927,16.064448961259927,03,03,2,1,True,known_visit_horizon,10,4,8,known_visit_horizon,commitment_horizon,8,h8
208,known_visit,DMCHBA,bernoulli,0.25,19,361,4,10,dmchba_h8_bernoulli_025,scenarios/known_visit_10target_300.csv,2,15,16,36.35041451477202,36.35041451477202,02,02,1,0,True,known_visit_horizon,10,4,8,known_visit_horizon,commitment_horizon,8,h8
208,known_visit,DMCHBA,bernoulli,0.25,19,361,4,10,dmchba_h8_bernoulli_025,scenarios/known_visit_10target_300.csv,3,18,5,38.26332485292257,38.26332485292257,00,00,1,0,True,known_visit_horizon,10,4,8,known_visit_horizon,commitment_horizon,8,h8
208,known_visit,DMCHBA,bernoulli,0.25,19,361,4,10,dmchba_h8_bernoulli_025,scenarios/known_visit_10target_300.csv,4,7,18,10.520569574161149,10.520569574161149,03,03,1,0,True,known_visit_horizon,10,4,8,known_visit_horizon,commitment_horizon,8,h8
208,known_visit,DMCHBA,bernoulli,0.25,19,361,4,10,dmchba_h8_bernoulli_025,scenarios/known_visit_10target_300.csv,5,16,10,33.262926011662216,33.262926011662216,01,01,1,0,True,known_visit_horizon,10,4,8,known_visit_horizon,commitment_horizon,8,h8
208,known_visit,DMCHBA,bernoulli,0.25,19,361,4,10,dmchba_h8_bernoulli_025,scenarios/known_visit_10target_300.csv,6,13,13,29.819071718322085,29.819071718322085,03,03,1,0,True,known_visit_horizon,10,4,8,known_visit_horizon,commitment_horizon,8,h8
208,known_visit,DMCHBA,bernoulli,0.25,19,361,4,10,dmchba_h8_bernoulli_025,scenarios/known_visit_10target_300.csv,7,9,8,17.258470110347435,17.258470110347435,01,01,1,0,True,known_visit_horizon,10,4,8,known_visit_horizon,commitment_horizon,8,h8
208,known_visit,DMCHBA,bernoulli,0.25,19,361,4,10,dmchba_h8_bernoulli_025,scenarios/known_visit_10target_300.csv,8,5,13,12.754206153927887,12.754206153927887,02,02,1,0,True,known_visit_horizon,10,4,8,known_visit_horizon,commitment_horizon,8,h8
208,known_visit,DMCHBA,bernoulli,0.25,19,361,4,10,dmchba_h8_bernoulli_025,scenarios/known_visit_10target_300.csv,9,7,6,10.119082387802322,10.119082387802322,01,01,1,0,True,known_visit_horizon,10,4,8,known_visit_horizon,commitment_horizon,8,h8
208,known_visit,DMCHBA,bernoulli,0.25,19,361,4,10,dmchba_h8_bernoulli_025,scenarios/known_visit_10target_300.csv,10,11,8,21.038905717303933,21.038905717303933,01,01,1,0,True,known_visit_horizon,10,4,8,known_visit_horizon,commitment_horizon,8,h8
209,known_visit,DMCHBA,bernoulli,0.25,19,361,4,10,dmchba_h8_bernoulli_025,scenarios/known_visit_10target_300.csv,1,2,14,5.695945720223882,5.695945720223882,02,02,1,0,True,known_visit_horizon,10,4,8,known_visit_horizon,commitment_horizon,8,h8
209,known_visit,DMCHBA,bernoulli,0.25,19,361,4,10,dmchba_h8_bernoulli_025,scenarios/known_visit_10target_300.csv,2,12,18,30.142020373732205,30.142020373732205,03,03,1,0,True,known_visit_horizon,10,4,8,known_visit_horizon,commitment_horizon,8,h8
209,known_visit,DMCHBA,bernoulli,0.25,19,361,4,10,dmchba_h8_bernoulli_025,scenarios/known_visit_10target_300.csv,3,1,0,0.14511371960285546,0.14511371960285546,00,00,1,0,True,known_visit_horizon,10,4,8,known_visit_horizon,commitment_horizon,8,h8
209,known_visit,DMCHBA,bernoulli,0.25,19,361,4,10,dmchba_h8_bernoulli_025,scenarios/known_visit_10target_300.csv,4,10,2,19.635362020015368,19.635362020015368,00,00,2,1,True,known_visit_horizon,10,4,8,known_visit_horizon,commitment_horizon,8,h8
209,known_visit,DMCHBA,bernoulli,0.25,19,361,4,10,dmchba_h8_bernoulli_025,scenarios/known_visit_10target_300.csv,5,16,12,37.4227238763716,37.4227238763716,02,02,1,0,True,known_visit_horizon,10,4,8,known_visit_horizon,commitment_horizon,8,h8
209,known_visit,DMCHBA,bernoulli,0.25,19,361,4,10,dmchba_h8_bernoulli_025,scenarios/known_visit_10target_300.csv,6,12,8,33.61908501830491,33.61908501830491,01,01,2,1,True,known_visit_horizon,10,4,8,known_visit_horizon,commitment_horizon,8,h8
209,known_visit,DMCHBA,bernoulli,0.25,19,361,4,10,dmchba_h8_bernoulli_025,scenarios/known_visit_10target_300.csv,7,13,10,54.09187616127923,54.09187616127923,02,02,1,0,True,known_visit_horizon,10,4,8,known_visit_horizon,commitment_horizon,8,h8
209,known_visit,DMCHBA,bernoulli,0.25,19,361,4,10,dmchba_h8_bernoulli_025,scenarios/known_visit_10target_300.csv,8,4,6,5.305509734084206,5.305509734084206,01,01,1,0,True,known_visit_horizon,10,4,8,known_visit_horizon,commitment_horizon,8,h8
209,known_visit,DMCHBA,bernoulli,0.25,19,361,4,10,dmchba_h8_bernoulli_025,scenarios/known_visit_10target_300.csv,9,13,11,29.933083492848812,29.933083492848812,02,02,1,0,True,known_visit_horizon,10,4,8,known_visit_horizon,commitment_horizon,8,h8
209,known_visit,DMCHBA,bernoulli,0.25,19,361,4,10,dmchba_h8_bernoulli_025,scenarios/known_visit_10target_300.csv,10,6,1,10.577836428514168,10.577836428514168,00,00,1,0,True,known_visit_horizon,10,4,8,known_visit_horizon,commitment_horizon,8,h8
210,known_visit,DMCHBA,bernoulli,0.25,19,361,4,10,dmchba_h8_bernoulli_025,scenarios/known_visit_10target_300.csv,1,12,15,24.75659539214432,24.75659539214432,03,03,1,0,True,known_visit_horizon,10,4,8,known_visit_horizon,commitment_horizon,8,h8
210,known_visit,DMCHBA,bernoulli,0.25,19,361,4,10,dmchba_h8_bernoulli_025,scenarios/known_visit_10target_300.csv,2,2,1,3.8415179330536655,3.8415179330536655,00,00,1,0,True,known_visit_horizon,10,4,8,known_visit_horizon,commitment_horizon,8,h8
210,known_visit,DMCHBA,bernoulli,0.25,19,361,4,10,dmchba_h8_bernoulli_025,scenarios/known_visit_10target_300.csv,3,1,11,2.3200508538415914,2.3200508538415914,02,02,1,0,True,known_visit_horizon,10,4,8,known_visit_horizon,commitment_horizon,8,h8
210,known_visit,DMCHBA,bernoulli,0.25,19,361,4,10,dmchba_h8_bernoulli_025,scenarios/known_visit_10target_300.csv,4,10,2,30.24740768529336,30.24740768529336,00,00,1,0,True,known_visit_horizon,10,4,8,known_visit_horizon,commitment_horizon,8,h8
210,known_visit,DMCHBA,bernoulli,0.25,19,361,4,10,dmchba_h8_bernoulli_025,scenarios/known_visit_10target_300.csv,5,3,7,12.807064612868357,12.807064612868357,02,02,1,0,True,known_visit_horizon,10,4,8,known_visit_horizon,commitment_horizon,8,h8
210,known_visit,DMCHBA,bernoulli,0.25,19,361,4,10,dmchba_h8_bernoulli_025,scenarios/known_visit_10target_300.csv,6,8,5,13.930737296659823,13.930737296659823,01,01,1,0,True,known_visit_horizon,10,4,8,known_visit_horizon,commitment_horizon,8,h8
210,known_visit,DMCHBA,bernoulli,0.25,19,361,4,10,dmchba_h8_bernoulli_025,scenarios/known_visit_10target_300.csv,7,17,8,38.19599747884583,38.19599747884583,01,01,1,0,True,known_visit_horizon,10,4,8,known_visit_horizon,commitment_horizon,8,h8
210,known_visit,DMCHBA,bernoulli,0.25,19,361,4,10,dmchba_h8_bernoulli_025,scenarios/known_visit_10target_300.csv,8,16,4,29.40995353359105,29.40995353359105,01,01,1,0,True,known_visit_horizon,10,4,8,known_visit_horizon,commitment_horizon,8,h8
210,known_visit,DMCHBA,bernoulli,0.25,19,361,4,10,dmchba_h8_bernoulli_025,scenarios/known_visit_10target_300.csv,9,1,3,9.240992199945696,9.240992199945696,00,00,1,0,True,known_visit_horizon,10,4,8,known_visit_horizon,commitment_horizon,8,h8
210,known_visit,DMCHBA,bernoulli,0.25,19,361,4,10,dmchba_h8_bernoulli_025,scenarios/known_visit_10target_300.csv,10,17,4,31.03665862646122,31.03665862646122,01,01,1,0,True,known_visit_horizon,10,4,8,known_visit_horizon,commitment_horizon,8,h8
211,known_visit,DMCHBA,bernoulli,0.25,19,361,4,10,dmchba_h8_bernoulli_025,scenarios/known_visit_10target_300.csv,1,17,9,33.05929341657199,33.05929341657199,02,02,1,0,True,known_visit_horizon,10,4,8,known_visit_horizon,commitment_horizon,8,h8
211,known_visit,DMCHBA,bernoulli,0.25,19,361,4,10,dmchba_h8_bernoulli_025,scenarios/known_visit_10target_300.csv,2,15,0,24.030838729193906,24.030838729193906,00,00,1,0,True,known_visit_horizon,10,4,8,known_visit_horizon,commitment_horizon,8,h8
211,known_visit,DMCHBA,bernoulli,0.25,19,361,4,10,dmchba_h8_bernoulli_025,scenarios/known_visit_10target_300.csv,3,7,6,21.482881802836335,21.482881802836335,01,01,1,0,True,known_visit_horizon,10,4,8,known_visit_horizon,commitment_horizon,8,h8
211,known_visit,DMCHBA,bernoulli,0.25,19,361,4,10,dmchba_h8_bernoulli_025,scenarios/known_visit_10target_300.csv,4,4,1,44.798002022806635,44.798002022806635,00,00,1,0,True,known_visit_horizon,10,4,8,known_visit_horizon,commitment_horizon,8,h8
211,known_visit,DMCHBA,bernoulli,0.25,19,361,4,10,dmchba_h8_bernoulli_025,scenarios/known_visit_10target_300.csv,5,5,0,7.089025934058737,7.089025934058737,00,00,1,0,True,known_visit_horizon,10,4,8,known_visit_horizon,commitment_horizon,8,h8
211,known_visit,DMCHBA,bernoulli,0.25,19,361,4,10,dmchba_h8_bernoulli_025,scenarios/known_visit_10target_300.csv,6,7,10,13.853934384964159,13.853934384964159,02,02,1,0,True,known_visit_horizon,10,4,8,known_visit_horizon,commitment_horizon,8,h8
211,known_visit,DMCHBA,bernoulli,0.25,19,361,4,10,dmchba_h8_bernoulli_025,scenarios/known_visit_10target_300.csv,7,10,14,23.175501762949644,23.175501762949644,03,03,1,0,True,known_visit_horizon,10,4,8,known_visit_horizon,commitment_horizon,8,h8
211,known_visit,DMCHBA,bernoulli,0.25,19,361,4,10,dmchba_h8_bernoulli_025,scenarios/known_visit_10target_300.csv,8,3,0,3.6713815939498984,3.6713815939498984,00,00,1,0,True,known_visit_horizon,10,4,8,known_visit_horizon,commitment_horizon,8,h8
211,known_visit,DMCHBA,bernoulli,0.25,19,361,4,10,dmchba_h8_bernoulli_025,scenarios/known_visit_10target_300.csv,9,10,3,32.14998850456209,32.14998850456209,01,01,1,0,True,known_visit_horizon,10,4,8,known_visit_horizon,commitment_horizon,8,h8
211,known_visit,DMCHBA,bernoulli,0.25,19,361,4,10,dmchba_h8_bernoulli_025,scenarios/known_visit_10target_300.csv,10,3,3,8.966342950403291,8.966342950403291,01,01,1,0,True,known_visit_horizon,10,4,8,known_visit_horizon,commitment_horizon,8,h8
212,known_visit,DMCHBA,bernoulli,0.25,19,361,4,10,dmchba_h8_bernoulli_025,scenarios/known_visit_10target_300.csv,1,8,16,16.023269448579825,16.023269448579825,03,03,1,0,True,known_visit_horizon,10,4,8,known_visit_horizon,commitment_horizon,8,h8
212,known_visit,DMCHBA,bernoulli,0.25,19,361,4,10,dmchba_h8_bernoulli_025,scenarios/known_visit_10target_300.csv,2,9,16,18.077834582155248,18.077834582155248,03,03,2,1,True,known_visit_horizon,10,4,8,known_visit_horizon,commitment_horizon,8,h8
212,known_visit,DMCHBA,bernoulli,0.25,19,361,4,10,dmchba_h8_bernoulli_025,scenarios/known_visit_10target_300.csv,3,8,5,14.518492038182652,14.518492038182652,01,01,1,0,True,known_visit_horizon,10,4,8,known_visit_horizon,commitment_horizon,8,h8
212,known_visit,DMCHBA,bernoulli,0.25,19,361,4,10,dmchba_h8_bernoulli_025,scenarios/known_visit_10target_300.csv,4,4,2,8.88856278422905,8.88856278422905,00,00,1,0,True,known_visit_horizon,10,4,8,known_visit_horizon,commitment_horizon,8,h8
212,known_visit,DMCHBA,bernoulli,0.25,19,361,4,10,dmchba_h8_bernoulli_025,scenarios/known_visit_10target_300.csv,5,13,12,35.27974792941652,35.27974792941652,01,01,1,0,True,known_visit_horizon,10,4,8,known_visit_horizon,commitment_horizon,8,h8
212,known_visit,DMCHBA,bernoulli,0.25,19,361,4,10,dmchba_h8_bernoulli_025,scenarios/known_visit_10target_300.csv,6,7,5,12.436492284911228,12.436492284911228,01,01,1,0,True,known_visit_horizon,10,4,8,known_visit_horizon,commitment_horizon,8,h8
212,known_visit,DMCHBA,bernoulli,0.25,19,361,4,10,dmchba_h8_bernoulli_025,scenarios/known_visit_10target_300.csv,7,1,0,0.15460882732513812,0.15460882732513812,00,00,1,0,True,known_visit_horizon,10,4,8,known_visit_horizon,commitment_horizon,8,h8
212,known_visit,DMCHBA,bernoulli,0.25,19,361,4,10,dmchba_h8_bernoulli_025,scenarios/known_visit_10target_300.csv,8,3,14,7.230028920388007,7.230028920388007,02,02,1,0,True,known_visit_horizon,10,4,8,known_visit_horizon,commitment_horizon,8,h8
212,known_visit,DMCHBA,bernoulli,0.25,19,361,4,10,dmchba_h8_bernoulli_025,scenarios/known_visit_10target_300.csv,9,17,16,31.639526480211867,31.639526480211867,03,03,1,0,True,known_visit_horizon,10,4,8,known_visit_horizon,commitment_horizon,8,h8
212,known_visit,DMCHBA,bernoulli,0.25,19,361,4,10,dmchba_h8_bernoulli_025,scenarios/known_visit_10target_300.csv,10,5,11,26.36424814529534,26.36424814529534,00,00,1,0,True,known_visit_horizon,10,4,8,known_visit_horizon,commitment_horizon,8,h8
213,known_visit,DMCHBA,bernoulli,0.25,19,361,4,10,dmchba_h8_bernoulli_025,scenarios/known_visit_10target_300.csv,1,16,1,27.852328682004458,27.852328682004458,00,00,1,0,True,known_visit_horizon,10,4,8,known_visit_horizon,commitment_horizon,8,h8
213,known_visit,DMCHBA,bernoulli,0.25,19,361,4,10,dmchba_h8_bernoulli_025,scenarios/known_visit_10target_300.csv,2,11,14,24.61626594428727,24.61626594428727,03,03,1,0,True,known_visit_horizon,10,4,8,known_visit_horizon,commitment_horizon,8,h8
213,known_visit,DMCHBA,bernoulli,0.25,19,361,4,10,dmchba_h8_bernoulli_025,scenarios/known_visit_10target_300.csv,3,15,4,34.90121535118168,34.90121535118168,00,00,1,0,True,known_visit_horizon,10,4,8,known_visit_horizon,commitment_horizon,8,h8
213,known_visit,DMCHBA,bernoulli,0.25,19,361,4,10,dmchba_h8_bernoulli_025,scenarios/known_visit_10target_300.csv,4,7,6,42.27961000348514,42.27961000348514,01,01,1,0,True,known_visit_horizon,10,4,8,known_visit_horizon,commitment_horizon,8,h8
213,known_visit,DMCHBA,bernoulli,0.25,19,361,4,10,dmchba_h8_bernoulli_025,scenarios/known_visit_10target_300.csv,5,4,6,5.2892830316913475,5.2892830316913475,01,01,1,0,True,known_visit_horizon,10,4,8,known_visit_horizon,commitment_horizon,8,h8
213,known_visit,DMCHBA,bernoulli,0.25,19,361,4,10,dmchba_h8_bernoulli_025,scenarios/known_visit_10target_300.csv,6,5,11,8.764805661693908,8.764805661693908,02,02,1,0,True,known_visit_horizon,10,4,8,known_visit_horizon,commitment_horizon,8,h8
213,known_visit,DMCHBA,bernoulli,0.25,19,361,4,10,dmchba_h8_bernoulli_025,scenarios/known_visit_10target_300.csv,7,7,10,14.198021460116166,14.198021460116166,02,02,2,1,True,known_visit_horizon,10,4,8,known_visit_horizon,commitment_horizon,8,h8
213,known_visit,DMCHBA,bernoulli,0.25,19,361,4,10,dmchba_h8_bernoulli_025,scenarios/known_visit_10target_300.csv,8,18,12,36.94804328067334,36.94804328067334,02,02,1,0,True,known_visit_horizon,10,4,8,known_visit_horizon,commitment_horizon,8,h8
213,known_visit,DMCHBA,bernoulli,0.25,19,361,4,10,dmchba_h8_bernoulli_025,scenarios/known_visit_10target_300.csv,9,1,0,0.17184792107140784,0.17184792107140784,00,00,2,1,True,known_visit_horizon,10,4,8,known_visit_horizon,commitment_horizon,8,h8
213,known_visit,DMCHBA,bernoulli,0.25,19,361,4,10,dmchba_h8_bernoulli_025,scenarios/known_visit_10target_300.csv,10,16,11,31.620198652941934,31.620198652941934,02,02,1,0,True,known_visit_horizon,10,4,8,known_visit_horizon,commitment_horizon,8,h8
214,known_visit,DMCHBA,bernoulli,0.25,19,361,4,10,dmchba_h8_bernoulli_025,scenarios/known_visit_10target_300.csv,1,13,5,34.07263359441298,34.07263359441298,01,01,1,0,True,known_visit_horizon,10,4,8,known_visit_horizon,commitment_horizon,8,h8
214,known_visit,DMCHBA,bernoulli,0.25,19,361,4,10,dmchba_h8_bernoulli_025,scenarios/known_visit_10target_300.csv,2,7,10,18.54035444177935,18.54035444177935,02,02,1,0,True,known_visit_horizon,10,4,8,known_visit_horizon,commitment_horizon,8,h8
214,known_visit,DMCHBA,bernoulli,0.25,19,361,4,10,dmchba_h8_bernoulli_025,scenarios/known_visit_10target_300.csv,3,3,1,5.421388196069622,5.421388196069622,00,00,1,0,True,known_visit_horizon,10,4,8,known_visit_horizon,commitment_horizon,8,h8
214,known_visit,DMCHBA,bernoulli,0.25,19,361,4,10,dmchba_h8_bernoulli_025,scenarios/known_visit_10target_300.csv,4,14,16,25.933255028102636,25.933255028102636,03,03,1,0,True,known_visit_horizon,10,4,8,known_visit_horizon,commitment_horizon,8,h8
214,known_visit,DMCHBA,bernoulli,0.25,19,361,4,10,dmchba_h8_bernoulli_025,scenarios/known_visit_10target_300.csv,5,6,7,18.050588374089,18.050588374089,01,01,2,1,True,known_visit_horizon,10,4,8,known_visit_horizon,commitment_horizon,8,h8
214,known_visit,DMCHBA,bernoulli,0.25,19,361,4,10,dmchba_h8_bernoulli_025,scenarios/known_visit_10target_300.csv,6,15,0,28.494778456787184,28.494778456787184,00,00,1,0,True,known_visit_horizon,10,4,8,known_visit_horizon,commitment_horizon,8,h8
214,known_visit,DMCHBA,bernoulli,0.25,19,361,4,10,dmchba_h8_bernoulli_025,scenarios/known_visit_10target_300.csv,7,16,15,31.373420813047634,31.373420813047634,03,03,1,0,True,known_visit_horizon,10,4,8,known_visit_horizon,commitment_horizon,8,h8
214,known_visit,DMCHBA,bernoulli,0.25,19,361,4,10,dmchba_h8_bernoulli_025,scenarios/known_visit_10target_300.csv,8,8,9,22.223405059706312,22.223405059706312,02,02,1,0,True,known_visit_horizon,10,4,8,known_visit_horizon,commitment_horizon,8,h8
214,known_visit,DMCHBA,bernoulli,0.25,19,361,4,10,dmchba_h8_bernoulli_025,scenarios/known_visit_10target_300.csv,9,0,10,2.1659390885195617,2.1659390885195617,02,02,1,0,True,known_visit_horizon,10,4,8,known_visit_horizon,commitment_horizon,8,h8
214,known_visit,DMCHBA,bernoulli,0.25,19,361,4,10,dmchba_h8_bernoulli_025,scenarios/known_visit_10target_300.csv,10,3,9,9.041457290206939,9.041457290206939,01,01,1,0,True,known_visit_horizon,10,4,8,known_visit_horizon,commitment_horizon,8,h8
215,known_visit,DMCHBA,bernoulli,0.25,19,361,4,10,dmchba_h8_bernoulli_025,scenarios/known_visit_10target_300.csv,1,8,18,19.626172232348736,19.626172232348736,03,03,1,0,True,known_visit_horizon,10,4,8,known_visit_horizon,commitment_horizon,8,h8
215,known_visit,DMCHBA,bernoulli,0.25,19,361,4,10,dmchba_h8_bernoulli_025,scenarios/known_visit_10target_300.csv,2,7,12,18.289663867505478,18.289663867505478,02,02,1,0,True,known_visit_horizon,10,4,8,known_visit_horizon,commitment_horizon,8,h8
215,known_visit,DMCHBA,bernoulli,0.25,19,361,4,10,dmchba_h8_bernoulli_025,scenarios/known_visit_10target_300.csv,3,8,17,17.920669683705515,17.920669683705515,03,03,1,0,True,known_visit_horizon,10,4,8,known_visit_horizon,commitment_horizon,8,h8
215,known_visit,DMCHBA,bernoulli,0.25,19,361,4,10,dmchba_h8_bernoulli_025,scenarios/known_visit_10target_300.csv,4,12,3,24.44825455065684,24.44825455065684,00,00,1,0,True,known_visit_horizon,10,4,8,known_visit_horizon,commitment_horizon,8,h8
215,known_visit,DMCHBA,bernoulli,0.25,19,361,4,10,dmchba_h8_bernoulli_025,scenarios/known_visit_10target_300.csv,5,4,16,9.009987287637301,9.009987287637301,03,03,1,0,True,known_visit_horizon,10,4,8,known_visit_horizon,commitment_horizon,8,h8
215,known_visit,DMCHBA,bernoulli,0.25,19,361,4,10,dmchba_h8_bernoulli_025,scenarios/known_visit_10target_300.csv,6,1,14,3.8500088194393576,3.8500088194393576,02,02,1,0,True,known_visit_horizon,10,4,8,known_visit_horizon,commitment_horizon,8,h8
215,known_visit,DMCHBA,bernoulli,0.25,19,361,4,10,dmchba_h8_bernoulli_025,scenarios/known_visit_10target_300.csv,7,10,2,18.894371247037633,18.894371247037633,00,00,2,1,True,known_visit_horizon,10,4,8,known_visit_horizon,commitment_horizon,8,h8
215,known_visit,DMCHBA,bernoulli,0.25,19,361,4,10,dmchba_h8_bernoulli_025,scenarios/known_visit_10target_300.csv,8,16,6,40.674994638573835,40.674994638573835,00,00,1,0,True,known_visit_horizon,10,4,8,known_visit_horizon,commitment_horizon,8,h8
215,known_visit,DMCHBA,bernoulli,0.25,19,361,4,10,dmchba_h8_bernoulli_025,scenarios/known_visit_10target_300.csv,9,15,2,31.583589931567555,31.583589931567555,00,00,1,0,True,known_visit_horizon,10,4,8,known_visit_horizon,commitment_horizon,8,h8
215,known_visit,DMCHBA,bernoulli,0.25,19,361,4,10,dmchba_h8_bernoulli_025,scenarios/known_visit_10target_300.csv,10,8,7,14.148412087356922,14.148412087356922,01,01,1,0,True,known_visit_horizon,10,4,8,known_visit_horizon,commitment_horizon,8,h8
216,known_visit,DMCHBA,bernoulli,0.25,19,361,4,10,dmchba_h8_bernoulli_025,scenarios/known_visit_10target_300.csv,1,13,0,20.368758103478505,20.368758103478505,00,00,1,0,True,known_visit_horizon,10,4,8,known_visit_horizon,commitment_horizon,8,h8
216,known_visit,DMCHBA,bernoulli,0.25,19,361,4,10,dmchba_h8_bernoulli_025,scenarios/known_visit_10target_300.csv,2,16,18,25.74271008660146,25.74271008660146,03,03,1,0,True,known_visit_horizon,10,4,8,known_visit_horizon,commitment_horizon,8,h8
216,known_visit,DMCHBA,bernoulli,0.25,19,361,4,10,dmchba_h8_bernoulli_025,scenarios/known_visit_10target_300.csv,3,16,3,31.22391665585566,31.22391665585566,00,00,1,0,True,known_visit_horizon,10,4,8,known_visit_horizon,commitment_horizon,8,h8
216,known_visit,DMCHBA,bernoulli,0.25,19,361,4,10,dmchba_h8_bernoulli_025,scenarios/known_visit_10target_300.csv,4,16,16,29.437736162492037,29.437736162492037,03,03,1,0,True,known_visit_horizon,10,4,8,known_visit_horizon,commitment_horizon,8,h8
216,known_visit,DMCHBA,bernoulli,0.25,19,361,4,10,dmchba_h8_bernoulli_025,scenarios/known_visit_10target_300.csv,5,17,17,33.424940931525356,33.424940931525356,03,03,1,0,True,known_visit_horizon,10,4,8,known_visit_horizon,commitment_horizon,8,h8
216,known_visit,DMCHBA,bernoulli,0.25,19,361,4,10,dmchba_h8_bernoulli_025,scenarios/known_visit_10target_300.csv,6,13,3,26.022159868056722,26.022159868056722,00,00,1,0,True,known_visit_horizon,10,4,8,known_visit_horizon,commitment_horizon,8,h8
216,known_visit,DMCHBA,bernoulli,0.25,19,361,4,10,dmchba_h8_bernoulli_025,scenarios/known_visit_10target_300.csv,7,6,10,12.143505778766206,12.143505778766206,02,02,1,0,True,known_visit_horizon,10,4,8,known_visit_horizon,commitment_horizon,8,h8
216,known_visit,DMCHBA,bernoulli,0.25,19,361,4,10,dmchba_h8_bernoulli_025,scenarios/known_visit_10target_300.csv,8,12,5,24.84453740507878,24.84453740507878,01,01,1,0,True,known_visit_horizon,10,4,8,known_visit_horizon,commitment_horizon,8,h8
216,known_visit,DMCHBA,bernoulli,0.25,19,361,4,10,dmchba_h8_bernoulli_025,scenarios/known_visit_10target_300.csv,9,11,15,29.680540871533687,29.680540871533687,02,02,1,0,True,known_visit_horizon,10,4,8,known_visit_horizon,commitment_horizon,8,h8
216,known_visit,DMCHBA,bernoulli,0.25,19,361,4,10,dmchba_h8_bernoulli_025,scenarios/known_visit_10target_300.csv,10,13,8,32.202870794697965,32.202870794697965,01,01,1,0,True,known_visit_horizon,10,4,8,known_visit_horizon,commitment_horizon,8,h8
217,known_visit,DMCHBA,bernoulli,0.25,19,361,4,10,dmchba_h8_bernoulli_025,scenarios/known_visit_10target_300.csv,1,9,5,22.981958616253284,22.981958616253284,01,01,1,0,True,known_visit_horizon,10,4,8,known_visit_horizon,commitment_horizon,8,h8
217,known_visit,DMCHBA,bernoulli,0.25,19,361,4,10,dmchba_h8_bernoulli_025,scenarios/known_visit_10target_300.csv,2,8,11,24.873238545159875,24.873238545159875,03,03,1,0,True,known_visit_horizon,10,4,8,known_visit_horizon,commitment_horizon,8,h8
217,known_visit,DMCHBA,bernoulli,0.25,19,361,4,10,dmchba_h8_bernoulli_025,scenarios/known_visit_10target_300.csv,3,16,13,28.01739911279106,28.01739911279106,02,02,2,1,True,known_visit_horizon,10,4,8,known_visit_horizon,commitment_horizon,8,h8
217,known_visit,DMCHBA,bernoulli,0.25,19,361,4,10,dmchba_h8_bernoulli_025,scenarios/known_visit_10target_300.csv,4,12,13,20.831592737332677,20.831592737332677,02,02,1,0,True,known_visit_horizon,10,4,8,known_visit_horizon,commitment_horizon,8,h8
217,known_visit,DMCHBA,bernoulli,0.25,19,361,4,10,dmchba_h8_bernoulli_025,scenarios/known_visit_10target_300.csv,5,5,3,12.204524353697918,12.204524353697918,01,01,1,0,True,known_visit_horizon,10,4,8,known_visit_horizon,commitment_horizon,8,h8
217,known_visit,DMCHBA,bernoulli,0.25,19,361,4,10,dmchba_h8_bernoulli_025,scenarios/known_visit_10target_300.csv,6,4,15,10.7547135563936,10.7547135563936,03,03,1,0,True,known_visit_horizon,10,4,8,known_visit_horizon,commitment_horizon,8,h8
217,known_visit,DMCHBA,bernoulli,0.25,19,361,4,10,dmchba_h8_bernoulli_025,scenarios/known_visit_10target_300.csv,7,17,2,32.280572402834586,32.280572402834586,00,00,1,0,True,known_visit_horizon,10,4,8,known_visit_horizon,commitment_horizon,8,h8
217,known_visit,DMCHBA,bernoulli,0.25,19,361,4,10,dmchba_h8_bernoulli_025,scenarios/known_visit_10target_300.csv,8,16,18,47.5703646137744,47.5703646137744,02,02,1,0,True,known_visit_horizon,10,4,8,known_visit_horizon,commitment_horizon,8,h8
217,known_visit,DMCHBA,bernoulli,0.25,19,361,4,10,dmchba_h8_bernoulli_025,scenarios/known_visit_10target_300.csv,9,18,12,33.38241939664135,33.38241939664135,02,02,1,0,True,known_visit_horizon,10,4,8,known_visit_horizon,commitment_horizon,8,h8
217,known_visit,DMCHBA,bernoulli,0.25,19,361,4,10,dmchba_h8_bernoulli_025,scenarios/known_visit_10target_300.csv,10,7,3,15.826506724999703,15.826506724999703,01,01,1,0,True,known_visit_horizon,10,4,8,known_visit_horizon,commitment_horizon,8,h8
218,known_visit,DMCHBA,bernoulli,0.25,19,361,4,10,dmchba_h8_bernoulli_025,scenarios/known_visit_10target_300.csv,1,16,13,27.460642961377143,27.460642961377143,02,02,1,0,True,known_visit_horizon,10,4,8,known_visit_horizon,commitment_horizon,8,h8
218,known_visit,DMCHBA,bernoulli,0.25,19,361,4,10,dmchba_h8_bernoulli_025,scenarios/known_visit_10target_300.csv,2,4,12,5.310411836819658,5.310411836819658,02,02,1,0,True,known_visit_horizon,10,4,8,known_visit_horizon,commitment_horizon,8,h8
218,known_visit,DMCHBA,bernoulli,0.25,19,361,4,10,dmchba_h8_bernoulli_025,scenarios/known_visit_10target_300.csv,3,15,12,23.71158630729524,23.71158630729524,02,02,1,0,True,known_visit_horizon,10,4,8,known_visit_horizon,commitment_horizon,8,h8
218,known_visit,DMCHBA,bernoulli,0.25,19,361,4,10,dmchba_h8_bernoulli_025,scenarios/known_visit_10target_300.csv,4,16,4,33.37933123466027,33.37933123466027,00,00,1,0,True,known_visit_horizon,10,4,8,known_visit_horizon,commitment_horizon,8,h8
218,known_visit,DMCHBA,bernoulli,0.25,19,361,4,10,dmchba_h8_bernoulli_025,scenarios/known_visit_10target_300.csv,5,7,12,10.277370250613048,10.277370250613048,02,02,2,1,True,known_visit_horizon,10,4,8,known_visit_horizon,commitment_horizon,8,h8
218,known_visit,DMCHBA,bernoulli,0.25,19,361,4,10,dmchba_h8_bernoulli_025,scenarios/known_visit_10target_300.csv,6,17,14,31.26611067513971,31.26611067513971,02,02,1,0,True,known_visit_horizon,10,4,8,known_visit_horizon,commitment_horizon,8,h8
218,known_visit,DMCHBA,bernoulli,0.25,19,361,4,10,dmchba_h8_bernoulli_025,scenarios/known_visit_10target_300.csv,7,4,9,10.758128411705439,10.758128411705439,01,01,1,0,True,known_visit_horizon,10,4,8,known_visit_horizon,commitment_horizon,8,h8
218,known_visit,DMCHBA,bernoulli,0.25,19,361,4,10,dmchba_h8_bernoulli_025,scenarios/known_visit_10target_300.csv,8,9,3,19.329005641262608,19.329005641262608,00,00,1,0,True,known_visit_horizon,10,4,8,known_visit_horizon,commitment_horizon,8,h8
218,known_visit,DMCHBA,bernoulli,0.25,19,361,4,10,dmchba_h8_bernoulli_025,scenarios/known_visit_10target_300.csv,9,6,11,17.78597485187893,17.78597485187893,01,01,2,1,True,known_visit_horizon,10,4,8,known_visit_horizon,commitment_horizon,8,h8
218,known_visit,DMCHBA,bernoulli,0.25,19,361,4,10,dmchba_h8_bernoulli_025,scenarios/known_visit_10target_300.csv,10,18,6,40.69227348989611,40.69227348989611,00,00,1,0,True,known_visit_horizon,10,4,8,known_visit_horizon,commitment_horizon,8,h8
219,known_visit,DMCHBA,bernoulli,0.25,19,361,4,10,dmchba_h8_bernoulli_025,scenarios/known_visit_10target_300.csv,1,5,10,53.501407306047554,53.501407306047554,02,02,1,0,True,known_visit_horizon,10,4,8,known_visit_horizon,commitment_horizon,8,h8
219,known_visit,DMCHBA,bernoulli,0.25,19,361,4,10,dmchba_h8_bernoulli_025,scenarios/known_visit_10target_300.csv,2,3,2,7.186347831682065,7.186347831682065,00,00,1,0,True,known_visit_horizon,10,4,8,known_visit_horizon,commitment_horizon,8,h8
219,known_visit,DMCHBA,bernoulli,0.25,19,361,4,10,dmchba_h8_bernoulli_025,scenarios/known_visit_10target_300.csv,3,7,15,16.18395464717432,16.18395464717432,03,03,1,0,True,known_visit_horizon,10,4,8,known_visit_horizon,commitment_horizon,8,h8
219,known_visit,DMCHBA,bernoulli,0.25,19,361,4,10,dmchba_h8_bernoulli_025,scenarios/known_visit_10target_300.csv,4,14,13,28.625421810960702,28.625421810960702,02,02,1,0,True,known_visit_horizon,10,4,8,known_visit_horizon,commitment_horizon,8,h8
219,known_visit,DMCHBA,bernoulli,0.25,19,361,4,10,dmchba_h8_bernoulli_025,scenarios/known_visit_10target_300.csv,5,2,9,7.425006202260316,7.425006202260316,01,01,1,0,True,known_visit_horizon,10,4,8,known_visit_horizon,commitment_horizon,8,h8
219,known_visit,DMCHBA,bernoulli,0.25,19,361,4,10,dmchba_h8_bernoulli_025,scenarios/known_visit_10target_300.csv,6,7,6,21.121521484480045,21.121521484480045,00,00,1,0,True,known_visit_horizon,10,4,8,known_visit_horizon,commitment_horizon,8,h8
219,known_visit,DMCHBA,bernoulli,0.25,19,361,4,10,dmchba_h8_bernoulli_025,scenarios/known_visit_10target_300.csv,7,7,12,14.92717420732418,14.92717420732418,02,02,1,0,True,known_visit_horizon,10,4,8,known_visit_horizon,commitment_horizon,8,h8
219,known_visit,DMCHBA,bernoulli,0.25,19,361,4,10,dmchba_h8_bernoulli_025,scenarios/known_visit_10target_300.csv,8,15,6,34.80217111752583,34.80217111752583,00,00,1,0,True,known_visit_horizon,10,4,8,known_visit_horizon,commitment_horizon,8,h8
219,known_visit,DMCHBA,bernoulli,0.25,19,361,4,10,dmchba_h8_bernoulli_025,scenarios/known_visit_10target_300.csv,9,10,9,46.92971603842053,46.92971603842053,01,01,1,0,True,known_visit_horizon,10,4,8,known_visit_horizon,commitment_horizon,8,h8
219,known_visit,DMCHBA,bernoulli,0.25,19,361,4,10,dmchba_h8_bernoulli_025,scenarios/known_visit_10target_300.csv,10,2,13,3.930953889881145,3.930953889881145,02,02,1,0,True,known_visit_horizon,10,4,8,known_visit_horizon,commitment_horizon,8,h8
220,known_visit,DMCHBA,bernoulli,0.25,19,361,4,10,dmchba_h8_bernoulli_025,scenarios/known_visit_10target_300.csv,1,3,11,5.940424062420526,5.940424062420526,02,02,2,1,True,known_visit_horizon,10,4,8,known_visit_horizon,commitment_horizon,8,h8
220,known_visit,DMCHBA,bernoulli,0.25,19,361,4,10,dmchba_h8_bernoulli_025,scenarios/known_visit_10target_300.csv,2,13,0,20.896857312565572,20.896857312565572,00,00,1,0,True,known_visit_horizon,10,4,8,known_visit_horizon,commitment_horizon,8,h8
220,known_visit,DMCHBA,bernoulli,0.25,19,361,4,10,dmchba_h8_bernoulli_025,scenarios/known_visit_10target_300.csv,3,3,12,14.295355070736463,14.295355070736463,03,03,1,0,True,known_visit_horizon,10,4,8,known_visit_horizon,commitment_horizon,8,h8
220,known_visit,DMCHBA,bernoulli,0.25,19,361,4,10,dmchba_h8_bernoulli_025,scenarios/known_visit_10target_300.csv,4,4,0,5.664240443827561,5.664240443827561,00,00,1,0,True,known_visit_horizon,10,4,8,known_visit_horizon,commitment_horizon,8,h8
220,known_visit,DMCHBA,bernoulli,0.25,19,361,4,10,dmchba_h8_bernoulli_025,scenarios/known_visit_10target_300.csv,5,0,15,3.6966891931671046,3.6966891931671046,03,03,1,0,True,known_visit_horizon,10,4,8,known_visit_horizon,commitment_horizon,8,h8
220,known_visit,DMCHBA,bernoulli,0.25,19,361,4,10,dmchba_h8_bernoulli_025,scenarios/known_visit_10target_300.csv,6,0,11,0.5148443337672337,0.5148443337672337,02,02,1,0,True,known_visit_horizon,10,4,8,known_visit_horizon,commitment_horizon,8,h8
220,known_visit,DMCHBA,bernoulli,0.25,19,361,4,10,dmchba_h8_bernoulli_025,scenarios/known_visit_10target_300.csv,7,2,6,1.9864839297883496,1.9864839297883496,01,01,2,1,True,known_visit_horizon,10,4,8,known_visit_horizon,commitment_horizon,8,h8
220,known_visit,DMCHBA,bernoulli,0.25,19,361,4,10,dmchba_h8_bernoulli_025,scenarios/known_visit_10target_300.csv,8,12,11,21.12982511961514,21.12982511961514,02,02,1,0,True,known_visit_horizon,10,4,8,known_visit_horizon,commitment_horizon,8,h8
220,known_visit,DMCHBA,bernoulli,0.25,19,361,4,10,dmchba_h8_bernoulli_025,scenarios/known_visit_10target_300.csv,9,11,6,16.923950638151403,16.923950638151403,01,01,1,0,True,known_visit_horizon,10,4,8,known_visit_horizon,commitment_horizon,8,h8
220,known_visit,DMCHBA,bernoulli,0.25,19,361,4,10,dmchba_h8_bernoulli_025,scenarios/known_visit_10target_300.csv,10,17,6,26.98098575821421,26.98098575821421,01,01,1,0,True,known_visit_horizon,10,4,8,known_visit_horizon,commitment_horizon,8,h8
221,known_visit,DMCHBA,bernoulli,0.25,19,361,4,10,dmchba_h8_bernoulli_025,scenarios/known_visit_10target_300.csv,1,0,13,0.49833907266802024,0.49833907266802024,02,02,2,1,True,known_visit_horizon,10,4,8,known_visit_horizon,commitment_horizon,8,h8
221,known_visit,DMCHBA,bernoulli,0.25,19,361,4,10,dmchba_h8_bernoulli_025,scenarios/known_visit_10target_300.csv,2,18,12,33.22659592346118,33.22659592346118,02,02,1,0,True,known_visit_horizon,10,4,8,known_visit_horizon,commitment_horizon,8,h8
221,known_visit,DMCHBA,bernoulli,0.25,19,361,4,10,dmchba_h8_bernoulli_025,scenarios/known_visit_10target_300.csv,3,16,3,30.630185237353196,30.630185237353196,00,00,1,0,True,known_visit_horizon,10,4,8,known_visit_horizon,commitment_horizon,8,h8
221,known_visit,DMCHBA,bernoulli,0.25,19,361,4,10,dmchba_h8_bernoulli_025,scenarios/known_visit_10target_300.csv,4,4,6,5.373362460501937,5.373362460501937,01,01,1,0,True,known_visit_horizon,10,4,8,known_visit_horizon,commitment_horizon,8,h8
221,known_visit,DMCHBA,bernoulli,0.25,19,361,4,10,dmchba_h8_bernoulli_025,scenarios/known_visit_10target_300.csv,5,18,11,34.83912082270249,34.83912082270249,02,02,1,0,True,known_visit_horizon,10,4,8,known_visit_horizon,commitment_horizon,8,h8
221,known_visit,DMCHBA,bernoulli,0.25,19,361,4,10,dmchba_h8_bernoulli_025,scenarios/known_visit_10target_300.csv,6,14,7,24.051349287218898,24.051349287218898,01,01,1,0,True,known_visit_horizon,10,4,8,known_visit_horizon,commitment_horizon,8,h8
221,known_visit,DMCHBA,bernoulli,0.25,19,361,4,10,dmchba_h8_bernoulli_025,scenarios/known_visit_10target_300.csv,7,15,9,29.568580633487425,29.568580633487425,01,01,1,0,True,known_visit_horizon,10,4,8,known_visit_horizon,commitment_horizon,8,h8
221,known_visit,DMCHBA,bernoulli,0.25,19,361,4,10,dmchba_h8_bernoulli_025,scenarios/known_visit_10target_300.csv,8,14,17,39.23424610863886,39.23424610863886,03,03,1,0,True,known_visit_horizon,10,4,8,known_visit_horizon,commitment_horizon,8,h8
221,known_visit,DMCHBA,bernoulli,0.25,19,361,4,10,dmchba_h8_bernoulli_025,scenarios/known_visit_10target_300.csv,9,4,13,7.6547863819189566,7.6547863819189566,02,02,2,1,True,known_visit_horizon,10,4,8,known_visit_horizon,commitment_horizon,8,h8
221,known_visit,DMCHBA,bernoulli,0.25,19,361,4,10,dmchba_h8_bernoulli_025,scenarios/known_visit_10target_300.csv,10,5,16,21.88654421440096,21.88654421440096,03,03,1,0,True,known_visit_horizon,10,4,8,known_visit_horizon,commitment_horizon,8,h8
222,known_visit,DMCHBA,bernoulli,0.25,19,361,4,10,dmchba_h8_bernoulli_025,scenarios/known_visit_10target_300.csv,1,1,4,3.8225464835447243,3.8225464835447243,01,01,1,0,True,known_visit_horizon,10,4,8,known_visit_horizon,commitment_horizon,8,h8
222,known_visit,DMCHBA,bernoulli,0.25,19,361,4,10,dmchba_h8_bernoulli_025,scenarios/known_visit_10target_300.csv,2,4,14,9.199795998481308,9.199795998481308,02,02,1,0,True,known_visit_horizon,10,4,8,known_visit_horizon,commitment_horizon,8,h8
222,known_visit,DMCHBA,bernoulli,0.25,19,361,4,10,dmchba_h8_bernoulli_025,scenarios/known_visit_10target_300.csv,3,12,18,19.607365681709343,19.607365681709343,03,03,1,0,True,known_visit_horizon,10,4,8,known_visit_horizon,commitment_horizon,8,h8
222,known_visit,DMCHBA,bernoulli,0.25,19,361,4,10,dmchba_h8_bernoulli_025,scenarios/known_visit_10target_300.csv,4,7,2,18.07302951901599,18.07302951901599,00,00,1,0,True,known_visit_horizon,10,4,8,known_visit_horizon,commitment_horizon,8,h8
222,known_visit,DMCHBA,bernoulli,0.25,19,361,4,10,dmchba_h8_bernoulli_025,scenarios/known_visit_10target_300.csv,5,2,5,7.875929911548349,7.875929911548349,01,01,2,1,True,known_visit_horizon,10,4,8,known_visit_horizon,commitment_horizon,8,h8
222,known_visit,DMCHBA,bernoulli,0.25,19,361,4,10,dmchba_h8_bernoulli_025,scenarios/known_visit_10target_300.csv,6,3,8,14.924290123025019,14.924290123025019,01,01,2,1,True,known_visit_horizon,10,4,8,known_visit_horizon,commitment_horizon,8,h8
222,known_visit,DMCHBA,bernoulli,0.25,19,361,4,10,dmchba_h8_bernoulli_025,scenarios/known_visit_10target_300.csv,7,2,14,5.545533940242013,5.545533940242013,02,02,2,1,True,known_visit_horizon,10,4,8,known_visit_horizon,commitment_horizon,8,h8
222,known_visit,DMCHBA,bernoulli,0.25,19,361,4,10,dmchba_h8_bernoulli_025,scenarios/known_visit_10target_300.csv,8,3,17,36.47311181366289,36.47311181366289,01,01,1,0,True,known_visit_horizon,10,4,8,known_visit_horizon,commitment_horizon,8,h8
222,known_visit,DMCHBA,bernoulli,0.25,19,361,4,10,dmchba_h8_bernoulli_025,scenarios/known_visit_10target_300.csv,9,6,18,9.539942457027418,9.539942457027418,03,03,1,0,True,known_visit_horizon,10,4,8,known_visit_horizon,commitment_horizon,8,h8
222,known_visit,DMCHBA,bernoulli,0.25,19,361,4,10,dmchba_h8_bernoulli_025,scenarios/known_visit_10target_300.csv,10,6,3,14.04639789948918,14.04639789948918,00,00,1,0,True,known_visit_horizon,10,4,8,known_visit_horizon,commitment_horizon,8,h8
223,known_visit,DMCHBA,bernoulli,0.25,19,361,4,10,dmchba_h8_bernoulli_025,scenarios/known_visit_10target_300.csv,1,12,1,21.42621970660285,21.42621970660285,00,00,1,0,True,known_visit_horizon,10,4,8,known_visit_horizon,commitment_horizon,8,h8
223,known_visit,DMCHBA,bernoulli,0.25,19,361,4,10,dmchba_h8_bernoulli_025,scenarios/known_visit_10target_300.csv,2,4,4,16.727272270100446,16.727272270100446,01,01,1,0,True,known_visit_horizon,10,4,8,known_visit_horizon,commitment_horizon,8,h8
223,known_visit,DMCHBA,bernoulli,0.25,19,361,4,10,dmchba_h8_bernoulli_025,scenarios/known_visit_10target_300.csv,3,6,9,14.099165708675335,14.099165708675335,02,02,1,0,True,known_visit_horizon,10,4,8,known_visit_horizon,commitment_horizon,8,h8
223,known_visit,DMCHBA,bernoulli,0.25,19,361,4,10,dmchba_h8_bernoulli_025,scenarios/known_visit_10target_300.csv,4,0,1,0.5317585051414406,0.5317585051414406,00,00,1,0,True,known_visit_horizon,10,4,8,known_visit_horizon,commitment_horizon,8,h8
223,known_visit,DMCHBA,bernoulli,0.25,19,361,4,10,dmchba_h8_bernoulli_025,scenarios/known_visit_10target_300.csv,5,2,9,7.088959581968868,7.088959581968868,02,02,1,0,True,known_visit_horizon,10,4,8,known_visit_horizon,commitment_horizon,8,h8
223,known_visit,DMCHBA,bernoulli,0.25,19,361,4,10,dmchba_h8_bernoulli_025,scenarios/known_visit_10target_300.csv,6,17,16,31.34005473126367,31.34005473126367,03,03,1,0,True,known_visit_horizon,10,4,8,known_visit_horizon,commitment_horizon,8,h8
223,known_visit,DMCHBA,bernoulli,0.25,19,361,4,10,dmchba_h8_bernoulli_025,scenarios/known_visit_10target_300.csv,7,7,4,22.14231981356737,22.14231981356737,01,01,1,0,True,known_visit_horizon,10,4,8,known_visit_horizon,commitment_horizon,8,h8
223,known_visit,DMCHBA,bernoulli,0.25,19,361,4,10,dmchba_h8_bernoulli_025,scenarios/known_visit_10target_300.csv,8,14,12,33.303203144566524,33.303203144566524,02,02,1,0,True,known_visit_horizon,10,4,8,known_visit_horizon,commitment_horizon,8,h8
223,known_visit,DMCHBA,bernoulli,0.25,19,361,4,10,dmchba_h8_bernoulli_025,scenarios/known_visit_10target_300.csv,9,11,10,24.68573666929254,24.68573666929254,02,02,1,0,True,known_visit_horizon,10,4,8,known_visit_horizon,commitment_horizon,8,h8
223,known_visit,DMCHBA,bernoulli,0.25,19,361,4,10,dmchba_h8_bernoulli_025,scenarios/known_visit_10target_300.csv,10,9,18,14.03263368238396,14.03263368238396,03,03,1,0,True,known_visit_horizon,10,4,8,known_visit_horizon,commitment_horizon,8,h8
224,known_visit,DMCHBA,bernoulli,0.25,19,361,4,10,dmchba_h8_bernoulli_025,scenarios/known_visit_10target_300.csv,1,2,5,3.9020398267621963,3.9020398267621963,01,01,1,0,True,known_visit_horizon,10,4,8,known_visit_horizon,commitment_horizon,8,h8
224,known_visit,DMCHBA,bernoulli,0.25,19,361,4,10,dmchba_h8_bernoulli_025,scenarios/known_visit_10target_300.csv,2,3,11,5.777861358748029,5.777861358748029,02,02,2,1,True,known_visit_horizon,10,4,8,known_visit_horizon,commitment_horizon,8,h8
224,known_visit,DMCHBA,bernoulli,0.25,19,361,4,10,dmchba_h8_bernoulli_025,scenarios/known_visit_10target_300.csv,3,10,13,24.636761928882894,24.636761928882894,03,03,1,0,True,known_visit_horizon,10,4,8,known_visit_horizon,commitment_horizon,8,h8
224,known_visit,DMCHBA,bernoulli,0.25,19,361,4,10,dmchba_h8_bernoulli_025,scenarios/known_visit_10target_300.csv,4,4,5,7.776070609037281,7.776070609037281,01,01,1,0,True,known_visit_horizon,10,4,8,known_visit_horizon,commitment_horizon,8,h8
224,known_visit,DMCHBA,bernoulli,0.25,19,361,4,10,dmchba_h8_bernoulli_025,scenarios/known_visit_10target_300.csv,5,10,4,22.90987791871106,22.90987791871106,00,00,1,0,True,known_visit_horizon,10,4,8,known_visit_horizon,commitment_horizon,8,h8
224,known_visit,DMCHBA,bernoulli,0.25,19,361,4,10,dmchba_h8_bernoulli_025,scenarios/known_visit_10target_300.csv,6,12,10,26.558631727973307,26.558631727973307,02,02,1,0,True,known_visit_horizon,10,4,8,known_visit_horizon,commitment_horizon,8,h8
224,known_visit,DMCHBA,bernoulli,0.25,19,361,4,10,dmchba_h8_bernoulli_025,scenarios/known_visit_10target_300.csv,7,6,1,10.926388380278683,10.926388380278683,00,00,1,0,True,known_visit_horizon,10,4,8,known_visit_horizon,commitment_horizon,8,h8
224,known_visit,DMCHBA,bernoulli,0.25,19,361,4,10,dmchba_h8_bernoulli_025,scenarios/known_visit_10target_300.csv,8,4,9,10.96993985161601,10.96993985161601,02,02,2,1,True,known_visit_horizon,10,4,8,known_visit_horizon,commitment_horizon,8,h8
224,known_visit,DMCHBA,bernoulli,0.25,19,361,4,10,dmchba_h8_bernoulli_025,scenarios/known_visit_10target_300.csv,9,11,18,35.10249086706902,35.10249086706902,03,03,1,0,True,known_visit_horizon,10,4,8,known_visit_horizon,commitment_horizon,8,h8
224,known_visit,DMCHBA,bernoulli,0.25,19,361,4,10,dmchba_h8_bernoulli_025,scenarios/known_visit_10target_300.csv,10,3,14,10.625914098431307,10.625914098431307,03,03,1,0,True,known_visit_horizon,10,4,8,known_visit_horizon,commitment_horizon,8,h8
225,known_visit,DMCHBA,bernoulli,0.25,19,361,4,10,dmchba_h8_bernoulli_025,scenarios/known_visit_10target_300.csv,1,2,5,3.743883368164855,3.743883368164855,01,01,2,1,True,known_visit_horizon,10,4,8,known_visit_horizon,commitment_horizon,8,h8
225,known_visit,DMCHBA,bernoulli,0.25,19,361,4,10,dmchba_h8_bernoulli_025,scenarios/known_visit_10target_300.csv,2,17,8,38.1375204589011,38.1375204589011,01,01,2,1,True,known_visit_horizon,10,4,8,known_visit_horizon,commitment_horizon,8,h8
225,known_visit,DMCHBA,bernoulli,0.25,19,361,4,10,dmchba_h8_bernoulli_025,scenarios/known_visit_10target_300.csv,3,18,4,50.73319202033182,50.73319202033182,02,02,1,0,True,known_visit_horizon,10,4,8,known_visit_horizon,commitment_horizon,8,h8
225,known_visit,DMCHBA,bernoulli,0.25,19,361,4,10,dmchba_h8_bernoulli_025,scenarios/known_visit_10target_300.csv,4,2,14,5.355887544753259,5.355887544753259,02,02,2,1,True,known_visit_horizon,10,4,8,known_visit_horizon,commitment_horizon,8,h8
225,known_visit,DMCHBA,bernoulli,0.25,19,361,4,10,dmchba_h8_bernoulli_025,scenarios/known_visit_10target_300.csv,5,14,14,26.17471911705522,26.17471911705522,02,02,1,0,True,known_visit_horizon,10,4,8,known_visit_horizon,commitment_horizon,8,h8
225,known_visit,DMCHBA,bernoulli,0.25,19,361,4,10,dmchba_h8_bernoulli_025,scenarios/known_visit_10target_300.csv,6,3,16,7.404999345448943,7.404999345448943,03,03,2,1,True,known_visit_horizon,10,4,8,known_visit_horizon,commitment_horizon,8,h8
225,known_visit,DMCHBA,bernoulli,0.25,19,361,4,10,dmchba_h8_bernoulli_025,scenarios/known_visit_10target_300.csv,7,16,15,35.87849323103664,35.87849323103664,03,03,1,0,True,known_visit_horizon,10,4,8,known_visit_horizon,commitment_horizon,8,h8
225,known_visit,DMCHBA,bernoulli,0.25,19,361,4,10,dmchba_h8_bernoulli_025,scenarios/known_visit_10target_300.csv,8,15,11,33.28716189402172,33.28716189402172,02,02,2,1,True,known_visit_horizon,10,4,8,known_visit_horizon,commitment_horizon,8,h8
225,known_visit,DMCHBA,bernoulli,0.25,19,361,4,10,dmchba_h8_bernoulli_025,scenarios/known_visit_10target_300.csv,9,2,4,5.364669280385862,5.364669280385862,01,01,2,1,True,known_visit_horizon,10,4,8,known_visit_horizon,commitment_horizon,8,h8
225,known_visit,DMCHBA,bernoulli,0.25,19,361,4,10,dmchba_h8_bernoulli_025,scenarios/known_visit_10target_300.csv,10,4,17,11.417786809912625,11.417786809912625,03,03,1,0,True,known_visit_horizon,10,4,8,known_visit_horizon,commitment_horizon,8,h8
226,known_visit,DMCHBA,bernoulli,0.25,19,361,4,10,dmchba_h8_bernoulli_025,scenarios/known_visit_10target_300.csv,1,14,18,36.95397586033185,36.95397586033185,02,02,1,0,True,known_visit_horizon,10,4,8,known_visit_horizon,commitment_horizon,8,h8
226,known_visit,DMCHBA,bernoulli,0.25,19,361,4,10,dmchba_h8_bernoulli_025,scenarios/known_visit_10target_300.csv,2,15,16,31.54526687014796,31.54526687014796,02,02,1,0,True,known_visit_horizon,10,4,8,known_visit_horizon,commitment_horizon,8,h8
226,known_visit,DMCHBA,bernoulli,0.25,19,361,4,10,dmchba_h8_bernoulli_025,scenarios/known_visit_10target_300.csv,3,8,13,14.212180209919042,14.212180209919042,02,02,2,1,True,known_visit_horizon,10,4,8,known_visit_horizon,commitment_horizon,8,h8
226,known_visit,DMCHBA,bernoulli,0.25,19,361,4,10,dmchba_h8_bernoulli_025,scenarios/known_visit_10target_300.csv,4,1,18,0.10467505214350821,0.10467505214350821,03,03,1,0,True,known_visit_horizon,10,4,8,known_visit_horizon,commitment_horizon,8,h8
226,known_visit,DMCHBA,bernoulli,0.25,19,361,4,10,dmchba_h8_bernoulli_025,scenarios/known_visit_10target_300.csv,5,10,15,21.170111341548047,21.170111341548047,02,02,2,1,True,known_visit_horizon,10,4,8,known_visit_horizon,commitment_horizon,8,h8
226,known_visit,DMCHBA,bernoulli,0.25,19,361,4,10,dmchba_h8_bernoulli_025,scenarios/known_visit_10target_300.csv,6,15,5,40.364198562364415,40.364198562364415,00,00,1,0,True,known_visit_horizon,10,4,8,known_visit_horizon,commitment_horizon,8,h8
226,known_visit,DMCHBA,bernoulli,0.25,19,361,4,10,dmchba_h8_bernoulli_025,scenarios/known_visit_10target_300.csv,7,5,16,10.693102883834742,10.693102883834742,03,03,1,0,True,known_visit_horizon,10,4,8,known_visit_horizon,commitment_horizon,8,h8
226,known_visit,DMCHBA,bernoulli,0.25,19,361,4,10,dmchba_h8_bernoulli_025,scenarios/known_visit_10target_300.csv,8,18,11,50.88029995160316,50.88029995160316,03,03,1,0,True,known_visit_horizon,10,4,8,known_visit_horizon,commitment_horizon,8,h8
226,known_visit,DMCHBA,bernoulli,0.25,19,361,4,10,dmchba_h8_bernoulli_025,scenarios/known_visit_10target_300.csv,9,17,0,27.577477546235777,27.577477546235777,00,00,1,0,True,known_visit_horizon,10,4,8,known_visit_horizon,commitment_horizon,8,h8
226,known_visit,DMCHBA,bernoulli,0.25,19,361,4,10,dmchba_h8_bernoulli_025,scenarios/known_visit_10target_300.csv,10,12,6,18.809134601304404,18.809134601304404,01,01,1,0,True,known_visit_horizon,10,4,8,known_visit_horizon,commitment_horizon,8,h8
227,known_visit,DMCHBA,bernoulli,0.25,19,361,4,10,dmchba_h8_bernoulli_025,scenarios/known_visit_10target_300.csv,1,5,13,13.385915265943417,13.385915265943417,02,02,1,0,True,known_visit_horizon,10,4,8,known_visit_horizon,commitment_horizon,8,h8
227,known_visit,DMCHBA,bernoulli,0.25,19,361,4,10,dmchba_h8_bernoulli_025,scenarios/known_visit_10target_300.csv,2,8,16,19.723285118250406,19.723285118250406,03,03,1,0,True,known_visit_horizon,10,4,8,known_visit_horizon,commitment_horizon,8,h8
227,known_visit,DMCHBA,bernoulli,0.25,19,361,4,10,dmchba_h8_bernoulli_025,scenarios/known_visit_10target_300.csv,3,12,8,34.02561017941964,34.02561017941964,02,02,1,0,True,known_visit_horizon,10,4,8,known_visit_horizon,commitment_horizon,8,h8
227,known_visit,DMCHBA,bernoulli,0.25,19,361,4,10,dmchba_h8_bernoulli_025,scenarios/known_visit_10target_300.csv,4,2,15,7.181871840179727,7.181871840179727,03,03,1,0,True,known_visit_horizon,10,4,8,known_visit_horizon,commitment_horizon,8,h8
227,known_visit,DMCHBA,bernoulli,0.25,19,361,4,10,dmchba_h8_bernoulli_025,scenarios/known_visit_10target_300.csv,5,6,5,18.174817734757312,18.174817734757312,00,00,1,0,True,known_visit_horizon,10,4,8,known_visit_horizon,commitment_horizon,8,h8
227,known_visit,DMCHBA,bernoulli,0.25,19,361,4,10,dmchba_h8_bernoulli_025,scenarios/known_visit_10target_300.csv,6,1,0,0.1379590574468736,0.1379590574468736,00,00,2,1,True,known_visit_horizon,10,4,8,known_visit_horizon,commitment_horizon,8,h8
227,known_visit,DMCHBA,bernoulli,0.25,19,361,4,10,dmchba_h8_bernoulli_025,scenarios/known_visit_10target_300.csv,7,4,1,7.316917562498801,7.316917562498801,00,00,1,0,True,known_visit_horizon,10,4,8,known_visit_horizon,commitment_horizon,8,h8
227,known_visit,DMCHBA,bernoulli,0.25,19,361,4,10,dmchba_h8_bernoulli_025,scenarios/known_visit_10target_300.csv,8,13,1,37.846242721817994,37.846242721817994,01,01,1,0,True,known_visit_horizon,10,4,8,known_visit_horizon,commitment_horizon,8,h8
227,known_visit,DMCHBA,bernoulli,0.25,19,361,4,10,dmchba_h8_bernoulli_025,scenarios/known_visit_10target_300.csv,9,12,3,32.102037082254995,32.102037082254995,00,00,1,0,True,known_visit_horizon,10,4,8,known_visit_horizon,commitment_horizon,8,h8
227,known_visit,DMCHBA,bernoulli,0.25,19,361,4,10,dmchba_h8_bernoulli_025,scenarios/known_visit_10target_300.csv,10,12,6,37.73620621691722,37.73620621691722,02,02,1,0,True,known_visit_horizon,10,4,8,known_visit_horizon,commitment_horizon,8,h8
228,known_visit,DMCHBA,bernoulli,0.25,19,361,4,10,dmchba_h8_bernoulli_025,scenarios/known_visit_10target_300.csv,1,1,12,0.13203046197859544,0.13203046197859544,02,02,1,0,True,known_visit_horizon,10,4,8,known_visit_horizon,commitment_horizon,8,h8
228,known_visit,DMCHBA,bernoulli,0.25,19,361,4,10,dmchba_h8_bernoulli_025,scenarios/known_visit_10target_300.csv,2,7,18,10.57969884666024,10.57969884666024,03,03,2,1,True,known_visit_horizon,10,4,8,known_visit_horizon,commitment_horizon,8,h8
228,known_visit,DMCHBA,bernoulli,0.25,19,361,4,10,dmchba_h8_bernoulli_025,scenarios/known_visit_10target_300.csv,3,11,16,21.28020839313086,21.28020839313086,03,03,1,0,True,known_visit_horizon,10,4,8,known_visit_horizon,commitment_horizon,8,h8
228,known_visit,DMCHBA,bernoulli,0.25,19,361,4,10,dmchba_h8_bernoulli_025,scenarios/known_visit_10target_300.csv,4,2,6,1.8604092834491441,1.8604092834491441,01,01,1,0,True,known_visit_horizon,10,4,8,known_visit_horizon,commitment_horizon,8,h8
228,known_visit,DMCHBA,bernoulli,0.25,19,361,4,10,dmchba_h8_bernoulli_025,scenarios/known_visit_10target_300.csv,5,18,17,38.93584597340279,38.93584597340279,03,03,1,0,True,known_visit_horizon,10,4,8,known_visit_horizon,commitment_horizon,8,h8
228,known_visit,DMCHBA,bernoulli,0.25,19,361,4,10,dmchba_h8_bernoulli_025,scenarios/known_visit_10target_300.csv,6,12,18,26.565326970670124,26.565326970670124,03,03,1,0,True,known_visit_horizon,10,4,8,known_visit_horizon,commitment_horizon,8,h8
228,known_visit,DMCHBA,bernoulli,0.25,19,361,4,10,dmchba_h8_bernoulli_025,scenarios/known_visit_10target_300.csv,7,18,2,33.090535705165976,33.090535705165976,00,00,1,0,True,known_visit_horizon,10,4,8,known_visit_horizon,commitment_horizon,8,h8
228,known_visit,DMCHBA,bernoulli,0.25,19,361,4,10,dmchba_h8_bernoulli_025,scenarios/known_visit_10target_300.csv,8,1,14,3.785844818452009,3.785844818452009,02,02,1,0,True,known_visit_horizon,10,4,8,known_visit_horizon,commitment_horizon,8,h8
228,known_visit,DMCHBA,bernoulli,0.25,19,361,4,10,dmchba_h8_bernoulli_025,scenarios/known_visit_10target_300.csv,9,10,11,24.17548025722561,24.17548025722561,01,01,1,0,True,known_visit_horizon,10,4,8,known_visit_horizon,commitment_horizon,8,h8
228,known_visit,DMCHBA,bernoulli,0.25,19,361,4,10,dmchba_h8_bernoulli_025,scenarios/known_visit_10target_300.csv,10,10,17,17.662755498486057,17.662755498486057,03,03,2,1,True,known_visit_horizon,10,4,8,known_visit_horizon,commitment_horizon,8,h8
229,known_visit,DMCHBA,bernoulli,0.25,19,361,4,10,dmchba_h8_bernoulli_025,scenarios/known_visit_10target_300.csv,1,4,17,7.13920723925012,7.13920723925012,03,03,1,0,True,known_visit_horizon,10,4,8,known_visit_horizon,commitment_horizon,8,h8
229,known_visit,DMCHBA,bernoulli,0.25,19,361,4,10,dmchba_h8_bernoulli_025,scenarios/known_visit_10target_300.csv,2,15,7,36.9671840411804,36.9671840411804,00,00,1,0,True,known_visit_horizon,10,4,8,known_visit_horizon,commitment_horizon,8,h8
229,known_visit,DMCHBA,bernoulli,0.25,19,361,4,10,dmchba_h8_bernoulli_025,scenarios/known_visit_10target_300.csv,3,11,18,21.338013524867304,21.338013524867304,03,03,1,0,True,known_visit_horizon,10,4,8,known_visit_horizon,commitment_horizon,8,h8
229,known_visit,DMCHBA,bernoulli,0.25,19,361,4,10,dmchba_h8_bernoulli_025,scenarios/known_visit_10target_300.csv,4,4,9,18.335325348269095,18.335325348269095,01,01,2,1,True,known_visit_horizon,10,4,8,known_visit_horizon,commitment_horizon,8,h8
229,known_visit,DMCHBA,bernoulli,0.25,19,361,4,10,dmchba_h8_bernoulli_025,scenarios/known_visit_10target_300.csv,5,8,13,21.484640267971493,21.484640267971493,02,02,1,0,True,known_visit_horizon,10,4,8,known_visit_horizon,commitment_horizon,8,h8
229,known_visit,DMCHBA,bernoulli,0.25,19,361,4,10,dmchba_h8_bernoulli_025,scenarios/known_visit_10target_300.csv,6,12,18,23.316364262244964,23.316364262244964,03,03,1,0,True,known_visit_horizon,10,4,8,known_visit_horizon,commitment_horizon,8,h8
229,known_visit,DMCHBA,bernoulli,0.25,19,361,4,10,dmchba_h8_bernoulli_025,scenarios/known_visit_10target_300.csv,7,4,5,7.203760904548634,7.203760904548634,01,01,1,0,True,known_visit_horizon,10,4,8,known_visit_horizon,commitment_horizon,8,h8
229,known_visit,DMCHBA,bernoulli,0.25,19,361,4,10,dmchba_h8_bernoulli_025,scenarios/known_visit_10target_300.csv,8,8,4,19.64326504764861,19.64326504764861,00,00,1,0,True,known_visit_horizon,10,4,8,known_visit_horizon,commitment_horizon,8,h8
229,known_visit,DMCHBA,bernoulli,0.25,19,361,4,10,dmchba_h8_bernoulli_025,scenarios/known_visit_10target_300.csv,9,2,10,23.79168781180603,23.79168781180603,01,01,1,0,True,known_visit_horizon,10,4,8,known_visit_horizon,commitment_horizon,8,h8
229,known_visit,DMCHBA,bernoulli,0.25,19,361,4,10,dmchba_h8_bernoulli_025,scenarios/known_visit_10target_300.csv,10,3,15,8.910650930186897,8.910650930186897,02,02,1,0,True,known_visit_horizon,10,4,8,known_visit_horizon,commitment_horizon,8,h8
230,known_visit,DMCHBA,bernoulli,0.25,19,361,4,10,dmchba_h8_bernoulli_025,scenarios/known_visit_10target_300.csv,1,13,9,41.70102656886618,41.70102656886618,03,03,1,0,True,known_visit_horizon,10,4,8,known_visit_horizon,commitment_horizon,8,h8
230,known_visit,DMCHBA,bernoulli,0.25,19,361,4,10,dmchba_h8_bernoulli_025,scenarios/known_visit_10target_300.csv,2,17,11,37.7870169685226,37.7870169685226,02,02,1,0,True,known_visit_horizon,10,4,8,known_visit_horizon,commitment_horizon,8,h8
230,known_visit,DMCHBA,bernoulli,0.25,19,361,4,10,dmchba_h8_bernoulli_025,scenarios/known_visit_10target_300.csv,3,12,10,22.903497632823598,22.903497632823598,02,02,1,0,True,known_visit_horizon,10,4,8,known_visit_horizon,commitment_horizon,8,h8
230,known_visit,DMCHBA,bernoulli,0.25,19,361,4,10,dmchba_h8_bernoulli_025,scenarios/known_visit_10target_300.csv,4,1,18,0.14583551565325625,0.14583551565325625,03,03,1,0,True,known_visit_horizon,10,4,8,known_visit_horizon,commitment_horizon,8,h8
230,known_visit,DMCHBA,bernoulli,0.25,19,361,4,10,dmchba_h8_bernoulli_025,scenarios/known_visit_10target_300.csv,5,12,8,22.215797919633204,22.215797919633204,01,01,1,0,True,known_visit_horizon,10,4,8,known_visit_horizon,commitment_horizon,8,h8
230,known_visit,DMCHBA,bernoulli,0.25,19,361,4,10,dmchba_h8_bernoulli_025,scenarios/known_visit_10target_300.csv,6,14,12,30.319197202639025,30.319197202639025,02,02,2,1,True,known_visit_horizon,10,4,8,known_visit_horizon,commitment_horizon,8,h8
230,known_visit,DMCHBA,bernoulli,0.25,19,361,4,10,dmchba_h8_bernoulli_025,scenarios/known_visit_10target_300.csv,7,16,1,35.35864972668854,35.35864972668854,00,00,1,0,True,known_visit_horizon,10,4,8,known_visit_horizon,commitment_horizon,8,h8
230,known_visit,DMCHBA,bernoulli,0.25,19,361,4,10,dmchba_h8_bernoulli_025,scenarios/known_visit_10target_300.csv,8,0,4,70.7487621944493,70.7487621944493,01,01,1,0,True,known_visit_horizon,10,4,8,known_visit_horizon,commitment_horizon,8,h8
230,known_visit,DMCHBA,bernoulli,0.25,19,361,4,10,dmchba_h8_bernoulli_025,scenarios/known_visit_10target_300.csv,9,18,5,38.08980608742069,38.08980608742069,01,01,1,0,True,known_visit_horizon,10,4,8,known_visit_horizon,commitment_horizon,8,h8
230,known_visit,DMCHBA,bernoulli,0.25,19,361,4,10,dmchba_h8_bernoulli_025,scenarios/known_visit_10target_300.csv,10,2,3,7.347067680705317,7.347067680705317,00,00,2,1,True,known_visit_horizon,10,4,8,known_visit_horizon,commitment_horizon,8,h8
231,known_visit,DMCHBA,bernoulli,0.25,19,361,4,10,dmchba_h8_bernoulli_025,scenarios/known_visit_10target_300.csv,1,4,4,27.001261109964513,27.001261109964513,01,01,1,0,True,known_visit_horizon,10,4,8,known_visit_horizon,commitment_horizon,8,h8
231,known_visit,DMCHBA,bernoulli,0.25,19,361,4,10,dmchba_h8_bernoulli_025,scenarios/known_visit_10target_300.csv,2,13,10,29.137633006156765,29.137633006156765,02,02,2,1,True,known_visit_horizon,10,4,8,known_visit_horizon,commitment_horizon,8,h8
231,known_visit,DMCHBA,bernoulli,0.25,19,361,4,10,dmchba_h8_bernoulli_025,scenarios/known_visit_10target_300.csv,3,12,12,23.544973938113685,23.544973938113685,02,02,1,0,True,known_visit_horizon,10,4,8,known_visit_horizon,commitment_horizon,8,h8
231,known_visit,DMCHBA,bernoulli,0.25,19,361,4,10,dmchba_h8_bernoulli_025,scenarios/known_visit_10target_300.csv,4,13,14,27.82747241421284,27.82747241421284,03,03,1,0,True,known_visit_horizon,10,4,8,known_visit_horizon,commitment_horizon,8,h8
231,known_visit,DMCHBA,bernoulli,0.25,19,361,4,10,dmchba_h8_bernoulli_025,scenarios/known_visit_10target_300.csv,5,13,5,34.74485313712748,34.74485313712748,00,00,1,0,True,known_visit_horizon,10,4,8,known_visit_horizon,commitment_horizon,8,h8
231,known_visit,DMCHBA,bernoulli,0.25,19,361,4,10,dmchba_h8_bernoulli_025,scenarios/known_visit_10target_300.csv,6,0,10,5.589380019465784,5.589380019465784,01,01,1,0,True,known_visit_horizon,10,4,8,known_visit_horizon,commitment_horizon,8,h8
231,known_visit,DMCHBA,bernoulli,0.25,19,361,4,10,dmchba_h8_bernoulli_025,scenarios/known_visit_10target_300.csv,7,5,1,9.033589487218807,9.033589487218807,00,00,2,1,True,known_visit_horizon,10,4,8,known_visit_horizon,commitment_horizon,8,h8
231,known_visit,DMCHBA,bernoulli,0.25,19,361,4,10,dmchba_h8_bernoulli_025,scenarios/known_visit_10target_300.csv,8,11,0,21.56990177843922,21.56990177843922,00,00,1,0,True,known_visit_horizon,10,4,8,known_visit_horizon,commitment_horizon,8,h8
231,known_visit,DMCHBA,bernoulli,0.25,19,361,4,10,dmchba_h8_bernoulli_025,scenarios/known_visit_10target_300.csv,9,0,11,0.5285161502403157,0.5285161502403157,02,02,2,1,True,known_visit_horizon,10,4,8,known_visit_horizon,commitment_horizon,8,h8
231,known_visit,DMCHBA,bernoulli,0.25,19,361,4,10,dmchba_h8_bernoulli_025,scenarios/known_visit_10target_300.csv,10,12,5,32.75208905703963,32.75208905703963,00,00,1,0,True,known_visit_horizon,10,4,8,known_visit_horizon,commitment_horizon,8,h8
232,known_visit,DMCHBA,bernoulli,0.25,19,361,4,10,dmchba_h8_bernoulli_025,scenarios/known_visit_10target_300.csv,1,7,2,13.888882665878088,13.888882665878088,00,00,1,0,True,known_visit_horizon,10,4,8,known_visit_horizon,commitment_horizon,8,h8
232,known_visit,DMCHBA,bernoulli,0.25,19,361,4,10,dmchba_h8_bernoulli_025,scenarios/known_visit_10target_300.csv,2,4,11,7.33857183979429,7.33857183979429,02,02,1,0,True,known_visit_horizon,10,4,8,known_visit_horizon,commitment_horizon,8,h8
232,known_visit,DMCHBA,bernoulli,0.25,19,361,4,10,dmchba_h8_bernoulli_025,scenarios/known_visit_10target_300.csv,3,17,15,32.832405163213814,32.832405163213814,03,03,1,0,True,known_visit_horizon,10,4,8,known_visit_horizon,commitment_horizon,8,h8
232,known_visit,DMCHBA,bernoulli,0.25,19,361,4,10,dmchba_h8_bernoulli_025,scenarios/known_visit_10target_300.csv,4,9,15,19.11428148391039,19.11428148391039,03,03,1,0,True,known_visit_horizon,10,4,8,known_visit_horizon,commitment_horizon,8,h8
232,known_visit,DMCHBA,bernoulli,0.25,19,361,4,10,dmchba_h8_bernoulli_025,scenarios/known_visit_10target_300.csv,5,3,11,5.255410125570218,5.255410125570218,02,02,1,0,True,known_visit_horizon,10,4,8,known_visit_horizon,commitment_horizon,8,h8
232,known_visit,DMCHBA,bernoulli,0.25,19,361,4,10,dmchba_h8_bernoulli_025,scenarios/known_visit_10target_300.csv,6,13,14,27.890068722083512,27.890068722083512,02,02,1,0,True,known_visit_horizon,10,4,8,known_visit_horizon,commitment_horizon,8,h8
232,known_visit,DMCHBA,bernoulli,0.25,19,361,4,10,dmchba_h8_bernoulli_025,scenarios/known_visit_10target_300.csv,7,13,5,29.839318367667932,29.839318367667932,00,00,1,0,True,known_visit_horizon,10,4,8,known_visit_horizon,commitment_horizon,8,h8
232,known_visit,DMCHBA,bernoulli,0.25,19,361,4,10,dmchba_h8_bernoulli_025,scenarios/known_visit_10target_300.csv,8,4,17,7.101081870931106,7.101081870931106,03,03,1,0,True,known_visit_horizon,10,4,8,known_visit_horizon,commitment_horizon,8,h8
232,known_visit,DMCHBA,bernoulli,0.25,19,361,4,10,dmchba_h8_bernoulli_025,scenarios/known_visit_10target_300.csv,9,3,0,3.4669064915677485,3.4669064915677485,00,00,1,0,True,known_visit_horizon,10,4,8,known_visit_horizon,commitment_horizon,8,h8
232,known_visit,DMCHBA,bernoulli,0.25,19,361,4,10,dmchba_h8_bernoulli_025,scenarios/known_visit_10target_300.csv,10,4,18,5.084057701451566,5.084057701451566,03,03,1,0,True,known_visit_horizon,10,4,8,known_visit_horizon,commitment_horizon,8,h8
233,known_visit,DMCHBA,bernoulli,0.25,19,361,4,10,dmchba_h8_bernoulli_025,scenarios/known_visit_10target_300.csv,1,13,3,26.14274040081765,26.14274040081765,00,00,1,0,True,known_visit_horizon,10,4,8,known_visit_horizon,commitment_horizon,8,h8
233,known_visit,DMCHBA,bernoulli,0.25,19,361,4,10,dmchba_h8_bernoulli_025,scenarios/known_visit_10target_300.csv,2,8,14,16.356810646366963,16.356810646366963,02,02,1,0,True,known_visit_horizon,10,4,8,known_visit_horizon,commitment_horizon,8,h8
233,known_visit,DMCHBA,bernoulli,0.25,19,361,4,10,dmchba_h8_bernoulli_025,scenarios/known_visit_10target_300.csv,3,9,17,15.968446813639654,15.968446813639654,03,03,1,0,True,known_visit_horizon,10,4,8,known_visit_horizon,commitment_horizon,8,h8
233,known_visit,DMCHBA,bernoulli,0.25,19,361,4,10,dmchba_h8_bernoulli_025,scenarios/known_visit_10target_300.csv,4,6,13,10.824217022715027,10.824217022715027,02,02,1,0,True,known_visit_horizon,10,4,8,known_visit_horizon,commitment_horizon,8,h8
233,known_visit,DMCHBA,bernoulli,0.25,19,361,4,10,dmchba_h8_bernoulli_025,scenarios/known_visit_10target_300.csv,5,8,8,23.458009482432225,23.458009482432225,01,01,1,0,True,known_visit_horizon,10,4,8,known_visit_horizon,commitment_horizon,8,h8
233,known_visit,DMCHBA,bernoulli,0.25,19,361,4,10,dmchba_h8_bernoulli_025,scenarios/known_visit_10target_300.csv,6,6,10,15.954642668480178,15.954642668480178,01,01,1,0,True,known_visit_horizon,10,4,8,known_visit_horizon,commitment_horizon,8,h8
233,known_visit,DMCHBA,bernoulli,0.25,19,361,4,10,dmchba_h8_bernoulli_025,scenarios/known_visit_10target_300.csv,7,15,14,28.23402265900173,28.23402265900173,02,02,1,0,True,known_visit_horizon,10,4,8,known_visit_horizon,commitment_horizon,8,h8
233,known_visit,DMCHBA,bernoulli,0.25,19,361,4,10,dmchba_h8_bernoulli_025,scenarios/known_visit_10target_300.csv,8,12,14,23.15269222074241,23.15269222074241,02,02,1,0,True,known_visit_horizon,10,4,8,known_visit_horizon,commitment_horizon,8,h8
233,known_visit,DMCHBA,bernoulli,0.25,19,361,4,10,dmchba_h8_bernoulli_025,scenarios/known_visit_10target_300.csv,9,15,1,33.18007298837683,33.18007298837683,00,00,1,0,True,known_visit_horizon,10,4,8,known_visit_horizon,commitment_horizon,8,h8
233,known_visit,DMCHBA,bernoulli,0.25,19,361,4,10,dmchba_h8_bernoulli_025,scenarios/known_visit_10target_300.csv,10,3,2,7.313185726053929,7.313185726053929,00,00,1,0,True,known_visit_horizon,10,4,8,known_visit_horizon,commitment_horizon,8,h8
234,known_visit,DMCHBA,bernoulli,0.25,19,361,4,10,dmchba_h8_bernoulli_025,scenarios/known_visit_10target_300.csv,1,8,16,15.75376313039432,15.75376313039432,03,03,1,0,True,known_visit_horizon,10,4,8,known_visit_horizon,commitment_horizon,8,h8
234,known_visit,DMCHBA,bernoulli,0.25,19,361,4,10,dmchba_h8_bernoulli_025,scenarios/known_visit_10target_300.csv,2,8,13,42.4159527207401,42.4159527207401,03,03,1,0,True,known_visit_horizon,10,4,8,known_visit_horizon,commitment_horizon,8,h8
234,known_visit,DMCHBA,bernoulli,0.25,19,361,4,10,dmchba_h8_bernoulli_025,scenarios/known_visit_10target_300.csv,3,8,0,20.008171732730418,20.008171732730418,00,00,1,0,True,known_visit_horizon,10,4,8,known_visit_horizon,commitment_horizon,8,h8
234,known_visit,DMCHBA,bernoulli,0.25,19,361,4,10,dmchba_h8_bernoulli_025,scenarios/known_visit_10target_300.csv,4,10,5,18.058421491985946,18.058421491985946,01,01,1,0,True,known_visit_horizon,10,4,8,known_visit_horizon,commitment_horizon,8,h8
234,known_visit,DMCHBA,bernoulli,0.25,19,361,4,10,dmchba_h8_bernoulli_025,scenarios/known_visit_10target_300.csv,5,7,11,12.572163319033999,12.572163319033999,02,02,1,0,True,known_visit_horizon,10,4,8,known_visit_horizon,commitment_horizon,8,h8
234,known_visit,DMCHBA,bernoulli,0.25,19,361,4,10,dmchba_h8_bernoulli_025,scenarios/known_visit_10target_300.csv,6,14,16,26.282534362630358,26.282534362630358,03,03,1,0,True,known_visit_horizon,10,4,8,known_visit_horizon,commitment_horizon,8,h8
234,known_visit,DMCHBA,bernoulli,0.25,19,361,4,10,dmchba_h8_bernoulli_025,scenarios/known_visit_10target_300.csv,7,15,9,34.22099309544328,34.22099309544328,02,02,1,0,True,known_visit_horizon,10,4,8,known_visit_horizon,commitment_horizon,8,h8
234,known_visit,DMCHBA,bernoulli,0.25,19,361,4,10,dmchba_h8_bernoulli_025,scenarios/known_visit_10target_300.csv,8,9,8,21.807555643074807,21.807555643074807,02,02,1,0,True,known_visit_horizon,10,4,8,known_visit_horizon,commitment_horizon,8,h8
234,known_visit,DMCHBA,bernoulli,0.25,19,361,4,10,dmchba_h8_bernoulli_025,scenarios/known_visit_10target_300.csv,9,5,2,10.650467039458693,10.650467039458693,00,00,1,0,True,known_visit_horizon,10,4,8,known_visit_horizon,commitment_horizon,8,h8
234,known_visit,DMCHBA,bernoulli,0.25,19,361,4,10,dmchba_h8_bernoulli_025,scenarios/known_visit_10target_300.csv,10,12,0,27.124372629976733,27.124372629976733,00,00,1,0,True,known_visit_horizon,10,4,8,known_visit_horizon,commitment_horizon,8,h8
235,known_visit,DMCHBA,bernoulli,0.25,19,361,4,10,dmchba_h8_bernoulli_025,scenarios/known_visit_10target_300.csv,1,10,6,26.291221750148736,26.291221750148736,00,00,1,0,True,known_visit_horizon,10,4,8,known_visit_horizon,commitment_horizon,8,h8
235,known_visit,DMCHBA,bernoulli,0.25,19,361,4,10,dmchba_h8_bernoulli_025,scenarios/known_visit_10target_300.csv,2,13,16,24.58630909550278,24.58630909550278,03,03,1,0,True,known_visit_horizon,10,4,8,known_visit_horizon,commitment_horizon,8,h8
235,known_visit,DMCHBA,bernoulli,0.25,19,361,4,10,dmchba_h8_bernoulli_025,scenarios/known_visit_10target_300.csv,3,15,0,45.569603779073205,45.569603779073205,00,00,1,0,True,known_visit_horizon,10,4,8,known_visit_horizon,commitment_horizon,8,h8
235,known_visit,DMCHBA,bernoulli,0.25,19,361,4,10,dmchba_h8_bernoulli_025,scenarios/known_visit_10target_300.csv,4,0,16,2.1502541229104812,2.1502541229104812,03,03,1,0,True,known_visit_horizon,10,4,8,known_visit_horizon,commitment_horizon,8,h8
235,known_visit,DMCHBA,bernoulli,0.25,19,361,4,10,dmchba_h8_bernoulli_025,scenarios/known_visit_10target_300.csv,5,18,13,38.67892467195078,38.67892467195078,03,03,1,0,True,known_visit_horizon,10,4,8,known_visit_horizon,commitment_horizon,8,h8
235,known_visit,DMCHBA,bernoulli,0.25,19,361,4,10,dmchba_h8_bernoulli_025,scenarios/known_visit_10target_300.csv,6,0,10,2.333439644719557,2.333439644719557,02,02,2,1,True,known_visit_horizon,10,4,8,known_visit_horizon,commitment_horizon,8,h8
235,known_visit,DMCHBA,bernoulli,0.25,19,361,4,10,dmchba_h8_bernoulli_025,scenarios/known_visit_10target_300.csv,7,3,4,11.00616848582836,11.00616848582836,00,00,1,0,True,known_visit_horizon,10,4,8,known_visit_horizon,commitment_horizon,8,h8
235,known_visit,DMCHBA,bernoulli,0.25,19,361,4,10,dmchba_h8_bernoulli_025,scenarios/known_visit_10target_300.csv,8,13,12,28.767603820925785,28.767603820925785,02,02,1,0,True,known_visit_horizon,10,4,8,known_visit_horizon,commitment_horizon,8,h8
235,known_visit,DMCHBA,bernoulli,0.25,19,361,4,10,dmchba_h8_bernoulli_025,scenarios/known_visit_10target_300.csv,9,1,7,2.3475122913643176,2.3475122913643176,01,01,1,0,True,known_visit_horizon,10,4,8,known_visit_horizon,commitment_horizon,8,h8
235,known_visit,DMCHBA,bernoulli,0.25,19,361,4,10,dmchba_h8_bernoulli_025,scenarios/known_visit_10target_300.csv,10,0,3,3.9666442203799575,3.9666442203799575,00,00,1,0,True,known_visit_horizon,10,4,8,known_visit_horizon,commitment_horizon,8,h8
236,known_visit,DMCHBA,bernoulli,0.25,19,361,4,10,dmchba_h8_bernoulli_025,scenarios/known_visit_10target_300.csv,1,2,16,5.87564064197426,5.87564064197426,03,03,1,0,True,known_visit_horizon,10,4,8,known_visit_horizon,commitment_horizon,8,h8
236,known_visit,DMCHBA,bernoulli,0.25,19,361,4,10,dmchba_h8_bernoulli_025,scenarios/known_visit_10target_300.csv,2,3,12,3.520230696072112,3.520230696072112,02,02,1,0,True,known_visit_horizon,10,4,8,known_visit_horizon,commitment_horizon,8,h8
236,known_visit,DMCHBA,bernoulli,0.25,19,361,4,10,dmchba_h8_bernoulli_025,scenarios/known_visit_10target_300.csv,3,11,7,26.356705701387465,26.356705701387465,01,01,1,0,True,known_visit_horizon,10,4,8,known_visit_horizon,commitment_horizon,8,h8
236,known_visit,DMCHBA,bernoulli,0.25,19,361,4,10,dmchba_h8_bernoulli_025,scenarios/known_visit_10target_300.csv,4,18,5,37.63582903337658,37.63582903337658,00,00,1,0,True,known_visit_horizon,10,4,8,known_visit_horizon,commitment_horizon,8,h8
236,known_visit,DMCHBA,bernoulli,0.25,19,361,4,10,dmchba_h8_bernoulli_025,scenarios/known_visit_10target_300.csv,5,7,10,14.114029857818995,14.114029857818995,02,02,1,0,True,known_visit_horizon,10,4,8,known_visit_horizon,commitment_horizon,8,h8
236,known_visit,DMCHBA,bernoulli,0.25,19,361,4,10,dmchba_h8_bernoulli_025,scenarios/known_visit_10target_300.csv,6,8,10,16.128452121496146,16.128452121496146,02,02,1,0,True,known_visit_horizon,10,4,8,known_visit_horizon,commitment_horizon,8,h8
236,known_visit,DMCHBA,bernoulli,0.25,19,361,4,10,dmchba_h8_bernoulli_025,scenarios/known_visit_10target_300.csv,7,15,13,33.72664376378425,33.72664376378425,03,03,1,0,True,known_visit_horizon,10,4,8,known_visit_horizon,commitment_horizon,8,h8
236,known_visit,DMCHBA,bernoulli,0.25,19,361,4,10,dmchba_h8_bernoulli_025,scenarios/known_visit_10target_300.csv,8,4,9,10.525894454254988,10.525894454254988,01,01,1,0,True,known_visit_horizon,10,4,8,known_visit_horizon,commitment_horizon,8,h8
236,known_visit,DMCHBA,bernoulli,0.25,19,361,4,10,dmchba_h8_bernoulli_025,scenarios/known_visit_10target_300.csv,9,4,6,4.989629180445019,4.989629180445019,01,01,1,0,True,known_visit_horizon,10,4,8,known_visit_horizon,commitment_horizon,8,h8
236,known_visit,DMCHBA,bernoulli,0.25,19,361,4,10,dmchba_h8_bernoulli_025,scenarios/known_visit_10target_300.csv,10,1,16,3.9170226163641586,3.9170226163641586,03,03,1,0,True,known_visit_horizon,10,4,8,known_visit_horizon,commitment_horizon,8,h8
237,known_visit,DMCHBA,bernoulli,0.25,19,361,4,10,dmchba_h8_bernoulli_025,scenarios/known_visit_10target_300.csv,1,4,7,7.150999949204668,7.150999949204668,01,01,1,0,True,known_visit_horizon,10,4,8,known_visit_horizon,commitment_horizon,8,h8
237,known_visit,DMCHBA,bernoulli,0.25,19,361,4,10,dmchba_h8_bernoulli_025,scenarios/known_visit_10target_300.csv,2,8,2,58.908198548657154,58.908198548657154,01,01,1,0,True,known_visit_horizon,10,4,8,known_visit_horizon,commitment_horizon,8,h8
237,known_visit,DMCHBA,bernoulli,0.25,19,361,4,10,dmchba_h8_bernoulli_025,scenarios/known_visit_10target_300.csv,3,4,1,7.498175189797399,7.498175189797399,00,00,1,0,True,known_visit_horizon,10,4,8,known_visit_horizon,commitment_horizon,8,h8
237,known_visit,DMCHBA,bernoulli,0.25,19,361,4,10,dmchba_h8_bernoulli_025,scenarios/known_visit_10target_300.csv,4,4,4,16.46794255455708,16.46794255455708,01,01,1,0,True,known_visit_horizon,10,4,8,known_visit_horizon,commitment_horizon,8,h8
237,known_visit,DMCHBA,bernoulli,0.25,19,361,4,10,dmchba_h8_bernoulli_025,scenarios/known_visit_10target_300.csv,5,11,8,39.42681018411529,39.42681018411529,01,01,1,0,True,known_visit_horizon,10,4,8,known_visit_horizon,commitment_horizon,8,h8
237,known_visit,DMCHBA,bernoulli,0.25,19,361,4,10,dmchba_h8_bernoulli_025,scenarios/known_visit_10target_300.csv,6,0,17,0.45988090085993816,0.45988090085993816,03,03,1,0,True,known_visit_horizon,10,4,8,known_visit_horizon,commitment_horizon,8,h8
237,known_visit,DMCHBA,bernoulli,0.25,19,361,4,10,dmchba_h8_bernoulli_025,scenarios/known_visit_10target_300.csv,7,17,15,33.15482254642854,33.15482254642854,02,02,1,0,True,known_visit_horizon,10,4,8,known_visit_horizon,commitment_horizon,8,h8
237,known_visit,DMCHBA,bernoulli,0.25,19,361,4,10,dmchba_h8_bernoulli_025,scenarios/known_visit_10target_300.csv,8,6,15,14.368341010815902,14.368341010815902,02,02,2,1,True,known_visit_horizon,10,4,8,known_visit_horizon,commitment_horizon,8,h8
237,known_visit,DMCHBA,bernoulli,0.25,19,361,4,10,dmchba_h8_bernoulli_025,scenarios/known_visit_10target_300.csv,9,4,13,41.39320539300991,41.39320539300991,03,03,1,0,True,known_visit_horizon,10,4,8,known_visit_horizon,commitment_horizon,8,h8
237,known_visit,DMCHBA,bernoulli,0.25,19,361,4,10,dmchba_h8_bernoulli_025,scenarios/known_visit_10target_300.csv,10,14,1,24.78862132048698,24.78862132048698,00,00,1,0,True,known_visit_horizon,10,4,8,known_visit_horizon,commitment_horizon,8,h8
238,known_visit,DMCHBA,bernoulli,0.25,19,361,4,10,dmchba_h8_bernoulli_025,scenarios/known_visit_10target_300.csv,1,6,14,15.412307127806878,15.412307127806878,03,03,1,0,True,known_visit_horizon,10,4,8,known_visit_horizon,commitment_horizon,8,h8
238,known_visit,DMCHBA,bernoulli,0.25,19,361,4,10,dmchba_h8_bernoulli_025,scenarios/known_visit_10target_300.csv,2,1,13,2.1999155184063057,2.1999155184063057,02,02,1,0,True,known_visit_horizon,10,4,8,known_visit_horizon,commitment_horizon,8,h8
238,known_visit,DMCHBA,bernoulli,0.25,19,361,4,10,dmchba_h8_bernoulli_025,scenarios/known_visit_10target_300.csv,3,15,11,32.916029751866795,32.916029751866795,01,01,1,0,True,known_visit_horizon,10,4,8,known_visit_horizon,commitment_horizon,8,h8
238,known_visit,DMCHBA,bernoulli,0.25,19,361,4,10,dmchba_h8_bernoulli_025,scenarios/known_visit_10target_300.csv,4,13,8,24.107877592390672,24.107877592390672,01,01,1,0,True,known_visit_horizon,10,4,8,known_visit_horizon,commitment_horizon,8,h8
238,known_visit,DMCHBA,bernoulli,0.25,19,361,4,10,dmchba_h8_bernoulli_025,scenarios/known_visit_10target_300.csv,5,9,10,21.375347407508478,21.375347407508478,02,02,1,0,True,known_visit_horizon,10,4,8,known_visit_horizon,commitment_horizon,8,h8
238,known_visit,DMCHBA,bernoulli,0.25,19,361,4,10,dmchba_h8_bernoulli_025,scenarios/known_visit_10target_300.csv,6,13,0,31.97646365337323,31.97646365337323,00,00,1,0,True,known_visit_horizon,10,4,8,known_visit_horizon,commitment_horizon,8,h8
238,known_visit,DMCHBA,bernoulli,0.25,19,361,4,10,dmchba_h8_bernoulli_025,scenarios/known_visit_10target_300.csv,7,3,3,9.159369832794626,9.159369832794626,00,00,1,0,True,known_visit_horizon,10,4,8,known_visit_horizon,commitment_horizon,8,h8
238,known_visit,DMCHBA,bernoulli,0.25,19,361,4,10,dmchba_h8_bernoulli_025,scenarios/known_visit_10target_300.csv,8,9,16,24.62186030312811,24.62186030312811,03,03,1,0,True,known_visit_horizon,10,4,8,known_visit_horizon,commitment_horizon,8,h8
238,known_visit,DMCHBA,bernoulli,0.25,19,361,4,10,dmchba_h8_bernoulli_025,scenarios/known_visit_10target_300.csv,9,2,18,1.8066870150108478,1.8066870150108478,03,03,1,0,True,known_visit_horizon,10,4,8,known_visit_horizon,commitment_horizon,8,h8
238,known_visit,DMCHBA,bernoulli,0.25,19,361,4,10,dmchba_h8_bernoulli_025,scenarios/known_visit_10target_300.csv,10,12,3,24.818933163458862,24.818933163458862,00,00,1,0,True,known_visit_horizon,10,4,8,known_visit_horizon,commitment_horizon,8,h8
239,known_visit,DMCHBA,bernoulli,0.25,19,361,4,10,dmchba_h8_bernoulli_025,scenarios/known_visit_10target_300.csv,1,16,3,31.16459298892365,31.16459298892365,00,00,1,0,True,known_visit_horizon,10,4,8,known_visit_horizon,commitment_horizon,8,h8
239,known_visit,DMCHBA,bernoulli,0.25,19,361,4,10,dmchba_h8_bernoulli_025,scenarios/known_visit_10target_300.csv,2,16,0,36.57108469877023,36.57108469877023,00,00,1,0,True,known_visit_horizon,10,4,8,known_visit_horizon,commitment_horizon,8,h8
239,known_visit,DMCHBA,bernoulli,0.25,19,361,4,10,dmchba_h8_bernoulli_025,scenarios/known_visit_10target_300.csv,3,4,3,10.546409615488423,10.546409615488423,00,00,1,0,True,known_visit_horizon,10,4,8,known_visit_horizon,commitment_horizon,8,h8
239,known_visit,DMCHBA,bernoulli,0.25,19,361,4,10,dmchba_h8_bernoulli_025,scenarios/known_visit_10target_300.csv,4,13,11,36.80851780859378,36.80851780859378,02,02,1,0,True,known_visit_horizon,10,4,8,known_visit_horizon,commitment_horizon,8,h8
239,known_visit,DMCHBA,bernoulli,0.25,19,361,4,10,dmchba_h8_bernoulli_025,scenarios/known_visit_10target_300.csv,5,14,6,29.83258453404512,29.83258453404512,01,01,1,0,True,known_visit_horizon,10,4,8,known_visit_horizon,commitment_horizon,8,h8
239,known_visit,DMCHBA,bernoulli,0.25,19,361,4,10,dmchba_h8_bernoulli_025,scenarios/known_visit_10target_300.csv,6,17,0,38.57864816242889,38.57864816242889,00,00,1,0,True,known_visit_horizon,10,4,8,known_visit_horizon,commitment_horizon,8,h8
239,known_visit,DMCHBA,bernoulli,0.25,19,361,4,10,dmchba_h8_bernoulli_025,scenarios/known_visit_10target_300.csv,7,2,17,3.9954666439114717,3.9954666439114717,03,03,1,0,True,known_visit_horizon,10,4,8,known_visit_horizon,commitment_horizon,8,h8
239,known_visit,DMCHBA,bernoulli,0.25,19,361,4,10,dmchba_h8_bernoulli_025,scenarios/known_visit_10target_300.csv,8,8,7,20.906537331657606,20.906537331657606,02,02,2,1,True,known_visit_horizon,10,4,8,known_visit_horizon,commitment_horizon,8,h8
239,known_visit,DMCHBA,bernoulli,0.25,19,361,4,10,dmchba_h8_bernoulli_025,scenarios/known_visit_10target_300.csv,9,4,7,24.76179601413118,24.76179601413118,03,03,1,0,True,known_visit_horizon,10,4,8,known_visit_horizon,commitment_horizon,8,h8
239,known_visit,DMCHBA,bernoulli,0.25,19,361,4,10,dmchba_h8_bernoulli_025,scenarios/known_visit_10target_300.csv,10,8,10,15.78362919953645,15.78362919953645,02,02,1,0,True,known_visit_horizon,10,4,8,known_visit_horizon,commitment_horizon,8,h8
240,known_visit,DMCHBA,bernoulli,0.25,19,361,4,10,dmchba_h8_bernoulli_025,scenarios/known_visit_10target_300.csv,1,3,3,9.134784623746967,9.134784623746967,00,00,2,1,True,known_visit_horizon,10,4,8,known_visit_horizon,commitment_horizon,8,h8
240,known_visit,DMCHBA,bernoulli,0.25,19,361,4,10,dmchba_h8_bernoulli_025,scenarios/known_visit_10target_300.csv,2,7,9,16.186993547790145,16.186993547790145,02,02,1,0,True,known_visit_horizon,10,4,8,known_visit_horizon,commitment_horizon,8,h8
240,known_visit,DMCHBA,bernoulli,0.25,19,361,4,10,dmchba_h8_bernoulli_025,scenarios/known_visit_10target_300.csv,3,18,7,42.48376026122703,42.48376026122703,02,02,1,0,True,known_visit_horizon,10,4,8,known_visit_horizon,commitment_horizon,8,h8
240,known_visit,DMCHBA,bernoulli,0.25,19,361,4,10,dmchba_h8_bernoulli_025,scenarios/known_visit_10target_300.csv,4,3,10,7.360709479826488,7.360709479826488,02,02,2,1,True,known_visit_horizon,10,4,8,known_visit_horizon,commitment_horizon,8,h8
240,known_visit,DMCHBA,bernoulli,0.25,19,361,4,10,dmchba_h8_bernoulli_025,scenarios/known_visit_10target_300.csv,5,14,16,26.398420314055706,26.398420314055706,03,03,1,0,True,known_visit_horizon,10,4,8,known_visit_horizon,commitment_horizon,8,h8
240,known_visit,DMCHBA,bernoulli,0.25,19,361,4,10,dmchba_h8_bernoulli_025,scenarios/known_visit_10target_300.csv,6,6,17,10.707666113121576,10.707666113121576,03,03,1,0,True,known_visit_horizon,10,4,8,known_visit_horizon,commitment_horizon,8,h8
240,known_visit,DMCHBA,bernoulli,0.25,19,361,4,10,dmchba_h8_bernoulli_025,scenarios/known_visit_10target_300.csv,7,3,5,5.742339412135663,5.742339412135663,01,01,1,0,True,known_visit_horizon,10,4,8,known_visit_horizon,commitment_horizon,8,h8
240,known_visit,DMCHBA,bernoulli,0.25,19,361,4,10,dmchba_h8_bernoulli_025,scenarios/known_visit_10target_300.csv,8,14,14,30.296732180731198,30.296732180731198,03,03,1,0,True,known_visit_horizon,10,4,8,known_visit_horizon,commitment_horizon,8,h8
240,known_visit,DMCHBA,bernoulli,0.25,19,361,4,10,dmchba_h8_bernoulli_025,scenarios/known_visit_10target_300.csv,9,12,1,28.375254271735816,28.375254271735816,00,00,1,0,True,known_visit_horizon,10,4,8,known_visit_horizon,commitment_horizon,8,h8
240,known_visit,DMCHBA,bernoulli,0.25,19,361,4,10,dmchba_h8_bernoulli_025,scenarios/known_visit_10target_300.csv,10,4,9,11.088994390968162,11.088994390968162,02,02,2,1,True,known_visit_horizon,10,4,8,known_visit_horizon,commitment_horizon,8,h8
241,known_visit,DMCHBA,bernoulli,0.25,19,361,4,10,dmchba_h8_bernoulli_025,scenarios/known_visit_10target_300.csv,1,0,14,2.1760688869134817,2.1760688869134817,02,02,1,0,True,known_visit_horizon,10,4,8,known_visit_horizon,commitment_horizon,8,h8
241,known_visit,DMCHBA,bernoulli,0.25,19,361,4,10,dmchba_h8_bernoulli_025,scenarios/known_visit_10target_300.csv,2,0,15,3.867094602342053,3.867094602342053,03,03,1,0,True,known_visit_horizon,10,4,8,known_visit_horizon,commitment_horizon,8,h8
241,known_visit,DMCHBA,bernoulli,0.25,19,361,4,10,dmchba_h8_bernoulli_025,scenarios/known_visit_10target_300.csv,3,8,0,16.23912124632705,16.23912124632705,00,00,1,0,True,known_visit_horizon,10,4,8,known_visit_horizon,commitment_horizon,8,h8
241,known_visit,DMCHBA,bernoulli,0.25,19,361,4,10,dmchba_h8_bernoulli_025,scenarios/known_visit_10target_300.csv,4,7,4,18.139549662924757,18.139549662924757,01,01,1,0,True,known_visit_horizon,10,4,8,known_visit_horizon,commitment_horizon,8,h8
241,known_visit,DMCHBA,bernoulli,0.25,19,361,4,10,dmchba_h8_bernoulli_025,scenarios/known_visit_10target_300.csv,5,9,13,30.46676380633821,30.46676380633821,03,03,1,0,True,known_visit_horizon,10,4,8,known_visit_horizon,commitment_horizon,8,h8
241,known_visit,DMCHBA,bernoulli,0.25,19,361,4,10,dmchba_h8_bernoulli_025,scenarios/known_visit_10target_300.csv,6,12,0,23.35752425818291,23.35752425818291,00,00,1,0,True,known_visit_horizon,10,4,8,known_visit_horizon,commitment_horizon,8,h8
241,known_visit,DMCHBA,bernoulli,0.25,19,361,4,10,dmchba_h8_bernoulli_025,scenarios/known_visit_10target_300.csv,7,6,17,17.944889806112336,17.944889806112336,03,03,1,0,True,known_visit_horizon,10,4,8,known_visit_horizon,commitment_horizon,8,h8
241,known_visit,DMCHBA,bernoulli,0.25,19,361,4,10,dmchba_h8_bernoulli_025,scenarios/known_visit_10target_300.csv,8,1,7,2.3247637286304874,2.3247637286304874,01,01,1,0,True,known_visit_horizon,10,4,8,known_visit_horizon,commitment_horizon,8,h8
241,known_visit,DMCHBA,bernoulli,0.25,19,361,4,10,dmchba_h8_bernoulli_025,scenarios/known_visit_10target_300.csv,9,0,9,14.823074660608853,14.823074660608853,02,02,1,0,True,known_visit_horizon,10,4,8,known_visit_horizon,commitment_horizon,8,h8
241,known_visit,DMCHBA,bernoulli,0.25,19,361,4,10,dmchba_h8_bernoulli_025,scenarios/known_visit_10target_300.csv,10,14,3,31.678136393915334,31.678136393915334,01,01,1,0,True,known_visit_horizon,10,4,8,known_visit_horizon,commitment_horizon,8,h8
242,known_visit,DMCHBA,bernoulli,0.25,19,361,4,10,dmchba_h8_bernoulli_025,scenarios/known_visit_10target_300.csv,1,7,9,16.048350650885098,16.048350650885098,01,01,1,0,True,known_visit_horizon,10,4,8,known_visit_horizon,commitment_horizon,8,h8
242,known_visit,DMCHBA,bernoulli,0.25,19,361,4,10,dmchba_h8_bernoulli_025,scenarios/known_visit_10target_300.csv,2,13,2,24.063028374203373,24.063028374203373,00,00,1,0,True,known_visit_horizon,10,4,8,known_visit_horizon,commitment_horizon,8,h8
242,known_visit,DMCHBA,bernoulli,0.25,19,361,4,10,dmchba_h8_bernoulli_025,scenarios/known_visit_10target_300.csv,3,13,16,28.008402224531988,28.008402224531988,03,03,1,0,True,known_visit_horizon,10,4,8,known_visit_horizon,commitment_horizon,8,h8
242,known_visit,DMCHBA,bernoulli,0.25,19,361,4,10,dmchba_h8_bernoulli_025,scenarios/known_visit_10target_300.csv,4,5,15,12.535699717691624,12.535699717691624,03,03,1,0,True,known_visit_horizon,10,4,8,known_visit_horizon,commitment_horizon,8,h8
242,known_visit,DMCHBA,bernoulli,0.25,19,361,4,10,dmchba_h8_bernoulli_025,scenarios/known_visit_10target_300.csv,5,6,11,18.441335393842074,18.441335393842074,02,02,1,0,True,known_visit_horizon,10,4,8,known_visit_horizon,commitment_horizon,8,h8
242,known_visit,DMCHBA,bernoulli,0.25,19,361,4,10,dmchba_h8_bernoulli_025,scenarios/known_visit_10target_300.csv,6,16,1,31.724764831821272,31.724764831821272,00,00,1,0,True,known_visit_horizon,10,4,8,known_visit_horizon,commitment_horizon,8,h8
242,known_visit,DMCHBA,bernoulli,0.25,19,361,4,10,dmchba_h8_bernoulli_025,scenarios/known_visit_10target_300.csv,7,16,6,40.099336443857695,40.099336443857695,01,01,1,0,True,known_visit_horizon,10,4,8,known_visit_horizon,commitment_horizon,8,h8
242,known_visit,DMCHBA,bernoulli,0.25,19,361,4,10,dmchba_h8_bernoulli_025,scenarios/known_visit_10target_300.csv,8,10,15,20.97545502366074,20.97545502366074,03,03,1,0,True,known_visit_horizon,10,4,8,known_visit_horizon,commitment_horizon,8,h8
242,known_visit,DMCHBA,bernoulli,0.25,19,361,4,10,dmchba_h8_bernoulli_025,scenarios/known_visit_10target_300.csv,9,16,2,29.642591625355674,29.642591625355674,00,00,1,0,True,known_visit_horizon,10,4,8,known_visit_horizon,commitment_horizon,8,h8
242,known_visit,DMCHBA,bernoulli,0.25,19,361,4,10,dmchba_h8_bernoulli_025,scenarios/known_visit_10target_300.csv,10,3,14,7.343765346151113,7.343765346151113,02,02,1,0,True,known_visit_horizon,10,4,8,known_visit_horizon,commitment_horizon,8,h8
243,known_visit,DMCHBA,bernoulli,0.25,19,361,4,10,dmchba_h8_bernoulli_025,scenarios/known_visit_10target_300.csv,1,1,2,3.7401444744669585,3.7401444744669585,00,00,1,0,True,known_visit_horizon,10,4,8,known_visit_horizon,commitment_horizon,8,h8
243,known_visit,DMCHBA,bernoulli,0.25,19,361,4,10,dmchba_h8_bernoulli_025,scenarios/known_visit_10target_300.csv,2,18,15,34.77392673775828,34.77392673775828,03,03,1,0,True,known_visit_horizon,10,4,8,known_visit_horizon,commitment_horizon,8,h8
243,known_visit,DMCHBA,bernoulli,0.25,19,361,4,10,dmchba_h8_bernoulli_025,scenarios/known_visit_10target_300.csv,3,9,3,29.97189582728423,29.97189582728423,00,00,1,0,True,known_visit_horizon,10,4,8,known_visit_horizon,commitment_horizon,8,h8
243,known_visit,DMCHBA,bernoulli,0.25,19,361,4,10,dmchba_h8_bernoulli_025,scenarios/known_visit_10target_300.csv,4,4,13,11.37976479989164,11.37976479989164,02,02,1,0,True,known_visit_horizon,10,4,8,known_visit_horizon,commitment_horizon,8,h8
243,known_visit,DMCHBA,bernoulli,0.25,19,361,4,10,dmchba_h8_bernoulli_025,scenarios/known_visit_10target_300.csv,5,18,0,50.954185750524175,50.954185750524175,00,00,1,0,True,known_visit_horizon,10,4,8,known_visit_horizon,commitment_horizon,8,h8
243,known_visit,DMCHBA,bernoulli,0.25,19,361,4,10,dmchba_h8_bernoulli_025,scenarios/known_visit_10target_300.csv,6,3,14,7.400181805886911,7.400181805886911,02,02,1,0,True,known_visit_horizon,10,4,8,known_visit_horizon,commitment_horizon,8,h8
243,known_visit,DMCHBA,bernoulli,0.25,19,361,4,10,dmchba_h8_bernoulli_025,scenarios/known_visit_10target_300.csv,7,2,6,2.001963247402636,2.001963247402636,01,01,2,1,True,known_visit_horizon,10,4,8,known_visit_horizon,commitment_horizon,8,h8
243,known_visit,DMCHBA,bernoulli,0.25,19,361,4,10,dmchba_h8_bernoulli_025,scenarios/known_visit_10target_300.csv,8,8,9,17.767531604400226,17.767531604400226,01,01,1,0,True,known_visit_horizon,10,4,8,known_visit_horizon,commitment_horizon,8,h8
243,known_visit,DMCHBA,bernoulli,0.25,19,361,4,10,dmchba_h8_bernoulli_025,scenarios/known_visit_10target_300.csv,9,12,2,37.01216305761331,37.01216305761331,00,00,2,1,True,known_visit_horizon,10,4,8,known_visit_horizon,commitment_horizon,8,h8
243,known_visit,DMCHBA,bernoulli,0.25,19,361,4,10,dmchba_h8_bernoulli_025,scenarios/known_visit_10target_300.csv,10,3,15,8.990620608748449,8.990620608748449,03,03,1,0,True,known_visit_horizon,10,4,8,known_visit_horizon,commitment_horizon,8,h8
244,known_visit,DMCHBA,bernoulli,0.25,19,361,4,10,dmchba_h8_bernoulli_025,scenarios/known_visit_10target_300.csv,1,17,5,51.95939818647207,51.95939818647207,00,00,1,0,True,known_visit_horizon,10,4,8,known_visit_horizon,commitment_horizon,8,h8
244,known_visit,DMCHBA,bernoulli,0.25,19,361,4,10,dmchba_h8_bernoulli_025,scenarios/known_visit_10target_300.csv,2,15,4,46.17438727848466,46.17438727848466,00,00,1,0,True,known_visit_horizon,10,4,8,known_visit_horizon,commitment_horizon,8,h8
244,known_visit,DMCHBA,bernoulli,0.25,19,361,4,10,dmchba_h8_bernoulli_025,scenarios/known_visit_10target_300.csv,3,17,18,35.34678960578054,35.34678960578054,03,03,1,0,True,known_visit_horizon,10,4,8,known_visit_horizon,commitment_horizon,8,h8
244,known_visit,DMCHBA,bernoulli,0.25,19,361,4,10,dmchba_h8_bernoulli_025,scenarios/known_visit_10target_300.csv,4,1,18,0.2512976855752539,0.2512976855752539,03,03,1,0,True,known_visit_horizon,10,4,8,known_visit_horizon,commitment_horizon,8,h8
244,known_visit,DMCHBA,bernoulli,0.25,19,361,4,10,dmchba_h8_bernoulli_025,scenarios/known_visit_10target_300.csv,5,5,6,6.970151061062424,6.970151061062424,01,01,1,0,True,known_visit_horizon,10,4,8,known_visit_horizon,commitment_horizon,8,h8
244,known_visit,DMCHBA,bernoulli,0.25,19,361,4,10,dmchba_h8_bernoulli_025,scenarios/known_visit_10target_300.csv,6,16,10,36.55433810263474,36.55433810263474,02,02,2,1,True,known_visit_horizon,10,4,8,known_visit_horizon,commitment_horizon,8,h8
244,known_visit,DMCHBA,bernoulli,0.25,19,361,4,10,dmchba_h8_bernoulli_025,scenarios/known_visit_10target_300.csv,7,9,5,15.89909086343423,15.89909086343423,01,01,2,1,True,known_visit_horizon,10,4,8,known_visit_horizon,commitment_horizon,8,h8
244,known_visit,DMCHBA,bernoulli,0.25,19,361,4,10,dmchba_h8_bernoulli_025,scenarios/known_visit_10target_300.csv,8,10,16,19.466482078840976,19.466482078840976,03,03,1,0,True,known_visit_horizon,10,4,8,known_visit_horizon,commitment_horizon,8,h8
244,known_visit,DMCHBA,bernoulli,0.25,19,361,4,10,dmchba_h8_bernoulli_025,scenarios/known_visit_10target_300.csv,9,17,11,40.54566163362785,40.54566163362785,02,02,1,0,True,known_visit_horizon,10,4,8,known_visit_horizon,commitment_horizon,8,h8
244,known_visit,DMCHBA,bernoulli,0.25,19,361,4,10,dmchba_h8_bernoulli_025,scenarios/known_visit_10target_300.csv,10,9,9,26.871813153379854,26.871813153379854,01,01,1,0,True,known_visit_horizon,10,4,8,known_visit_horizon,commitment_horizon,8,h8
245,known_visit,DMCHBA,bernoulli,0.25,19,361,4,10,dmchba_h8_bernoulli_025,scenarios/known_visit_10target_300.csv,1,5,4,10.602553053373114,10.602553053373114,01,01,1,0,True,known_visit_horizon,10,4,8,known_visit_horizon,commitment_horizon,8,h8
245,known_visit,DMCHBA,bernoulli,0.25,19,361,4,10,dmchba_h8_bernoulli_025,scenarios/known_visit_10target_300.csv,2,6,7,33.08351502439341,33.08351502439341,01,01,1,0,True,known_visit_horizon,10,4,8,known_visit_horizon,commitment_horizon,8,h8
245,known_visit,DMCHBA,bernoulli,0.25,19,361,4,10,dmchba_h8_bernoulli_025,scenarios/known_visit_10target_300.csv,3,9,9,19.300371336763703,19.300371336763703,02,02,1,0,True,known_visit_horizon,10,4,8,known_visit_horizon,commitment_horizon,8,h8
245,known_visit,DMCHBA,bernoulli,0.25,19,361,4,10,dmchba_h8_bernoulli_025,scenarios/known_visit_10target_300.csv,4,17,14,34.77204359003857,34.77204359003857,03,03,1,0,True,known_visit_horizon,10,4,8,known_visit_horizon,commitment_horizon,8,h8
245,known_visit,DMCHBA,bernoulli,0.25,19,361,4,10,dmchba_h8_bernoulli_025,scenarios/known_visit_10target_300.csv,5,8,5,17.934069333441048,17.934069333441048,01,01,1,0,True,known_visit_horizon,10,4,8,known_visit_horizon,commitment_horizon,8,h8
245,known_visit,DMCHBA,bernoulli,0.25,19,361,4,10,dmchba_h8_bernoulli_025,scenarios/known_visit_10target_300.csv,6,16,5,35.166046037274114,35.166046037274114,00,00,1,0,True,known_visit_horizon,10,4,8,known_visit_horizon,commitment_horizon,8,h8
245,known_visit,DMCHBA,bernoulli,0.25,19,361,4,10,dmchba_h8_bernoulli_025,scenarios/known_visit_10target_300.csv,7,13,12,39.55087378356232,39.55087378356232,02,02,1,0,True,known_visit_horizon,10,4,8,known_visit_horizon,commitment_horizon,8,h8
245,known_visit,DMCHBA,bernoulli,0.25,19,361,4,10,dmchba_h8_bernoulli_025,scenarios/known_visit_10target_300.csv,8,10,8,23.016500255084225,23.016500255084225,02,02,1,0,True,known_visit_horizon,10,4,8,known_visit_horizon,commitment_horizon,8,h8
245,known_visit,DMCHBA,bernoulli,0.25,19,361,4,10,dmchba_h8_bernoulli_025,scenarios/known_visit_10target_300.csv,9,9,3,19.550753395756374,19.550753395756374,00,00,1,0,True,known_visit_horizon,10,4,8,known_visit_horizon,commitment_horizon,8,h8
245,known_visit,DMCHBA,bernoulli,0.25,19,361,4,10,dmchba_h8_bernoulli_025,scenarios/known_visit_10target_300.csv,10,10,7,25.034967149678767,25.034967149678767,02,02,1,0,True,known_visit_horizon,10,4,8,known_visit_horizon,commitment_horizon,8,h8
246,known_visit,DMCHBA,bernoulli,0.25,19,361,4,10,dmchba_h8_bernoulli_025,scenarios/known_visit_10target_300.csv,1,5,15,12.750055685387549,12.750055685387549,02,02,1,0,True,known_visit_horizon,10,4,8,known_visit_horizon,commitment_horizon,8,h8
246,known_visit,DMCHBA,bernoulli,0.25,19,361,4,10,dmchba_h8_bernoulli_025,scenarios/known_visit_10target_300.csv,2,2,18,2.1028720429337286,2.1028720429337286,03,03,1,0,True,known_visit_horizon,10,4,8,known_visit_horizon,commitment_horizon,8,h8
246,known_visit,DMCHBA,bernoulli,0.25,19,361,4,10,dmchba_h8_bernoulli_025,scenarios/known_visit_10target_300.csv,3,1,0,0.115992153949701,0.115992153949701,00,00,1,0,True,known_visit_horizon,10,4,8,known_visit_horizon,commitment_horizon,8,h8
246,known_visit,DMCHBA,bernoulli,0.25,19,361,4,10,dmchba_h8_bernoulli_025,scenarios/known_visit_10target_300.csv,4,5,2,10.56480578118663,10.56480578118663,00,00,1,0,True,known_visit_horizon,10,4,8,known_visit_horizon,commitment_horizon,8,h8
246,known_visit,DMCHBA,bernoulli,0.25,19,361,4,10,dmchba_h8_bernoulli_025,scenarios/known_visit_10target_300.csv,5,18,17,30.93842485855468,30.93842485855468,03,03,1,0,True,known_visit_horizon,10,4,8,known_visit_horizon,commitment_horizon,8,h8
246,known_visit,DMCHBA,bernoulli,0.25,19,361,4,10,dmchba_h8_bernoulli_025,scenarios/known_visit_10target_300.csv,6,17,8,31.95699391328113,31.95699391328113,01,01,1,0,True,known_visit_horizon,10,4,8,known_visit_horizon,commitment_horizon,8,h8
246,known_visit,DMCHBA,bernoulli,0.25,19,361,4,10,dmchba_h8_bernoulli_025,scenarios/known_visit_10target_300.csv,7,7,8,14.429456218849076,14.429456218849076,01,01,1,0,True,known_visit_horizon,10,4,8,known_visit_horizon,commitment_horizon,8,h8
246,known_visit,DMCHBA,bernoulli,0.25,19,361,4,10,dmchba_h8_bernoulli_025,scenarios/known_visit_10target_300.csv,8,15,8,28.452843449369706,28.452843449369706,01,01,1,0,True,known_visit_horizon,10,4,8,known_visit_horizon,commitment_horizon,8,h8
246,known_visit,DMCHBA,bernoulli,0.25,19,361,4,10,dmchba_h8_bernoulli_025,scenarios/known_visit_10target_300.csv,9,18,0,40.58115815276873,40.58115815276873,00,00,1,0,True,known_visit_horizon,10,4,8,known_visit_horizon,commitment_horizon,8,h8
246,known_visit,DMCHBA,bernoulli,0.25,19,361,4,10,dmchba_h8_bernoulli_025,scenarios/known_visit_10target_300.csv,10,6,2,12.496284730361644,12.496284730361644,00,00,1,0,True,known_visit_horizon,10,4,8,known_visit_horizon,commitment_horizon,8,h8
247,known_visit,DMCHBA,bernoulli,0.25,19,361,4,10,dmchba_h8_bernoulli_025,scenarios/known_visit_10target_300.csv,1,12,16,26.32880590188374,26.32880590188374,03,03,1,0,True,known_visit_horizon,10,4,8,known_visit_horizon,commitment_horizon,8,h8
247,known_visit,DMCHBA,bernoulli,0.25,19,361,4,10,dmchba_h8_bernoulli_025,scenarios/known_visit_10target_300.csv,2,8,0,20.16164097229784,20.16164097229784,00,00,1,0,True,known_visit_horizon,10,4,8,known_visit_horizon,commitment_horizon,8,h8
247,known_visit,DMCHBA,bernoulli,0.25,19,361,4,10,dmchba_h8_bernoulli_025,scenarios/known_visit_10target_300.csv,3,18,7,37.94685250888606,37.94685250888606,02,02,1,0,True,known_visit_horizon,10,4,8,known_visit_horizon,commitment_horizon,8,h8
247,known_visit,DMCHBA,bernoulli,0.25,19,361,4,10,dmchba_h8_bernoulli_025,scenarios/known_visit_10target_300.csv,4,2,3,43.21508043322328,43.21508043322328,01,01,1,0,True,known_visit_horizon,10,4,8,known_visit_horizon,commitment_horizon,8,h8
247,known_visit,DMCHBA,bernoulli,0.25,19,361,4,10,dmchba_h8_bernoulli_025,scenarios/known_visit_10target_300.csv,5,10,4,27.430124119829724,27.430124119829724,01,01,1,0,True,known_visit_horizon,10,4,8,known_visit_horizon,commitment_horizon,8,h8
247,known_visit,DMCHBA,bernoulli,0.25,19,361,4,10,dmchba_h8_bernoulli_025,scenarios/known_visit_10target_300.csv,6,9,7,22.6920350252387,22.6920350252387,02,02,1,0,True,known_visit_horizon,10,4,8,known_visit_horizon,commitment_horizon,8,h8
247,known_visit,DMCHBA,bernoulli,0.25,19,361,4,10,dmchba_h8_bernoulli_025,scenarios/known_visit_10target_300.csv,7,9,5,19.922156430609927,19.922156430609927,01,01,1,0,True,known_visit_horizon,10,4,8,known_visit_horizon,commitment_horizon,8,h8
247,known_visit,DMCHBA,bernoulli,0.25,19,361,4,10,dmchba_h8_bernoulli_025,scenarios/known_visit_10target_300.csv,8,18,13,42.36127194839665,42.36127194839665,03,03,1,0,True,known_visit_horizon,10,4,8,known_visit_horizon,commitment_horizon,8,h8
247,known_visit,DMCHBA,bernoulli,0.25,19,361,4,10,dmchba_h8_bernoulli_025,scenarios/known_visit_10target_300.csv,9,1,15,5.4557499045820865,5.4557499045820865,03,03,1,0,True,known_visit_horizon,10,4,8,known_visit_horizon,commitment_horizon,8,h8
247,known_visit,DMCHBA,bernoulli,0.25,19,361,4,10,dmchba_h8_bernoulli_025,scenarios/known_visit_10target_300.csv,10,8,9,17.416497606118565,17.416497606118565,02,02,1,0,True,known_visit_horizon,10,4,8,known_visit_horizon,commitment_horizon,8,h8
248,known_visit,DMCHBA,bernoulli,0.25,19,361,4,10,dmchba_h8_bernoulli_025,scenarios/known_visit_10target_300.csv,1,4,12,5.165135335672604,5.165135335672604,02,02,1,0,True,known_visit_horizon,10,4,8,known_visit_horizon,commitment_horizon,8,h8
248,known_visit,DMCHBA,bernoulli,0.25,19,361,4,10,dmchba_h8_bernoulli_025,scenarios/known_visit_10target_300.csv,2,8,2,19.599761832115092,19.599761832115092,00,00,1,0,True,known_visit_horizon,10,4,8,known_visit_horizon,commitment_horizon,8,h8
248,known_visit,DMCHBA,bernoulli,0.25,19,361,4,10,dmchba_h8_bernoulli_025,scenarios/known_visit_10target_300.csv,3,5,11,8.849107252070828,8.849107252070828,02,02,2,1,True,known_visit_horizon,10,4,8,known_visit_horizon,commitment_horizon,8,h8
248,known_visit,DMCHBA,bernoulli,0.25,19,361,4,10,dmchba_h8_bernoulli_025,scenarios/known_visit_10target_300.csv,4,13,13,26.459510901570006,26.459510901570006,02,02,1,0,True,known_visit_horizon,10,4,8,known_visit_horizon,commitment_horizon,8,h8
248,known_visit,DMCHBA,bernoulli,0.25,19,361,4,10,dmchba_h8_bernoulli_025,scenarios/known_visit_10target_300.csv,5,9,14,21.236180359253332,21.236180359253332,03,03,1,0,True,known_visit_horizon,10,4,8,known_visit_horizon,commitment_horizon,8,h8
248,known_visit,DMCHBA,bernoulli,0.25,19,361,4,10,dmchba_h8_bernoulli_025,scenarios/known_visit_10target_300.csv,6,2,11,10.73915301594171,10.73915301594171,01,01,1,0,True,known_visit_horizon,10,4,8,known_visit_horizon,commitment_horizon,8,h8
248,known_visit,DMCHBA,bernoulli,0.25,19,361,4,10,dmchba_h8_bernoulli_025,scenarios/known_visit_10target_300.csv,7,6,3,14.265199587891198,14.265199587891198,00,00,1,0,True,known_visit_horizon,10,4,8,known_visit_horizon,commitment_horizon,8,h8
248,known_visit,DMCHBA,bernoulli,0.25,19,361,4,10,dmchba_h8_bernoulli_025,scenarios/known_visit_10target_300.csv,8,4,2,8.888440368548519,8.888440368548519,00,00,1,0,True,known_visit_horizon,10,4,8,known_visit_horizon,commitment_horizon,8,h8
248,known_visit,DMCHBA,bernoulli,0.25,19,361,4,10,dmchba_h8_bernoulli_025,scenarios/known_visit_10target_300.csv,9,2,16,5.561738730801965,5.561738730801965,03,03,1,0,True,known_visit_horizon,10,4,8,known_visit_horizon,commitment_horizon,8,h8
248,known_visit,DMCHBA,bernoulli,0.25,19,361,4,10,dmchba_h8_bernoulli_025,scenarios/known_visit_10target_300.csv,10,12,12,22.851687280421363,22.851687280421363,02,02,1,0,True,known_visit_horizon,10,4,8,known_visit_horizon,commitment_horizon,8,h8
249,known_visit,DMCHBA,bernoulli,0.25,19,361,4,10,dmchba_h8_bernoulli_025,scenarios/known_visit_10target_300.csv,1,15,8,32.08439291623581,32.08439291623581,02,02,1,0,True,known_visit_horizon,10,4,8,known_visit_horizon,commitment_horizon,8,h8
249,known_visit,DMCHBA,bernoulli,0.25,19,361,4,10,dmchba_h8_bernoulli_025,scenarios/known_visit_10target_300.csv,2,14,4,39.883618688294796,39.883618688294796,00,00,1,0,True,known_visit_horizon,10,4,8,known_visit_horizon,commitment_horizon,8,h8
249,known_visit,DMCHBA,bernoulli,0.25,19,361,4,10,dmchba_h8_bernoulli_025,scenarios/known_visit_10target_300.csv,3,1,8,3.8408861930640597,3.8408861930640597,01,01,1,0,True,known_visit_horizon,10,4,8,known_visit_horizon,commitment_horizon,8,h8
249,known_visit,DMCHBA,bernoulli,0.25,19,361,4,10,dmchba_h8_bernoulli_025,scenarios/known_visit_10target_300.csv,4,11,6,24.700595599180915,24.700595599180915,01,01,1,0,True,known_visit_horizon,10,4,8,known_visit_horizon,commitment_horizon,8,h8
249,known_visit,DMCHBA,bernoulli,0.25,19,361,4,10,dmchba_h8_bernoulli_025,scenarios/known_visit_10target_300.csv,5,1,17,2.2621130740172997,2.2621130740172997,03,03,1,0,True,known_visit_horizon,10,4,8,known_visit_horizon,commitment_horizon,8,h8
249,known_visit,DMCHBA,bernoulli,0.25,19,361,4,10,dmchba_h8_bernoulli_025,scenarios/known_visit_10target_300.csv,6,16,11,39.26172382004813,39.26172382004813,02,02,1,0,True,known_visit_horizon,10,4,8,known_visit_horizon,commitment_horizon,8,h8
249,known_visit,DMCHBA,bernoulli,0.25,19,361,4,10,dmchba_h8_bernoulli_025,scenarios/known_visit_10target_300.csv,7,6,18,13.12657485770817,13.12657485770817,03,03,1,0,True,known_visit_horizon,10,4,8,known_visit_horizon,commitment_horizon,8,h8
249,known_visit,DMCHBA,bernoulli,0.25,19,361,4,10,dmchba_h8_bernoulli_025,scenarios/known_visit_10target_300.csv,8,15,7,33.78158087174908,33.78158087174908,01,01,1,0,True,known_visit_horizon,10,4,8,known_visit_horizon,commitment_horizon,8,h8
249,known_visit,DMCHBA,bernoulli,0.25,19,361,4,10,dmchba_h8_bernoulli_025,scenarios/known_visit_10target_300.csv,9,17,0,27.2679806122913,27.2679806122913,00,00,1,0,True,known_visit_horizon,10,4,8,known_visit_horizon,commitment_horizon,8,h8
249,known_visit,DMCHBA,bernoulli,0.25,19,361,4,10,dmchba_h8_bernoulli_025,scenarios/known_visit_10target_300.csv,10,12,0,19.051589382285734,19.051589382285734,00,00,1,0,True,known_visit_horizon,10,4,8,known_visit_horizon,commitment_horizon,8,h8
250,known_visit,DMCHBA,bernoulli,0.25,19,361,4,10,dmchba_h8_bernoulli_025,scenarios/known_visit_10target_300.csv,1,5,0,14.482561774926065,14.482561774926065,00,00,1,0,True,known_visit_horizon,10,4,8,known_visit_horizon,commitment_horizon,8,h8
250,known_visit,DMCHBA,bernoulli,0.25,19,361,4,10,dmchba_h8_bernoulli_025,scenarios/known_visit_10target_300.csv,2,6,17,10.553264436166673,10.553264436166673,03,03,1,0,True,known_visit_horizon,10,4,8,known_visit_horizon,commitment_horizon,8,h8
250,known_visit,DMCHBA,bernoulli,0.25,19,361,4,10,dmchba_h8_bernoulli_025,scenarios/known_visit_10target_300.csv,3,6,7,14.657463317064103,14.657463317064103,01,01,1,0,True,known_visit_horizon,10,4,8,known_visit_horizon,commitment_horizon,8,h8
250,known_visit,DMCHBA,bernoulli,0.25,19,361,4,10,dmchba_h8_bernoulli_025,scenarios/known_visit_10target_300.csv,4,2,2,5.461914869988016,5.461914869988016,00,00,1,0,True,known_visit_horizon,10,4,8,known_visit_horizon,commitment_horizon,8,h8
250,known_visit,DMCHBA,bernoulli,0.25,19,361,4,10,dmchba_h8_bernoulli_025,scenarios/known_visit_10target_300.csv,5,18,17,31.078869024215066,31.078869024215066,03,03,1,0,True,known_visit_horizon,10,4,8,known_visit_horizon,commitment_horizon,8,h8
250,known_visit,DMCHBA,bernoulli,0.25,19,361,4,10,dmchba_h8_bernoulli_025,scenarios/known_visit_10target_300.csv,6,10,8,26.454804626792786,26.454804626792786,02,02,1,0,True,known_visit_horizon,10,4,8,known_visit_horizon,commitment_horizon,8,h8
250,known_visit,DMCHBA,bernoulli,0.25,19,361,4,10,dmchba_h8_bernoulli_025,scenarios/known_visit_10target_300.csv,7,12,8,30.241139683613863,30.241139683613863,02,02,1,0,True,known_visit_horizon,10,4,8,known_visit_horizon,commitment_horizon,8,h8
250,known_visit,DMCHBA,bernoulli,0.25,19,361,4,10,dmchba_h8_bernoulli_025,scenarios/known_visit_10target_300.csv,8,17,14,38.383983236312844,38.383983236312844,03,03,1,0,True,known_visit_horizon,10,4,8,known_visit_horizon,commitment_horizon,8,h8
250,known_visit,DMCHBA,bernoulli,0.25,19,361,4,10,dmchba_h8_bernoulli_025,scenarios/known_visit_10target_300.csv,9,14,17,24.430795061700778,24.430795061700778,03,03,1,0,True,known_visit_horizon,10,4,8,known_visit_horizon,commitment_horizon,8,h8
250,known_visit,DMCHBA,bernoulli,0.25,19,361,4,10,dmchba_h8_bernoulli_025,scenarios/known_visit_10target_300.csv,10,16,7,31.976693034354966,31.976693034354966,01,01,1,0,True,known_visit_horizon,10,4,8,known_visit_horizon,commitment_horizon,8,h8
251,known_visit,DMCHBA,bernoulli,0.25,19,361,4,10,dmchba_h8_bernoulli_025,scenarios/known_visit_10target_300.csv,1,6,1,10.60865753886308,10.60865753886308,00,00,1,0,True,known_visit_horizon,10,4,8,known_visit_horizon,commitment_horizon,8,h8
251,known_visit,DMCHBA,bernoulli,0.25,19,361,4,10,dmchba_h8_bernoulli_025,scenarios/known_visit_10target_300.csv,2,15,6,28.100660050774238,28.100660050774238,01,01,1,0,True,known_visit_horizon,10,4,8,known_visit_horizon,commitment_horizon,8,h8
251,known_visit,DMCHBA,bernoulli,0.25,19,361,4,10,dmchba_h8_bernoulli_025,scenarios/known_visit_10target_300.csv,3,16,18,33.39829438891538,33.39829438891538,03,03,1,0,True,known_visit_horizon,10,4,8,known_visit_horizon,commitment_horizon,8,h8
251,known_visit,DMCHBA,bernoulli,0.25,19,361,4,10,dmchba_h8_bernoulli_025,scenarios/known_visit_10target_300.csv,4,1,14,4.085257736699776,4.085257736699776,02,02,1,0,True,known_visit_horizon,10,4,8,known_visit_horizon,commitment_horizon,8,h8
251,known_visit,DMCHBA,bernoulli,0.25,19,361,4,10,dmchba_h8_bernoulli_025,scenarios/known_visit_10target_300.csv,5,15,3,30.090940268641816,30.090940268641816,00,00,1,0,True,known_visit_horizon,10,4,8,known_visit_horizon,commitment_horizon,8,h8
251,known_visit,DMCHBA,bernoulli,0.25,19,361,4,10,dmchba_h8_bernoulli_025,scenarios/known_visit_10target_300.csv,6,1,7,2.1385239227301835,2.1385239227301835,01,01,1,0,True,known_visit_horizon,10,4,8,known_visit_horizon,commitment_horizon,8,h8
251,known_visit,DMCHBA,bernoulli,0.25,19,361,4,10,dmchba_h8_bernoulli_025,scenarios/known_visit_10target_300.csv,7,4,16,9.413501933101776,9.413501933101776,03,03,1,0,True,known_visit_horizon,10,4,8,known_visit_horizon,commitment_horizon,8,h8
251,known_visit,DMCHBA,bernoulli,0.25,19,361,4,10,dmchba_h8_bernoulli_025,scenarios/known_visit_10target_300.csv,8,10,1,17.87202936416851,17.87202936416851,00,00,1,0,True,known_visit_horizon,10,4,8,known_visit_horizon,commitment_horizon,8,h8
251,known_visit,DMCHBA,bernoulli,0.25,19,361,4,10,dmchba_h8_bernoulli_025,scenarios/known_visit_10target_300.csv,9,10,10,27.581349027912033,27.581349027912033,02,02,1,0,True,known_visit_horizon,10,4,8,known_visit_horizon,commitment_horizon,8,h8
251,known_visit,DMCHBA,bernoulli,0.25,19,361,4,10,dmchba_h8_bernoulli_025,scenarios/known_visit_10target_300.csv,10,7,11,20.392251965787587,20.392251965787587,02,02,1,0,True,known_visit_horizon,10,4,8,known_visit_horizon,commitment_horizon,8,h8
252,known_visit,DMCHBA,bernoulli,0.25,19,361,4,10,dmchba_h8_bernoulli_025,scenarios/known_visit_10target_300.csv,1,12,7,25.090638772078304,25.090638772078304,01,01,1,0,True,known_visit_horizon,10,4,8,known_visit_horizon,commitment_horizon,8,h8
252,known_visit,DMCHBA,bernoulli,0.25,19,361,4,10,dmchba_h8_bernoulli_025,scenarios/known_visit_10target_300.csv,2,16,15,45.78754716820941,45.78754716820941,02,02,1,0,True,known_visit_horizon,10,4,8,known_visit_horizon,commitment_horizon,8,h8
252,known_visit,DMCHBA,bernoulli,0.25,19,361,4,10,dmchba_h8_bernoulli_025,scenarios/known_visit_10target_300.csv,3,3,6,3.5264458176558904,3.5264458176558904,01,01,2,1,True,known_visit_horizon,10,4,8,known_visit_horizon,commitment_horizon,8,h8
252,known_visit,DMCHBA,bernoulli,0.25,19,361,4,10,dmchba_h8_bernoulli_025,scenarios/known_visit_10target_300.csv,4,17,6,35.46450083947146,35.46450083947146,01,01,1,0,True,known_visit_horizon,10,4,8,known_visit_horizon,commitment_horizon,8,h8
252,known_visit,DMCHBA,bernoulli,0.25,19,361,4,10,dmchba_h8_bernoulli_025,scenarios/known_visit_10target_300.csv,5,10,8,19.42711210109275,19.42711210109275,01,01,1,0,True,known_visit_horizon,10,4,8,known_visit_horizon,commitment_horizon,8,h8
252,known_visit,DMCHBA,bernoulli,0.25,19,361,4,10,dmchba_h8_bernoulli_025,scenarios/known_visit_10target_300.csv,6,9,14,17.417338149877587,17.417338149877587,02,02,1,0,True,known_visit_horizon,10,4,8,known_visit_horizon,commitment_horizon,8,h8
252,known_visit,DMCHBA,bernoulli,0.25,19,361,4,10,dmchba_h8_bernoulli_025,scenarios/known_visit_10target_300.csv,7,6,13,10.585192179228352,10.585192179228352,02,02,1,0,True,known_visit_horizon,10,4,8,known_visit_horizon,commitment_horizon,8,h8
252,known_visit,DMCHBA,bernoulli,0.25,19,361,4,10,dmchba_h8_bernoulli_025,scenarios/known_visit_10target_300.csv,8,4,12,5.211292750326393,5.211292750326393,02,02,2,1,True,known_visit_horizon,10,4,8,known_visit_horizon,commitment_horizon,8,h8
252,known_visit,DMCHBA,bernoulli,0.25,19,361,4,10,dmchba_h8_bernoulli_025,scenarios/known_visit_10target_300.csv,9,6,3,14.275973494262775,14.275973494262775,00,00,1,0,True,known_visit_horizon,10,4,8,known_visit_horizon,commitment_horizon,8,h8
252,known_visit,DMCHBA,bernoulli,0.25,19,361,4,10,dmchba_h8_bernoulli_025,scenarios/known_visit_10target_300.csv,10,9,11,22.846764830651153,22.846764830651153,02,02,1,0,True,known_visit_horizon,10,4,8,known_visit_horizon,commitment_horizon,8,h8
253,known_visit,DMCHBA,bernoulli,0.25,19,361,4,10,dmchba_h8_bernoulli_025,scenarios/known_visit_10target_300.csv,1,3,10,11.339587182799438,11.339587182799438,02,02,1,0,True,known_visit_horizon,10,4,8,known_visit_horizon,commitment_horizon,8,h8
253,known_visit,DMCHBA,bernoulli,0.25,19,361,4,10,dmchba_h8_bernoulli_025,scenarios/known_visit_10target_300.csv,2,11,4,21.022967798581522,21.022967798581522,01,01,1,0,True,known_visit_horizon,10,4,8,known_visit_horizon,commitment_horizon,8,h8
253,known_visit,DMCHBA,bernoulli,0.25,19,361,4,10,dmchba_h8_bernoulli_025,scenarios/known_visit_10target_300.csv,3,3,14,14.586506160914452,14.586506160914452,03,03,1,0,True,known_visit_horizon,10,4,8,known_visit_horizon,commitment_horizon,8,h8
253,known_visit,DMCHBA,bernoulli,0.25,19,361,4,10,dmchba_h8_bernoulli_025,scenarios/known_visit_10target_300.csv,4,8,1,18.097726321168476,18.097726321168476,00,00,1,0,True,known_visit_horizon,10,4,8,known_visit_horizon,commitment_horizon,8,h8
253,known_visit,DMCHBA,bernoulli,0.25,19,361,4,10,dmchba_h8_bernoulli_025,scenarios/known_visit_10target_300.csv,5,6,6,8.684868671353131,8.684868671353131,01,01,1,0,True,known_visit_horizon,10,4,8,known_visit_horizon,commitment_horizon,8,h8
253,known_visit,DMCHBA,bernoulli,0.25,19,361,4,10,dmchba_h8_bernoulli_025,scenarios/known_visit_10target_300.csv,6,0,13,0.5173923217976051,0.5173923217976051,02,02,2,1,True,known_visit_horizon,10,4,8,known_visit_horizon,commitment_horizon,8,h8
253,known_visit,DMCHBA,bernoulli,0.25,19,361,4,10,dmchba_h8_bernoulli_025,scenarios/known_visit_10target_300.csv,7,8,10,20.016880004283777,20.016880004283777,02,02,1,0,True,known_visit_horizon,10,4,8,known_visit_horizon,commitment_horizon,8,h8
253,known_visit,DMCHBA,bernoulli,0.25,19,361,4,10,dmchba_h8_bernoulli_025,scenarios/known_visit_10target_300.csv,8,16,0,41.80467990817348,41.80467990817348,00,00,1,0,True,known_visit_horizon,10,4,8,known_visit_horizon,commitment_horizon,8,h8
253,known_visit,DMCHBA,bernoulli,0.25,19,361,4,10,dmchba_h8_bernoulli_025,scenarios/known_visit_10target_300.csv,9,10,6,15.576190943676794,15.576190943676794,01,01,1,0,True,known_visit_horizon,10,4,8,known_visit_horizon,commitment_horizon,8,h8
253,known_visit,DMCHBA,bernoulli,0.25,19,361,4,10,dmchba_h8_bernoulli_025,scenarios/known_visit_10target_300.csv,10,4,2,9.019075100547322,9.019075100547322,00,00,1,0,True,known_visit_horizon,10,4,8,known_visit_horizon,commitment_horizon,8,h8
254,known_visit,DMCHBA,bernoulli,0.25,19,361,4,10,dmchba_h8_bernoulli_025,scenarios/known_visit_10target_300.csv,1,7,8,14.0357823689183,14.0357823689183,01,01,1,0,True,known_visit_horizon,10,4,8,known_visit_horizon,commitment_horizon,8,h8
254,known_visit,DMCHBA,bernoulli,0.25,19,361,4,10,dmchba_h8_bernoulli_025,scenarios/known_visit_10target_300.csv,2,13,2,35.93718835837481,35.93718835837481,00,00,1,0,True,known_visit_horizon,10,4,8,known_visit_horizon,commitment_horizon,8,h8
254,known_visit,DMCHBA,bernoulli,0.25,19,361,4,10,dmchba_h8_bernoulli_025,scenarios/known_visit_10target_300.csv,3,18,4,48.014515399208946,48.014515399208946,01,01,1,0,True,known_visit_horizon,10,4,8,known_visit_horizon,commitment_horizon,8,h8
254,known_visit,DMCHBA,bernoulli,0.25,19,361,4,10,dmchba_h8_bernoulli_025,scenarios/known_visit_10target_300.csv,4,9,3,27.11654839060197,27.11654839060197,00,00,1,0,True,known_visit_horizon,10,4,8,known_visit_horizon,commitment_horizon,8,h8
254,known_visit,DMCHBA,bernoulli,0.25,19,361,4,10,dmchba_h8_bernoulli_025,scenarios/known_visit_10target_300.csv,5,17,11,37.90987176041731,37.90987176041731,02,02,1,0,True,known_visit_horizon,10,4,8,known_visit_horizon,commitment_horizon,8,h8
254,known_visit,DMCHBA,bernoulli,0.25,19,361,4,10,dmchba_h8_bernoulli_025,scenarios/known_visit_10target_300.csv,6,8,0,11.903206322389293,11.903206322389293,00,00,1,0,True,known_visit_horizon,10,4,8,known_visit_horizon,commitment_horizon,8,h8
254,known_visit,DMCHBA,bernoulli,0.25,19,361,4,10,dmchba_h8_bernoulli_025,scenarios/known_visit_10target_300.csv,7,16,9,35.44591769211417,35.44591769211417,01,01,1,0,True,known_visit_horizon,10,4,8,known_visit_horizon,commitment_horizon,8,h8
254,known_visit,DMCHBA,bernoulli,0.25,19,361,4,10,dmchba_h8_bernoulli_025,scenarios/known_visit_10target_300.csv,8,6,14,15.762540405291581,15.762540405291581,03,03,1,0,True,known_visit_horizon,10,4,8,known_visit_horizon,commitment_horizon,8,h8
254,known_visit,DMCHBA,bernoulli,0.25,19,361,4,10,dmchba_h8_bernoulli_025,scenarios/known_visit_10target_300.csv,9,4,11,7.480733640667571,7.480733640667571,02,02,2,1,True,known_visit_horizon,10,4,8,known_visit_horizon,commitment_horizon,8,h8
254,known_visit,DMCHBA,bernoulli,0.25,19,361,4,10,dmchba_h8_bernoulli_025,scenarios/known_visit_10target_300.csv,10,7,3,19.42837477617611,19.42837477617611,00,00,1,0,True,known_visit_horizon,10,4,8,known_visit_horizon,commitment_horizon,8,h8
255,known_visit,DMCHBA,bernoulli,0.25,19,361,4,10,dmchba_h8_bernoulli_025,scenarios/known_visit_10target_300.csv,1,6,14,15.611260453790866,15.611260453790866,03,03,1,0,True,known_visit_horizon,10,4,8,known_visit_horizon,commitment_horizon,8,h8
255,known_visit,DMCHBA,bernoulli,0.25,19,361,4,10,dmchba_h8_bernoulli_025,scenarios/known_visit_10target_300.csv,2,14,6,31.022132456942547,31.022132456942547,01,01,1,0,True,known_visit_horizon,10,4,8,known_visit_horizon,commitment_horizon,8,h8
255,known_visit,DMCHBA,bernoulli,0.25,19,361,4,10,dmchba_h8_bernoulli_025,scenarios/known_visit_10target_300.csv,3,11,13,26.1855146327851,26.1855146327851,03,03,1,0,True,known_visit_horizon,10,4,8,known_visit_horizon,commitment_horizon,8,h8
255,known_visit,DMCHBA,bernoulli,0.25,19,361,4,10,dmchba_h8_bernoulli_025,scenarios/known_visit_10target_300.csv,4,13,7,27.125038162187334,27.125038162187334,01,01,1,0,True,known_visit_horizon,10,4,8,known_visit_horizon,commitment_horizon,8,h8
255,known_visit,DMCHBA,bernoulli,0.25,19,361,4,10,dmchba_h8_bernoulli_025,scenarios/known_visit_10target_300.csv,5,6,7,10.729246957775024,10.729246957775024,01,01,1,0,True,known_visit_horizon,10,4,8,known_visit_horizon,commitment_horizon,8,h8
255,known_visit,DMCHBA,bernoulli,0.25,19,361,4,10,dmchba_h8_bernoulli_025,scenarios/known_visit_10target_300.csv,6,18,10,41.013833387298874,41.013833387298874,02,02,1,0,True,known_visit_horizon,10,4,8,known_visit_horizon,commitment_horizon,8,h8
255,known_visit,DMCHBA,bernoulli,0.25,19,361,4,10,dmchba_h8_bernoulli_025,scenarios/known_visit_10target_300.csv,7,13,11,22.89386994558642,22.89386994558642,02,02,1,0,True,known_visit_horizon,10,4,8,known_visit_horizon,commitment_horizon,8,h8
255,known_visit,DMCHBA,bernoulli,0.25,19,361,4,10,dmchba_h8_bernoulli_025,scenarios/known_visit_10target_300.csv,8,16,12,37.09435948710492,37.09435948710492,03,03,1,0,True,known_visit_horizon,10,4,8,known_visit_horizon,commitment_horizon,8,h8
255,known_visit,DMCHBA,bernoulli,0.25,19,361,4,10,dmchba_h8_bernoulli_025,scenarios/known_visit_10target_300.csv,9,11,1,19.28718454942413,19.28718454942413,00,00,1,0,True,known_visit_horizon,10,4,8,known_visit_horizon,commitment_horizon,8,h8
255,known_visit,DMCHBA,bernoulli,0.25,19,361,4,10,dmchba_h8_bernoulli_025,scenarios/known_visit_10target_300.csv,10,9,4,28.010213004976126,28.010213004976126,00,00,1,0,True,known_visit_horizon,10,4,8,known_visit_horizon,commitment_horizon,8,h8
256,known_visit,DMCHBA,bernoulli,0.25,19,361,4,10,dmchba_h8_bernoulli_025,scenarios/known_visit_10target_300.csv,1,5,14,11.608110534081154,11.608110534081154,02,02,1,0,True,known_visit_horizon,10,4,8,known_visit_horizon,commitment_horizon,8,h8
256,known_visit,DMCHBA,bernoulli,0.25,19,361,4,10,dmchba_h8_bernoulli_025,scenarios/known_visit_10target_300.csv,2,13,9,34.11681105309702,34.11681105309702,02,02,2,1,True,known_visit_horizon,10,4,8,known_visit_horizon,commitment_horizon,8,h8
256,known_visit,DMCHBA,bernoulli,0.25,19,361,4,10,dmchba_h8_bernoulli_025,scenarios/known_visit_10target_300.csv,3,9,5,19.76082099170553,19.76082099170553,01,01,2,1,True,known_visit_horizon,10,4,8,known_visit_horizon,commitment_horizon,8,h8
256,known_visit,DMCHBA,bernoulli,0.25,19,361,4,10,dmchba_h8_bernoulli_025,scenarios/known_visit_10target_300.csv,4,15,6,32.238669620348816,32.238669620348816,01,01,1,0,True,known_visit_horizon,10,4,8,known_visit_horizon,commitment_horizon,8,h8
256,known_visit,DMCHBA,bernoulli,0.25,19,361,4,10,dmchba_h8_bernoulli_025,scenarios/known_visit_10target_300.csv,5,2,4,5.705662306151212,5.705662306151212,01,01,1,0,True,known_visit_horizon,10,4,8,known_visit_horizon,commitment_horizon,8,h8
256,known_visit,DMCHBA,bernoulli,0.25,19,361,4,10,dmchba_h8_bernoulli_025,scenarios/known_visit_10target_300.csv,6,1,6,0.10376461703244289,0.10376461703244289,01,01,1,0,True,known_visit_horizon,10,4,8,known_visit_horizon,commitment_horizon,8,h8
256,known_visit,DMCHBA,bernoulli,0.25,19,361,4,10,dmchba_h8_bernoulli_025,scenarios/known_visit_10target_300.csv,7,4,8,51.69053641438344,51.69053641438344,02,02,1,0,True,known_visit_horizon,10,4,8,known_visit_horizon,commitment_horizon,8,h8
256,known_visit,DMCHBA,bernoulli,0.25,19,361,4,10,dmchba_h8_bernoulli_025,scenarios/known_visit_10target_300.csv,8,18,3,42.534256796293896,42.534256796293896,00,00,1,0,True,known_visit_horizon,10,4,8,known_visit_horizon,commitment_horizon,8,h8
256,known_visit,DMCHBA,bernoulli,0.25,19,361,4,10,dmchba_h8_bernoulli_025,scenarios/known_visit_10target_300.csv,9,1,5,2.089349480674128,2.089349480674128,01,01,2,1,True,known_visit_horizon,10,4,8,known_visit_horizon,commitment_horizon,8,h8
256,known_visit,DMCHBA,bernoulli,0.25,19,361,4,10,dmchba_h8_bernoulli_025,scenarios/known_visit_10target_300.csv,10,0,15,3.9286422073006837,3.9286422073006837,03,03,1,0,True,known_visit_horizon,10,4,8,known_visit_horizon,commitment_horizon,8,h8
257,known_visit,DMCHBA,bernoulli,0.25,19,361,4,10,dmchba_h8_bernoulli_025,scenarios/known_visit_10target_300.csv,1,16,6,25.709618096758636,25.709618096758636,01,01,1,0,True,known_visit_horizon,10,4,8,known_visit_horizon,commitment_horizon,8,h8
257,known_visit,DMCHBA,bernoulli,0.25,19,361,4,10,dmchba_h8_bernoulli_025,scenarios/known_visit_10target_300.csv,2,15,14,33.6056389090399,33.6056389090399,03,03,1,0,True,known_visit_horizon,10,4,8,known_visit_horizon,commitment_horizon,8,h8
257,known_visit,DMCHBA,bernoulli,0.25,19,361,4,10,dmchba_h8_bernoulli_025,scenarios/known_visit_10target_300.csv,3,14,0,37.07588255719877,37.07588255719877,00,00,1,0,True,known_visit_horizon,10,4,8,known_visit_horizon,commitment_horizon,8,h8
257,known_visit,DMCHBA,bernoulli,0.25,19,361,4,10,dmchba_h8_bernoulli_025,scenarios/known_visit_10target_300.csv,4,17,4,31.07510761542644,31.07510761542644,01,01,1,0,True,known_visit_horizon,10,4,8,known_visit_horizon,commitment_horizon,8,h8
257,known_visit,DMCHBA,bernoulli,0.25,19,361,4,10,dmchba_h8_bernoulli_025,scenarios/known_visit_10target_300.csv,5,7,6,10.289591391535994,10.289591391535994,01,01,1,0,True,known_visit_horizon,10,4,8,known_visit_horizon,commitment_horizon,8,h8
257,known_visit,DMCHBA,bernoulli,0.25,19,361,4,10,dmchba_h8_bernoulli_025,scenarios/known_visit_10target_300.csv,6,6,11,21.400573887929205,21.400573887929205,02,02,1,0,True,known_visit_horizon,10,4,8,known_visit_horizon,commitment_horizon,8,h8
257,known_visit,DMCHBA,bernoulli,0.25,19,361,4,10,dmchba_h8_bernoulli_025,scenarios/known_visit_10target_300.csv,7,5,4,14.042975218618887,14.042975218618887,00,00,1,0,True,known_visit_horizon,10,4,8,known_visit_horizon,commitment_horizon,8,h8
257,known_visit,DMCHBA,bernoulli,0.25,19,361,4,10,dmchba_h8_bernoulli_025,scenarios/known_visit_10target_300.csv,8,12,6,18.789837171071753,18.789837171071753,01,01,1,0,True,known_visit_horizon,10,4,8,known_visit_horizon,commitment_horizon,8,h8
257,known_visit,DMCHBA,bernoulli,0.25,19,361,4,10,dmchba_h8_bernoulli_025,scenarios/known_visit_10target_300.csv,9,4,15,10.667994811456145,10.667994811456145,02,02,1,0,True,known_visit_horizon,10,4,8,known_visit_horizon,commitment_horizon,8,h8
257,known_visit,DMCHBA,bernoulli,0.25,19,361,4,10,dmchba_h8_bernoulli_025,scenarios/known_visit_10target_300.csv,10,9,3,23.22942222157622,23.22942222157622,00,00,1,0,True,known_visit_horizon,10,4,8,known_visit_horizon,commitment_horizon,8,h8
258,known_visit,DMCHBA,bernoulli,0.25,19,361,4,10,dmchba_h8_bernoulli_025,scenarios/known_visit_10target_300.csv,1,15,15,44.13794420833204,44.13794420833204,03,03,1,0,True,known_visit_horizon,10,4,8,known_visit_horizon,commitment_horizon,8,h8
258,known_visit,DMCHBA,bernoulli,0.25,19,361,4,10,dmchba_h8_bernoulli_025,scenarios/known_visit_10target_300.csv,2,10,18,29.83137603793675,29.83137603793675,03,03,1,0,True,known_visit_horizon,10,4,8,known_visit_horizon,commitment_horizon,8,h8
258,known_visit,DMCHBA,bernoulli,0.25,19,361,4,10,dmchba_h8_bernoulli_025,scenarios/known_visit_10target_300.csv,3,11,4,21.19846915669876,21.19846915669876,01,01,1,0,True,known_visit_horizon,10,4,8,known_visit_horizon,commitment_horizon,8,h8
258,known_visit,DMCHBA,bernoulli,0.25,19,361,4,10,dmchba_h8_bernoulli_025,scenarios/known_visit_10target_300.csv,4,14,6,29.981220077095504,29.981220077095504,01,01,1,0,True,known_visit_horizon,10,4,8,known_visit_horizon,commitment_horizon,8,h8
258,known_visit,DMCHBA,bernoulli,0.25,19,361,4,10,dmchba_h8_bernoulli_025,scenarios/known_visit_10target_300.csv,5,5,14,14.286184866139218,14.286184866139218,03,03,2,1,True,known_visit_horizon,10,4,8,known_visit_horizon,commitment_horizon,8,h8
258,known_visit,DMCHBA,bernoulli,0.25,19,361,4,10,dmchba_h8_bernoulli_025,scenarios/known_visit_10target_300.csv,6,3,8,10.715329766078282,10.715329766078282,02,02,1,0,True,known_visit_horizon,10,4,8,known_visit_horizon,commitment_horizon,8,h8
258,known_visit,DMCHBA,bernoulli,0.25,19,361,4,10,dmchba_h8_bernoulli_025,scenarios/known_visit_10target_300.csv,7,11,0,17.22228321543598,17.22228321543598,00,00,1,0,True,known_visit_horizon,10,4,8,known_visit_horizon,commitment_horizon,8,h8
258,known_visit,DMCHBA,bernoulli,0.25,19,361,4,10,dmchba_h8_bernoulli_025,scenarios/known_visit_10target_300.csv,8,10,12,37.460495119103406,37.460495119103406,02,02,1,0,True,known_visit_horizon,10,4,8,known_visit_horizon,commitment_horizon,8,h8
258,known_visit,DMCHBA,bernoulli,0.25,19,361,4,10,dmchba_h8_bernoulli_025,scenarios/known_visit_10target_300.csv,9,8,5,14.060785182295005,14.060785182295005,01,01,2,1,True,known_visit_horizon,10,4,8,known_visit_horizon,commitment_horizon,8,h8
258,known_visit,DMCHBA,bernoulli,0.25,19,361,4,10,dmchba_h8_bernoulli_025,scenarios/known_visit_10target_300.csv,10,13,1,22.694385662865514,22.694385662865514,00,00,1,0,True,known_visit_horizon,10,4,8,known_visit_horizon,commitment_horizon,8,h8
259,known_visit,DMCHBA,bernoulli,0.25,19,361,4,10,dmchba_h8_bernoulli_025,scenarios/known_visit_10target_300.csv,1,3,11,5.753167305143311,5.753167305143311,02,02,1,0,True,known_visit_horizon,10,4,8,known_visit_horizon,commitment_horizon,8,h8
259,known_visit,DMCHBA,bernoulli,0.25,19,361,4,10,dmchba_h8_bernoulli_025,scenarios/known_visit_10target_300.csv,2,10,4,19.216430001774466,19.216430001774466,01,01,2,1,True,known_visit_horizon,10,4,8,known_visit_horizon,commitment_horizon,8,h8
259,known_visit,DMCHBA,bernoulli,0.25,19,361,4,10,dmchba_h8_bernoulli_025,scenarios/known_visit_10target_300.csv,3,7,10,14.498803207644398,14.498803207644398,02,02,1,0,True,known_visit_horizon,10,4,8,known_visit_horizon,commitment_horizon,8,h8
259,known_visit,DMCHBA,bernoulli,0.25,19,361,4,10,dmchba_h8_bernoulli_025,scenarios/known_visit_10target_300.csv,4,14,13,31.64715576046484,31.64715576046484,02,02,1,0,True,known_visit_horizon,10,4,8,known_visit_horizon,commitment_horizon,8,h8
259,known_visit,DMCHBA,bernoulli,0.25,19,361,4,10,dmchba_h8_bernoulli_025,scenarios/known_visit_10target_300.csv,5,10,10,19.582387441717056,19.582387441717056,02,02,1,0,True,known_visit_horizon,10,4,8,known_visit_horizon,commitment_horizon,8,h8
259,known_visit,DMCHBA,bernoulli,0.25,19,361,4,10,dmchba_h8_bernoulli_025,scenarios/known_visit_10target_300.csv,6,14,5,28.154771699812354,28.154771699812354,01,01,1,0,True,known_visit_horizon,10,4,8,known_visit_horizon,commitment_horizon,8,h8
259,known_visit,DMCHBA,bernoulli,0.25,19,361,4,10,dmchba_h8_bernoulli_025,scenarios/known_visit_10target_300.csv,7,9,10,17.79734203424846,17.79734203424846,02,02,1,0,True,known_visit_horizon,10,4,8,known_visit_horizon,commitment_horizon,8,h8
259,known_visit,DMCHBA,bernoulli,0.25,19,361,4,10,dmchba_h8_bernoulli_025,scenarios/known_visit_10target_300.csv,8,10,14,22.89511325228073,22.89511325228073,03,03,1,0,True,known_visit_horizon,10,4,8,known_visit_horizon,commitment_horizon,8,h8
259,known_visit,DMCHBA,bernoulli,0.25,19,361,4,10,dmchba_h8_bernoulli_025,scenarios/known_visit_10target_300.csv,9,6,14,16.179845846496644,16.179845846496644,03,03,1,0,True,known_visit_horizon,10,4,8,known_visit_horizon,commitment_horizon,8,h8
259,known_visit,DMCHBA,bernoulli,0.25,19,361,4,10,dmchba_h8_bernoulli_025,scenarios/known_visit_10target_300.csv,10,8,13,28.46000736578251,28.46000736578251,03,03,1,0,True,known_visit_horizon,10,4,8,known_visit_horizon,commitment_horizon,8,h8
260,known_visit,DMCHBA,bernoulli,0.25,19,361,4,10,dmchba_h8_bernoulli_025,scenarios/known_visit_10target_300.csv,1,15,2,39.683376950394596,39.683376950394596,00,00,1,0,True,known_visit_horizon,10,4,8,known_visit_horizon,commitment_horizon,8,h8
260,known_visit,DMCHBA,bernoulli,0.25,19,361,4,10,dmchba_h8_bernoulli_025,scenarios/known_visit_10target_300.csv,2,8,3,17.7678410807075,17.7678410807075,01,01,1,0,True,known_visit_horizon,10,4,8,known_visit_horizon,commitment_horizon,8,h8
260,known_visit,DMCHBA,bernoulli,0.25,19,361,4,10,dmchba_h8_bernoulli_025,scenarios/known_visit_10target_300.csv,3,7,2,14.718708766653524,14.718708766653524,00,00,1,0,True,known_visit_horizon,10,4,8,known_visit_horizon,commitment_horizon,8,h8
260,known_visit,DMCHBA,bernoulli,0.25,19,361,4,10,dmchba_h8_bernoulli_025,scenarios/known_visit_10target_300.csv,4,9,14,17.93380293508925,17.93380293508925,02,02,1,0,True,known_visit_horizon,10,4,8,known_visit_horizon,commitment_horizon,8,h8
260,known_visit,DMCHBA,bernoulli,0.25,19,361,4,10,dmchba_h8_bernoulli_025,scenarios/known_visit_10target_300.csv,5,6,0,20.393651187179664,20.393651187179664,00,00,1,0,True,known_visit_horizon,10,4,8,known_visit_horizon,commitment_horizon,8,h8
260,known_visit,DMCHBA,bernoulli,0.25,19,361,4,10,dmchba_h8_bernoulli_025,scenarios/known_visit_10target_300.csv,6,4,2,9.294816960131689,9.294816960131689,00,00,1,0,True,known_visit_horizon,10,4,8,known_visit_horizon,commitment_horizon,8,h8
260,known_visit,DMCHBA,bernoulli,0.25,19,361,4,10,dmchba_h8_bernoulli_025,scenarios/known_visit_10target_300.csv,7,12,6,30.079050285066337,30.079050285066337,01,01,1,0,True,known_visit_horizon,10,4,8,known_visit_horizon,commitment_horizon,8,h8
260,known_visit,DMCHBA,bernoulli,0.25,19,361,4,10,dmchba_h8_bernoulli_025,scenarios/known_visit_10target_300.csv,8,14,10,34.02109921820117,34.02109921820117,02,02,1,0,True,known_visit_horizon,10,4,8,known_visit_horizon,commitment_horizon,8,h8
260,known_visit,DMCHBA,bernoulli,0.25,19,361,4,10,dmchba_h8_bernoulli_025,scenarios/known_visit_10target_300.csv,9,5,12,7.16896003874561,7.16896003874561,02,02,1,0,True,known_visit_horizon,10,4,8,known_visit_horizon,commitment_horizon,8,h8
260,known_visit,DMCHBA,bernoulli,0.25,19,361,4,10,dmchba_h8_bernoulli_025,scenarios/known_visit_10target_300.csv,10,7,18,10.429217562864869,10.429217562864869,03,03,1,0,True,known_visit_horizon,10,4,8,known_visit_horizon,commitment_horizon,8,h8
261,known_visit,DMCHBA,bernoulli,0.25,19,361,4,10,dmchba_h8_bernoulli_025,scenarios/known_visit_10target_300.csv,1,10,7,18.030040951125155,18.030040951125155,01,01,1,0,True,known_visit_horizon,10,4,8,known_visit_horizon,commitment_horizon,8,h8
261,known_visit,DMCHBA,bernoulli,0.25,19,361,4,10,dmchba_h8_bernoulli_025,scenarios/known_visit_10target_300.csv,2,4,11,7.242846289841139,7.242846289841139,02,02,1,0,True,known_visit_horizon,10,4,8,known_visit_horizon,commitment_horizon,8,h8
261,known_visit,DMCHBA,bernoulli,0.25,19,361,4,10,dmchba_h8_bernoulli_025,scenarios/known_visit_10target_300.csv,3,7,9,15.843187592984618,15.843187592984618,02,02,1,0,True,known_visit_horizon,10,4,8,known_visit_horizon,commitment_horizon,8,h8
261,known_visit,DMCHBA,bernoulli,0.25,19,361,4,10,dmchba_h8_bernoulli_025,scenarios/known_visit_10target_300.csv,4,18,17,31.141672319046652,31.141672319046652,03,03,1,0,True,known_visit_horizon,10,4,8,known_visit_horizon,commitment_horizon,8,h8
261,known_visit,DMCHBA,bernoulli,0.25,19,361,4,10,dmchba_h8_bernoulli_025,scenarios/known_visit_10target_300.csv,5,14,10,29.558093684613002,29.558093684613002,02,02,1,0,True,known_visit_horizon,10,4,8,known_visit_horizon,commitment_horizon,8,h8
261,known_visit,DMCHBA,bernoulli,0.25,19,361,4,10,dmchba_h8_bernoulli_025,scenarios/known_visit_10target_300.csv,6,1,7,2.259780519134599,2.259780519134599,01,01,1,0,True,known_visit_horizon,10,4,8,known_visit_horizon,commitment_horizon,8,h8
261,known_visit,DMCHBA,bernoulli,0.25,19,361,4,10,dmchba_h8_bernoulli_025,scenarios/known_visit_10target_300.csv,7,2,2,5.815138712790711,5.815138712790711,00,00,1,0,True,known_visit_horizon,10,4,8,known_visit_horizon,commitment_horizon,8,h8
261,known_visit,DMCHBA,bernoulli,0.25,19,361,4,10,dmchba_h8_bernoulli_025,scenarios/known_visit_10target_300.csv,8,5,4,14.48931430340156,14.48931430340156,00,00,1,0,True,known_visit_horizon,10,4,8,known_visit_horizon,commitment_horizon,8,h8
261,known_visit,DMCHBA,bernoulli,0.25,19,361,4,10,dmchba_h8_bernoulli_025,scenarios/known_visit_10target_300.csv,9,18,15,34.58554430973459,34.58554430973459,03,03,1,0,True,known_visit_horizon,10,4,8,known_visit_horizon,commitment_horizon,8,h8
261,known_visit,DMCHBA,bernoulli,0.25,19,361,4,10,dmchba_h8_bernoulli_025,scenarios/known_visit_10target_300.csv,10,12,6,23.52790572488395,23.52790572488395,01,01,1,0,True,known_visit_horizon,10,4,8,known_visit_horizon,commitment_horizon,8,h8
262,known_visit,DMCHBA,bernoulli,0.25,19,361,4,10,dmchba_h8_bernoulli_025,scenarios/known_visit_10target_300.csv,1,13,5,23.222112353314905,23.222112353314905,01,01,1,0,True,known_visit_horizon,10,4,8,known_visit_horizon,commitment_horizon,8,h8
262,known_visit,DMCHBA,bernoulli,0.25,19,361,4,10,dmchba_h8_bernoulli_025,scenarios/known_visit_10target_300.csv,2,5,1,9.135142331515622,9.135142331515622,00,00,1,0,True,known_visit_horizon,10,4,8,known_visit_horizon,commitment_horizon,8,h8
262,known_visit,DMCHBA,bernoulli,0.25,19,361,4,10,dmchba_h8_bernoulli_025,scenarios/known_visit_10target_300.csv,3,9,1,16.263571781091844,16.263571781091844,00,00,1,0,True,known_visit_horizon,10,4,8,known_visit_horizon,commitment_horizon,8,h8
262,known_visit,DMCHBA,bernoulli,0.25,19,361,4,10,dmchba_h8_bernoulli_025,scenarios/known_visit_10target_300.csv,4,17,13,29.37068146491931,29.37068146491931,02,02,1,0,True,known_visit_horizon,10,4,8,known_visit_horizon,commitment_horizon,8,h8
262,known_visit,DMCHBA,bernoulli,0.25,19,361,4,10,dmchba_h8_bernoulli_025,scenarios/known_visit_10target_300.csv,5,16,1,28.116671363160584,28.116671363160584,00,00,1,0,True,known_visit_horizon,10,4,8,known_visit_horizon,commitment_horizon,8,h8
262,known_visit,DMCHBA,bernoulli,0.25,19,361,4,10,dmchba_h8_bernoulli_025,scenarios/known_visit_10target_300.csv,6,16,18,25.421513650572347,25.421513650572347,03,03,1,0,True,known_visit_horizon,10,4,8,known_visit_horizon,commitment_horizon,8,h8
262,known_visit,DMCHBA,bernoulli,0.25,19,361,4,10,dmchba_h8_bernoulli_025,scenarios/known_visit_10target_300.csv,7,3,12,3.5160994315935077,3.5160994315935077,02,02,1,0,True,known_visit_horizon,10,4,8,known_visit_horizon,commitment_horizon,8,h8
262,known_visit,DMCHBA,bernoulli,0.25,19,361,4,10,dmchba_h8_bernoulli_025,scenarios/known_visit_10target_300.csv,8,15,6,28.871330303033435,28.871330303033435,01,01,1,0,True,known_visit_horizon,10,4,8,known_visit_horizon,commitment_horizon,8,h8
262,known_visit,DMCHBA,bernoulli,0.25,19,361,4,10,dmchba_h8_bernoulli_025,scenarios/known_visit_10target_300.csv,9,5,12,7.065953345355281,7.065953345355281,02,02,1,0,True,known_visit_horizon,10,4,8,known_visit_horizon,commitment_horizon,8,h8
262,known_visit,DMCHBA,bernoulli,0.25,19,361,4,10,dmchba_h8_bernoulli_025,scenarios/known_visit_10target_300.csv,10,18,17,30.905408382387197,30.905408382387197,03,03,1,0,True,known_visit_horizon,10,4,8,known_visit_horizon,commitment_horizon,8,h8
263,known_visit,DMCHBA,bernoulli,0.25,19,361,4,10,dmchba_h8_bernoulli_025,scenarios/known_visit_10target_300.csv,1,12,3,32.34794879518055,32.34794879518055,00,00,1,0,True,known_visit_horizon,10,4,8,known_visit_horizon,commitment_horizon,8,h8
263,known_visit,DMCHBA,bernoulli,0.25,19,361,4,10,dmchba_h8_bernoulli_025,scenarios/known_visit_10target_300.csv,2,6,16,17.240108682483108,17.240108682483108,03,03,1,0,True,known_visit_horizon,10,4,8,known_visit_horizon,commitment_horizon,8,h8
263,known_visit,DMCHBA,bernoulli,0.25,19,361,4,10,dmchba_h8_bernoulli_025,scenarios/known_visit_10target_300.csv,3,0,17,0.5508611300506709,0.5508611300506709,03,03,1,0,True,known_visit_horizon,10,4,8,known_visit_horizon,commitment_horizon,8,h8
263,known_visit,DMCHBA,bernoulli,0.25,19,361,4,10,dmchba_h8_bernoulli_025,scenarios/known_visit_10target_300.csv,4,16,13,39.830524033800415,39.830524033800415,03,03,1,0,True,known_visit_horizon,10,4,8,known_visit_horizon,commitment_horizon,8,h8
263,known_visit,DMCHBA,bernoulli,0.25,19,361,4,10,dmchba_h8_bernoulli_025,scenarios/known_visit_10target_300.csv,5,17,7,36.55391337128761,36.55391337128761,02,02,1,0,True,known_visit_horizon,10,4,8,known_visit_horizon,commitment_horizon,8,h8
263,known_visit,DMCHBA,bernoulli,0.25,19,361,4,10,dmchba_h8_bernoulli_025,scenarios/known_visit_10target_300.csv,6,7,0,18.1572648469963,18.1572648469963,00,00,1,0,True,known_visit_horizon,10,4,8,known_visit_horizon,commitment_horizon,8,h8
263,known_visit,DMCHBA,bernoulli,0.25,19,361,4,10,dmchba_h8_bernoulli_025,scenarios/known_visit_10target_300.csv,7,5,16,15.325552512684204,15.325552512684204,03,03,1,0,True,known_visit_horizon,10,4,8,known_visit_horizon,commitment_horizon,8,h8
263,known_visit,DMCHBA,bernoulli,0.25,19,361,4,10,dmchba_h8_bernoulli_025,scenarios/known_visit_10target_300.csv,8,0,4,2.308133718225043,2.308133718225043,01,01,1,0,True,known_visit_horizon,10,4,8,known_visit_horizon,commitment_horizon,8,h8
263,known_visit,DMCHBA,bernoulli,0.25,19,361,4,10,dmchba_h8_bernoulli_025,scenarios/known_visit_10target_300.csv,9,10,9,20.74904468287713,20.74904468287713,02,02,1,0,True,known_visit_horizon,10,4,8,known_visit_horizon,commitment_horizon,8,h8
263,known_visit,DMCHBA,bernoulli,0.25,19,361,4,10,dmchba_h8_bernoulli_025,scenarios/known_visit_10target_300.csv,10,3,18,7.836413582084821,7.836413582084821,03,03,1,0,True,known_visit_horizon,10,4,8,known_visit_horizon,commitment_horizon,8,h8
264,known_visit,DMCHBA,bernoulli,0.25,19,361,4,10,dmchba_h8_bernoulli_025,scenarios/known_visit_10target_300.csv,1,14,9,31.50693949367899,31.50693949367899,01,01,1,0,True,known_visit_horizon,10,4,8,known_visit_horizon,commitment_horizon,8,h8
264,known_visit,DMCHBA,bernoulli,0.25,19,361,4,10,dmchba_h8_bernoulli_025,scenarios/known_visit_10target_300.csv,2,18,9,38.37901153710969,38.37901153710969,01,01,1,0,True,known_visit_horizon,10,4,8,known_visit_horizon,commitment_horizon,8,h8
264,known_visit,DMCHBA,bernoulli,0.25,19,361,4,10,dmchba_h8_bernoulli_025,scenarios/known_visit_10target_300.csv,3,2,8,5.256927459140341,5.256927459140341,01,01,1,0,True,known_visit_horizon,10,4,8,known_visit_horizon,commitment_horizon,8,h8
264,known_visit,DMCHBA,bernoulli,0.25,19,361,4,10,dmchba_h8_bernoulli_025,scenarios/known_visit_10target_300.csv,4,12,13,35.258169917012054,35.258169917012054,02,02,1,0,True,known_visit_horizon,10,4,8,known_visit_horizon,commitment_horizon,8,h8
264,known_visit,DMCHBA,bernoulli,0.25,19,361,4,10,dmchba_h8_bernoulli_025,scenarios/known_visit_10target_300.csv,5,8,17,13.816782017671818,13.816782017671818,03,03,2,1,True,known_visit_horizon,10,4,8,known_visit_horizon,commitment_horizon,8,h8
264,known_visit,DMCHBA,bernoulli,0.25,19,361,4,10,dmchba_h8_bernoulli_025,scenarios/known_visit_10target_300.csv,6,14,18,26.4327079242642,26.4327079242642,03,03,1,0,True,known_visit_horizon,10,4,8,known_visit_horizon,commitment_horizon,8,h8
264,known_visit,DMCHBA,bernoulli,0.25,19,361,4,10,dmchba_h8_bernoulli_025,scenarios/known_visit_10target_300.csv,7,17,6,38.56704467652136,38.56704467652136,00,00,1,0,True,known_visit_horizon,10,4,8,known_visit_horizon,commitment_horizon,8,h8
264,known_visit,DMCHBA,bernoulli,0.25,19,361,4,10,dmchba_h8_bernoulli_025,scenarios/known_visit_10target_300.csv,8,12,3,24.423185089516704,24.423185089516704,00,00,1,0,True,known_visit_horizon,10,4,8,known_visit_horizon,commitment_horizon,8,h8
264,known_visit,DMCHBA,bernoulli,0.25,19,361,4,10,dmchba_h8_bernoulli_025,scenarios/known_visit_10target_300.csv,9,12,0,19.037534701931328,19.037534701931328,00,00,1,0,True,known_visit_horizon,10,4,8,known_visit_horizon,commitment_horizon,8,h8
264,known_visit,DMCHBA,bernoulli,0.25,19,361,4,10,dmchba_h8_bernoulli_025,scenarios/known_visit_10target_300.csv,10,1,13,2.15397169121692,2.15397169121692,02,02,1,0,True,known_visit_horizon,10,4,8,known_visit_horizon,commitment_horizon,8,h8
265,known_visit,DMCHBA,bernoulli,0.25,19,361,4,10,dmchba_h8_bernoulli_025,scenarios/known_visit_10target_300.csv,1,8,5,20.928993600820437,20.928993600820437,00,00,1,0,True,known_visit_horizon,10,4,8,known_visit_horizon,commitment_horizon,8,h8
265,known_visit,DMCHBA,bernoulli,0.25,19,361,4,10,dmchba_h8_bernoulli_025,scenarios/known_visit_10target_300.csv,2,10,16,19.36792179998511,19.36792179998511,03,03,1,0,True,known_visit_horizon,10,4,8,known_visit_horizon,commitment_horizon,8,h8
265,known_visit,DMCHBA,bernoulli,0.25,19,361,4,10,dmchba_h8_bernoulli_025,scenarios/known_visit_10target_300.csv,3,15,10,28.038682509577733,28.038682509577733,02,02,1,0,True,known_visit_horizon,10,4,8,known_visit_horizon,commitment_horizon,8,h8
265,known_visit,DMCHBA,bernoulli,0.25,19,361,4,10,dmchba_h8_bernoulli_025,scenarios/known_visit_10target_300.csv,4,4,9,11.220224344899671,11.220224344899671,01,01,1,0,True,known_visit_horizon,10,4,8,known_visit_horizon,commitment_horizon,8,h8
265,known_visit,DMCHBA,bernoulli,0.25,19,361,4,10,dmchba_h8_bernoulli_025,scenarios/known_visit_10target_300.csv,5,17,12,34.962361208917386,34.962361208917386,02,02,1,0,True,known_visit_horizon,10,4,8,known_visit_horizon,commitment_horizon,8,h8
265,known_visit,DMCHBA,bernoulli,0.25,19,361,4,10,dmchba_h8_bernoulli_025,scenarios/known_visit_10target_300.csv,6,4,8,9.24914552871969,9.24914552871969,01,01,1,0,True,known_visit_horizon,10,4,8,known_visit_horizon,commitment_horizon,8,h8
265,known_visit,DMCHBA,bernoulli,0.25,19,361,4,10,dmchba_h8_bernoulli_025,scenarios/known_visit_10target_300.csv,7,18,11,38.82805413144441,38.82805413144441,02,02,1,0,True,known_visit_horizon,10,4,8,known_visit_horizon,commitment_horizon,8,h8
265,known_visit,DMCHBA,bernoulli,0.25,19,361,4,10,dmchba_h8_bernoulli_025,scenarios/known_visit_10target_300.csv,8,15,3,36.75243351752746,36.75243351752746,00,00,1,0,True,known_visit_horizon,10,4,8,known_visit_horizon,commitment_horizon,8,h8
265,known_visit,DMCHBA,bernoulli,0.25,19,361,4,10,dmchba_h8_bernoulli_025,scenarios/known_visit_10target_300.csv,9,18,12,36.88107295564377,36.88107295564377,02,02,1,0,True,known_visit_horizon,10,4,8,known_visit_horizon,commitment_horizon,8,h8
265,known_visit,DMCHBA,bernoulli,0.25,19,361,4,10,dmchba_h8_bernoulli_025,scenarios/known_visit_10target_300.csv,10,1,8,3.946771008588157,3.946771008588157,01,01,1,0,True,known_visit_horizon,10,4,8,known_visit_horizon,commitment_horizon,8,h8
266,known_visit,DMCHBA,bernoulli,0.25,19,361,4,10,dmchba_h8_bernoulli_025,scenarios/known_visit_10target_300.csv,1,0,9,3.928616623656666,3.928616623656666,01,01,1,0,True,known_visit_horizon,10,4,8,known_visit_horizon,commitment_horizon,8,h8
266,known_visit,DMCHBA,bernoulli,0.25,19,361,4,10,dmchba_h8_bernoulli_025,scenarios/known_visit_10target_300.csv,2,9,9,19.34956535633032,19.34956535633032,01,01,1,0,True,known_visit_horizon,10,4,8,known_visit_horizon,commitment_horizon,8,h8
266,known_visit,DMCHBA,bernoulli,0.25,19,361,4,10,dmchba_h8_bernoulli_025,scenarios/known_visit_10target_300.csv,3,6,17,10.953584768275348,10.953584768275348,03,03,1,0,True,known_visit_horizon,10,4,8,known_visit_horizon,commitment_horizon,8,h8
266,known_visit,DMCHBA,bernoulli,0.25,19,361,4,10,dmchba_h8_bernoulli_025,scenarios/known_visit_10target_300.csv,4,7,16,14.607864506122354,14.607864506122354,03,03,1,0,True,known_visit_horizon,10,4,8,known_visit_horizon,commitment_horizon,8,h8
266,known_visit,DMCHBA,bernoulli,0.25,19,361,4,10,dmchba_h8_bernoulli_025,scenarios/known_visit_10target_300.csv,5,6,10,12.33010661203648,12.33010661203648,02,02,1,0,True,known_visit_horizon,10,4,8,known_visit_horizon,commitment_horizon,8,h8
266,known_visit,DMCHBA,bernoulli,0.25,19,361,4,10,dmchba_h8_bernoulli_025,scenarios/known_visit_10target_300.csv,6,14,10,26.431539453459507,26.431539453459507,02,02,1,0,True,known_visit_horizon,10,4,8,known_visit_horizon,commitment_horizon,8,h8
266,known_visit,DMCHBA,bernoulli,0.25,19,361,4,10,dmchba_h8_bernoulli_025,scenarios/known_visit_10target_300.csv,7,14,15,49.51738508597184,49.51738508597184,03,03,1,0,True,known_visit_horizon,10,4,8,known_visit_horizon,commitment_horizon,8,h8
266,known_visit,DMCHBA,bernoulli,0.25,19,361,4,10,dmchba_h8_bernoulli_025,scenarios/known_visit_10target_300.csv,8,17,10,31.586847150601297,31.586847150601297,02,02,1,0,True,known_visit_horizon,10,4,8,known_visit_horizon,commitment_horizon,8,h8
266,known_visit,DMCHBA,bernoulli,0.25,19,361,4,10,dmchba_h8_bernoulli_025,scenarios/known_visit_10target_300.csv,9,18,18,36.9148714469646,36.9148714469646,03,03,1,0,True,known_visit_horizon,10,4,8,known_visit_horizon,commitment_horizon,8,h8
266,known_visit,DMCHBA,bernoulli,0.25,19,361,4,10,dmchba_h8_bernoulli_025,scenarios/known_visit_10target_300.csv,10,12,13,46.11586405545552,46.11586405545552,02,02,1,0,True,known_visit_horizon,10,4,8,known_visit_horizon,commitment_horizon,8,h8
267,known_visit,DMCHBA,bernoulli,0.25,19,361,4,10,dmchba_h8_bernoulli_025,scenarios/known_visit_10target_300.csv,1,2,8,16.375882722572083,16.375882722572083,02,02,1,0,True,known_visit_horizon,10,4,8,known_visit_horizon,commitment_horizon,8,h8
267,known_visit,DMCHBA,bernoulli,0.25,19,361,4,10,dmchba_h8_bernoulli_025,scenarios/known_visit_10target_300.csv,2,7,18,14.735727816851258,14.735727816851258,03,03,1,0,True,known_visit_horizon,10,4,8,known_visit_horizon,commitment_horizon,8,h8
267,known_visit,DMCHBA,bernoulli,0.25,19,361,4,10,dmchba_h8_bernoulli_025,scenarios/known_visit_10target_300.csv,3,7,15,24.134563813801012,24.134563813801012,03,03,1,0,True,known_visit_horizon,10,4,8,known_visit_horizon,commitment_horizon,8,h8
267,known_visit,DMCHBA,bernoulli,0.25,19,361,4,10,dmchba_h8_bernoulli_025,scenarios/known_visit_10target_300.csv,4,8,6,16.646916543047734,16.646916543047734,01,01,2,1,True,known_visit_horizon,10,4,8,known_visit_horizon,commitment_horizon,8,h8
267,known_visit,DMCHBA,bernoulli,0.25,19,361,4,10,dmchba_h8_bernoulli_025,scenarios/known_visit_10target_300.csv,5,2,5,3.8311660458842214,3.8311660458842214,01,01,1,0,True,known_visit_horizon,10,4,8,known_visit_horizon,commitment_horizon,8,h8
267,known_visit,DMCHBA,bernoulli,0.25,19,361,4,10,dmchba_h8_bernoulli_025,scenarios/known_visit_10target_300.csv,6,13,11,38.44651311681777,38.44651311681777,01,01,1,0,True,known_visit_horizon,10,4,8,known_visit_horizon,commitment_horizon,8,h8
267,known_visit,DMCHBA,bernoulli,0.25,19,361,4,10,dmchba_h8_bernoulli_025,scenarios/known_visit_10target_300.csv,7,16,5,34.868907755543866,34.868907755543866,00,00,1,0,True,known_visit_horizon,10,4,8,known_visit_horizon,commitment_horizon,8,h8
267,known_visit,DMCHBA,bernoulli,0.25,19,361,4,10,dmchba_h8_bernoulli_025,scenarios/known_visit_10target_300.csv,8,4,7,21.884684522177654,21.884684522177654,02,02,1,0,True,known_visit_horizon,10,4,8,known_visit_horizon,commitment_horizon,8,h8
267,known_visit,DMCHBA,bernoulli,0.25,19,361,4,10,dmchba_h8_bernoulli_025,scenarios/known_visit_10target_300.csv,9,0,14,2.0930171514679556,2.0930171514679556,02,02,1,0,True,known_visit_horizon,10,4,8,known_visit_horizon,commitment_horizon,8,h8
267,known_visit,DMCHBA,bernoulli,0.25,19,361,4,10,dmchba_h8_bernoulli_025,scenarios/known_visit_10target_300.csv,10,10,4,22.566969349495203,22.566969349495203,00,00,1,0,True,known_visit_horizon,10,4,8,known_visit_horizon,commitment_horizon,8,h8
268,known_visit,DMCHBA,bernoulli,0.25,19,361,4,10,dmchba_h8_bernoulli_025,scenarios/known_visit_10target_300.csv,1,16,13,31.888443480902684,31.888443480902684,02,02,1,0,True,known_visit_horizon,10,4,8,known_visit_horizon,commitment_horizon,8,h8
268,known_visit,DMCHBA,bernoulli,0.25,19,361,4,10,dmchba_h8_bernoulli_025,scenarios/known_visit_10target_300.csv,2,15,3,29.972620940715434,29.972620940715434,00,00,1,0,True,known_visit_horizon,10,4,8,known_visit_horizon,commitment_horizon,8,h8
268,known_visit,DMCHBA,bernoulli,0.25,19,361,4,10,dmchba_h8_bernoulli_025,scenarios/known_visit_10target_300.csv,3,4,16,9.553878038124788,9.553878038124788,03,03,1,0,True,known_visit_horizon,10,4,8,known_visit_horizon,commitment_horizon,8,h8
268,known_visit,DMCHBA,bernoulli,0.25,19,361,4,10,dmchba_h8_bernoulli_025,scenarios/known_visit_10target_300.csv,4,1,14,3.7373665303469554,3.7373665303469554,02,02,1,0,True,known_visit_horizon,10,4,8,known_visit_horizon,commitment_horizon,8,h8
268,known_visit,DMCHBA,bernoulli,0.25,19,361,4,10,dmchba_h8_bernoulli_025,scenarios/known_visit_10target_300.csv,5,9,14,17.727110904783736,17.727110904783736,02,02,1,0,True,known_visit_horizon,10,4,8,known_visit_horizon,commitment_horizon,8,h8
268,known_visit,DMCHBA,bernoulli,0.25,19,361,4,10,dmchba_h8_bernoulli_025,scenarios/known_visit_10target_300.csv,6,15,13,29.950367460302544,29.950367460302544,02,02,1,0,True,known_visit_horizon,10,4,8,known_visit_horizon,commitment_horizon,8,h8
268,known_visit,DMCHBA,bernoulli,0.25,19,361,4,10,dmchba_h8_bernoulli_025,scenarios/known_visit_10target_300.csv,7,11,17,23.666160503408285,23.666160503408285,03,03,1,0,True,known_visit_horizon,10,4,8,known_visit_horizon,commitment_horizon,8,h8
268,known_visit,DMCHBA,bernoulli,0.25,19,361,4,10,dmchba_h8_bernoulli_025,scenarios/known_visit_10target_300.csv,8,18,12,37.185541852507484,37.185541852507484,02,02,1,0,True,known_visit_horizon,10,4,8,known_visit_horizon,commitment_horizon,8,h8
268,known_visit,DMCHBA,bernoulli,0.25,19,361,4,10,dmchba_h8_bernoulli_025,scenarios/known_visit_10target_300.csv,9,5,9,12.72994295203972,12.72994295203972,01,01,1,0,True,known_visit_horizon,10,4,8,known_visit_horizon,commitment_horizon,8,h8
268,known_visit,DMCHBA,bernoulli,0.25,19,361,4,10,dmchba_h8_bernoulli_025,scenarios/known_visit_10target_300.csv,10,1,7,2.167200626113738,2.167200626113738,01,01,1,0,True,known_visit_horizon,10,4,8,known_visit_horizon,commitment_horizon,8,h8
269,known_visit,DMCHBA,bernoulli,0.25,19,361,4,10,dmchba_h8_bernoulli_025,scenarios/known_visit_10target_300.csv,1,14,11,32.24586599018858,32.24586599018858,02,02,1,0,True,known_visit_horizon,10,4,8,known_visit_horizon,commitment_horizon,8,h8
269,known_visit,DMCHBA,bernoulli,0.25,19,361,4,10,dmchba_h8_bernoulli_025,scenarios/known_visit_10target_300.csv,2,4,8,9.277412769463064,9.277412769463064,01,01,1,0,True,known_visit_horizon,10,4,8,known_visit_horizon,commitment_horizon,8,h8
269,known_visit,DMCHBA,bernoulli,0.25,19,361,4,10,dmchba_h8_bernoulli_025,scenarios/known_visit_10target_300.csv,3,8,12,19.800954463864038,19.800954463864038,02,02,1,0,True,known_visit_horizon,10,4,8,known_visit_horizon,commitment_horizon,8,h8
269,known_visit,DMCHBA,bernoulli,0.25,19,361,4,10,dmchba_h8_bernoulli_025,scenarios/known_visit_10target_300.csv,4,13,17,26.719324995512654,26.719324995512654,03,03,1,0,True,known_visit_horizon,10,4,8,known_visit_horizon,commitment_horizon,8,h8
269,known_visit,DMCHBA,bernoulli,0.25,19,361,4,10,dmchba_h8_bernoulli_025,scenarios/known_visit_10target_300.csv,5,6,14,12.480269878172463,12.480269878172463,02,02,1,0,True,known_visit_horizon,10,4,8,known_visit_horizon,commitment_horizon,8,h8
269,known_visit,DMCHBA,bernoulli,0.25,19,361,4,10,dmchba_h8_bernoulli_025,scenarios/known_visit_10target_300.csv,6,8,1,14.533015578077622,14.533015578077622,00,00,1,0,True,known_visit_horizon,10,4,8,known_visit_horizon,commitment_horizon,8,h8
269,known_visit,DMCHBA,bernoulli,0.25,19,361,4,10,dmchba_h8_bernoulli_025,scenarios/known_visit_10target_300.csv,7,5,5,16.120271742276003,16.120271742276003,01,01,1,0,True,known_visit_horizon,10,4,8,known_visit_horizon,commitment_horizon,8,h8
269,known_visit,DMCHBA,bernoulli,0.25,19,361,4,10,dmchba_h8_bernoulli_025,scenarios/known_visit_10target_300.csv,8,0,7,0.4362261793801684,0.4362261793801684,01,01,1,0,True,known_visit_horizon,10,4,8,known_visit_horizon,commitment_horizon,8,h8
269,known_visit,DMCHBA,bernoulli,0.25,19,361,4,10,dmchba_h8_bernoulli_025,scenarios/known_visit_10target_300.csv,9,9,12,21.889547277493403,21.889547277493403,02,02,1,0,True,known_visit_horizon,10,4,8,known_visit_horizon,commitment_horizon,8,h8
269,known_visit,DMCHBA,bernoulli,0.25,19,361,4,10,dmchba_h8_bernoulli_025,scenarios/known_visit_10target_300.csv,10,15,18,32.03574673682471,32.03574673682471,03,03,1,0,True,known_visit_horizon,10,4,8,known_visit_horizon,commitment_horizon,8,h8
270,known_visit,DMCHBA,bernoulli,0.25,19,361,4,10,dmchba_h8_bernoulli_025,scenarios/known_visit_10target_300.csv,1,17,1,29.30894236958883,29.30894236958883,00,00,1,0,True,known_visit_horizon,10,4,8,known_visit_horizon,commitment_horizon,8,h8
270,known_visit,DMCHBA,bernoulli,0.25,19,361,4,10,dmchba_h8_bernoulli_025,scenarios/known_visit_10target_300.csv,2,10,0,15.361492050291352,15.361492050291352,00,00,1,0,True,known_visit_horizon,10,4,8,known_visit_horizon,commitment_horizon,8,h8
270,known_visit,DMCHBA,bernoulli,0.25,19,361,4,10,dmchba_h8_bernoulli_025,scenarios/known_visit_10target_300.csv,3,9,5,24.793526196886432,24.793526196886432,01,01,1,0,True,known_visit_horizon,10,4,8,known_visit_horizon,commitment_horizon,8,h8
270,known_visit,DMCHBA,bernoulli,0.25,19,361,4,10,dmchba_h8_bernoulli_025,scenarios/known_visit_10target_300.csv,4,4,16,9.164309202950303,9.164309202950303,03,03,1,0,True,known_visit_horizon,10,4,8,known_visit_horizon,commitment_horizon,8,h8
270,known_visit,DMCHBA,bernoulli,0.25,19,361,4,10,dmchba_h8_bernoulli_025,scenarios/known_visit_10target_300.csv,5,15,2,34.84722223534614,34.84722223534614,00,00,1,0,True,known_visit_horizon,10,4,8,known_visit_horizon,commitment_horizon,8,h8
270,known_visit,DMCHBA,bernoulli,0.25,19,361,4,10,dmchba_h8_bernoulli_025,scenarios/known_visit_10target_300.csv,6,0,7,7.249346168720839,7.249346168720839,02,02,1,0,True,known_visit_horizon,10,4,8,known_visit_horizon,commitment_horizon,8,h8
270,known_visit,DMCHBA,bernoulli,0.25,19,361,4,10,dmchba_h8_bernoulli_025,scenarios/known_visit_10target_300.csv,7,1,0,0.1085557699445811,0.1085557699445811,00,00,1,0,True,known_visit_horizon,10,4,8,known_visit_horizon,commitment_horizon,8,h8
270,known_visit,DMCHBA,bernoulli,0.25,19,361,4,10,dmchba_h8_bernoulli_025,scenarios/known_visit_10target_300.csv,8,16,5,37.002904011009036,37.002904011009036,01,01,1,0,True,known_visit_horizon,10,4,8,known_visit_horizon,commitment_horizon,8,h8
270,known_visit,DMCHBA,bernoulli,0.25,19,361,4,10,dmchba_h8_bernoulli_025,scenarios/known_visit_10target_300.csv,9,0,5,0.51878492870015,0.51878492870015,01,01,2,1,True,known_visit_horizon,10,4,8,known_visit_horizon,commitment_horizon,8,h8
270,known_visit,DMCHBA,bernoulli,0.25,19,361,4,10,dmchba_h8_bernoulli_025,scenarios/known_visit_10target_300.csv,10,15,16,27.848474756571132,27.848474756571132,03,03,1,0,True,known_visit_horizon,10,4,8,known_visit_horizon,commitment_horizon,8,h8
271,known_visit,DMCHBA,bernoulli,0.25,19,361,4,10,dmchba_h8_bernoulli_025,scenarios/known_visit_10target_300.csv,1,13,4,27.867566689234444,27.867566689234444,00,00,1,0,True,known_visit_horizon,10,4,8,known_visit_horizon,commitment_horizon,8,h8
271,known_visit,DMCHBA,bernoulli,0.25,19,361,4,10,dmchba_h8_bernoulli_025,scenarios/known_visit_10target_300.csv,2,18,17,31.18120065264342,31.18120065264342,03,03,1,0,True,known_visit_horizon,10,4,8,known_visit_horizon,commitment_horizon,8,h8
271,known_visit,DMCHBA,bernoulli,0.25,19,361,4,10,dmchba_h8_bernoulli_025,scenarios/known_visit_10target_300.csv,3,15,9,37.19236407007399,37.19236407007399,01,01,1,0,True,known_visit_horizon,10,4,8,known_visit_horizon,commitment_horizon,8,h8
271,known_visit,DMCHBA,bernoulli,0.25,19,361,4,10,dmchba_h8_bernoulli_025,scenarios/known_visit_10target_300.csv,4,11,16,24.023346635741436,24.023346635741436,02,02,1,0,True,known_visit_horizon,10,4,8,known_visit_horizon,commitment_horizon,8,h8
271,known_visit,DMCHBA,bernoulli,0.25,19,361,4,10,dmchba_h8_bernoulli_025,scenarios/known_visit_10target_300.csv,5,6,7,10.585415778338694,10.585415778338694,01,01,1,0,True,known_visit_horizon,10,4,8,known_visit_horizon,commitment_horizon,8,h8
271,known_visit,DMCHBA,bernoulli,0.25,19,361,4,10,dmchba_h8_bernoulli_025,scenarios/known_visit_10target_300.csv,6,5,0,7.087956238132231,7.087956238132231,00,00,1,0,True,known_visit_horizon,10,4,8,known_visit_horizon,commitment_horizon,8,h8
271,known_visit,DMCHBA,bernoulli,0.25,19,361,4,10,dmchba_h8_bernoulli_025,scenarios/known_visit_10target_300.csv,7,7,18,10.242243950045353,10.242243950045353,03,03,2,1,True,known_visit_horizon,10,4,8,known_visit_horizon,commitment_horizon,8,h8
271,known_visit,DMCHBA,bernoulli,0.25,19,361,4,10,dmchba_h8_bernoulli_025,scenarios/known_visit_10target_300.csv,8,16,17,27.41970746106161,27.41970746106161,03,03,1,0,True,known_visit_horizon,10,4,8,known_visit_horizon,commitment_horizon,8,h8
271,known_visit,DMCHBA,bernoulli,0.25,19,361,4,10,dmchba_h8_bernoulli_025,scenarios/known_visit_10target_300.csv,9,9,0,13.925011361403412,13.925011361403412,00,00,1,0,True,known_visit_horizon,10,4,8,known_visit_horizon,commitment_horizon,8,h8
271,known_visit,DMCHBA,bernoulli,0.25,19,361,4,10,dmchba_h8_bernoulli_025,scenarios/known_visit_10target_300.csv,10,11,0,17.34219402556451,17.34219402556451,00,00,1,0,True,known_visit_horizon,10,4,8,known_visit_horizon,commitment_horizon,8,h8
272,known_visit,DMCHBA,bernoulli,0.25,19,361,4,10,dmchba_h8_bernoulli_025,scenarios/known_visit_10target_300.csv,1,10,16,19.368145948404774,19.368145948404774,03,03,1,0,True,known_visit_horizon,10,4,8,known_visit_horizon,commitment_horizon,8,h8
272,known_visit,DMCHBA,bernoulli,0.25,19,361,4,10,dmchba_h8_bernoulli_025,scenarios/known_visit_10target_300.csv,2,10,4,23.19038479725199,23.19038479725199,00,00,1,0,True,known_visit_horizon,10,4,8,known_visit_horizon,commitment_horizon,8,h8
272,known_visit,DMCHBA,bernoulli,0.25,19,361,4,10,dmchba_h8_bernoulli_025,scenarios/known_visit_10target_300.csv,3,8,8,15.841799649857629,15.841799649857629,01,01,2,1,True,known_visit_horizon,10,4,8,known_visit_horizon,commitment_horizon,8,h8
272,known_visit,DMCHBA,bernoulli,0.25,19,361,4,10,dmchba_h8_bernoulli_025,scenarios/known_visit_10target_300.csv,4,8,6,12.181224533988157,12.181224533988157,01,01,1,0,True,known_visit_horizon,10,4,8,known_visit_horizon,commitment_horizon,8,h8
272,known_visit,DMCHBA,bernoulli,0.25,19,361,4,10,dmchba_h8_bernoulli_025,scenarios/known_visit_10target_300.csv,5,13,10,32.29208202362719,32.29208202362719,02,02,1,0,True,known_visit_horizon,10,4,8,known_visit_horizon,commitment_horizon,8,h8
272,known_visit,DMCHBA,bernoulli,0.25,19,361,4,10,dmchba_h8_bernoulli_025,scenarios/known_visit_10target_300.csv,6,11,13,23.273911097919147,23.273911097919147,02,02,1,0,True,known_visit_horizon,10,4,8,known_visit_horizon,commitment_horizon,8,h8
272,known_visit,DMCHBA,bernoulli,0.25,19,361,4,10,dmchba_h8_bernoulli_025,scenarios/known_visit_10target_300.csv,7,16,9,31.356118696753487,31.356118696753487,01,01,1,0,True,known_visit_horizon,10,4,8,known_visit_horizon,commitment_horizon,8,h8
272,known_visit,DMCHBA,bernoulli,0.25,19,361,4,10,dmchba_h8_bernoulli_025,scenarios/known_visit_10target_300.csv,8,12,9,24.56877686001939,24.56877686001939,01,01,1,0,True,known_visit_horizon,10,4,8,known_visit_horizon,commitment_horizon,8,h8
272,known_visit,DMCHBA,bernoulli,0.25,19,361,4,10,dmchba_h8_bernoulli_025,scenarios/known_visit_10target_300.csv,9,7,2,14.167083902429235,14.167083902429235,00,00,1,0,True,known_visit_horizon,10,4,8,known_visit_horizon,commitment_horizon,8,h8
272,known_visit,DMCHBA,bernoulli,0.25,19,361,4,10,dmchba_h8_bernoulli_025,scenarios/known_visit_10target_300.csv,10,16,15,35.2973936443009,35.2973936443009,03,03,1,0,True,known_visit_horizon,10,4,8,known_visit_horizon,commitment_horizon,8,h8
273,known_visit,DMCHBA,bernoulli,0.25,19,361,4,10,dmchba_h8_bernoulli_025,scenarios/known_visit_10target_300.csv,1,14,11,39.51666794372425,39.51666794372425,02,02,1,0,True,known_visit_horizon,10,4,8,known_visit_horizon,commitment_horizon,8,h8
273,known_visit,DMCHBA,bernoulli,0.25,19,361,4,10,dmchba_h8_bernoulli_025,scenarios/known_visit_10target_300.csv,2,3,3,8.92515233627538,8.92515233627538,00,00,1,0,True,known_visit_horizon,10,4,8,known_visit_horizon,commitment_horizon,8,h8
273,known_visit,DMCHBA,bernoulli,0.25,19,361,4,10,dmchba_h8_bernoulli_025,scenarios/known_visit_10target_300.csv,3,13,0,31.9575722980068,31.9575722980068,00,00,1,0,True,known_visit_horizon,10,4,8,known_visit_horizon,commitment_horizon,8,h8
273,known_visit,DMCHBA,bernoulli,0.25,19,361,4,10,dmchba_h8_bernoulli_025,scenarios/known_visit_10target_300.csv,4,13,4,29.37054620128806,29.37054620128806,01,01,1,0,True,known_visit_horizon,10,4,8,known_visit_horizon,commitment_horizon,8,h8
273,known_visit,DMCHBA,bernoulli,0.25,19,361,4,10,dmchba_h8_bernoulli_025,scenarios/known_visit_10target_300.csv,5,8,0,23.08015053897729,23.08015053897729,00,00,1,0,True,known_visit_horizon,10,4,8,known_visit_horizon,commitment_horizon,8,h8
273,known_visit,DMCHBA,bernoulli,0.25,19,361,4,10,dmchba_h8_bernoulli_025,scenarios/known_visit_10target_300.csv,6,3,16,7.106760949201469,7.106760949201469,03,03,1,0,True,known_visit_horizon,10,4,8,known_visit_horizon,commitment_horizon,8,h8
273,known_visit,DMCHBA,bernoulli,0.25,19,361,4,10,dmchba_h8_bernoulli_025,scenarios/known_visit_10target_300.csv,7,9,14,17.63282828402844,17.63282828402844,02,02,1,0,True,known_visit_horizon,10,4,8,known_visit_horizon,commitment_horizon,8,h8
273,known_visit,DMCHBA,bernoulli,0.25,19,361,4,10,dmchba_h8_bernoulli_025,scenarios/known_visit_10target_300.csv,8,8,7,32.14137011844416,32.14137011844416,03,03,1,0,True,known_visit_horizon,10,4,8,known_visit_horizon,commitment_horizon,8,h8
273,known_visit,DMCHBA,bernoulli,0.25,19,361,4,10,dmchba_h8_bernoulli_025,scenarios/known_visit_10target_300.csv,9,11,9,30.16045240114442,30.16045240114442,02,02,1,0,True,known_visit_horizon,10,4,8,known_visit_horizon,commitment_horizon,8,h8
273,known_visit,DMCHBA,bernoulli,0.25,19,361,4,10,dmchba_h8_bernoulli_025,scenarios/known_visit_10target_300.csv,10,12,5,25.25404839716176,25.25404839716176,01,01,1,0,True,known_visit_horizon,10,4,8,known_visit_horizon,commitment_horizon,8,h8
274,known_visit,DMCHBA,bernoulli,0.25,19,361,4,10,dmchba_h8_bernoulli_025,scenarios/known_visit_10target_300.csv,1,8,10,15.696002513999106,15.696002513999106,02,02,2,1,True,known_visit_horizon,10,4,8,known_visit_horizon,commitment_horizon,8,h8
274,known_visit,DMCHBA,bernoulli,0.25,19,361,4,10,dmchba_h8_bernoulli_025,scenarios/known_visit_10target_300.csv,2,6,5,14.58202870897239,14.58202870897239,01,01,1,0,True,known_visit_horizon,10,4,8,known_visit_horizon,commitment_horizon,8,h8
274,known_visit,DMCHBA,bernoulli,0.25,19,361,4,10,dmchba_h8_bernoulli_025,scenarios/known_visit_10target_300.csv,3,13,8,38.88073826992885,38.88073826992885,01,01,1,0,True,known_visit_horizon,10,4,8,known_visit_horizon,commitment_horizon,8,h8
274,known_visit,DMCHBA,bernoulli,0.25,19,361,4,10,dmchba_h8_bernoulli_025,scenarios/known_visit_10target_300.csv,4,0,5,0.4241873380676603,0.4241873380676603,01,01,1,0,True,known_visit_horizon,10,4,8,known_visit_horizon,commitment_horizon,8,h8
274,known_visit,DMCHBA,bernoulli,0.25,19,361,4,10,dmchba_h8_bernoulli_025,scenarios/known_visit_10target_300.csv,5,16,4,33.83210249894887,33.83210249894887,00,00,1,0,True,known_visit_horizon,10,4,8,known_visit_horizon,commitment_horizon,8,h8
274,known_visit,DMCHBA,bernoulli,0.25,19,361,4,10,dmchba_h8_bernoulli_025,scenarios/known_visit_10target_300.csv,6,10,13,24.76512092210224,24.76512092210224,02,02,1,0,True,known_visit_horizon,10,4,8,known_visit_horizon,commitment_horizon,8,h8
274,known_visit,DMCHBA,bernoulli,0.25,19,361,4,10,dmchba_h8_bernoulli_025,scenarios/known_visit_10target_300.csv,7,16,17,31.52059290161807,31.52059290161807,03,03,1,0,True,known_visit_horizon,10,4,8,known_visit_horizon,commitment_horizon,8,h8
274,known_visit,DMCHBA,bernoulli,0.25,19,361,4,10,dmchba_h8_bernoulli_025,scenarios/known_visit_10target_300.csv,8,2,4,5.748130942859435,5.748130942859435,01,01,1,0,True,known_visit_horizon,10,4,8,known_visit_horizon,commitment_horizon,8,h8
274,known_visit,DMCHBA,bernoulli,0.25,19,361,4,10,dmchba_h8_bernoulli_025,scenarios/known_visit_10target_300.csv,9,12,16,22.78707462269971,22.78707462269971,03,03,1,0,True,known_visit_horizon,10,4,8,known_visit_horizon,commitment_horizon,8,h8
274,known_visit,DMCHBA,bernoulli,0.25,19,361,4,10,dmchba_h8_bernoulli_025,scenarios/known_visit_10target_300.csv,10,1,16,3.803936196890168,3.803936196890168,03,03,1,0,True,known_visit_horizon,10,4,8,known_visit_horizon,commitment_horizon,8,h8
275,known_visit,DMCHBA,bernoulli,0.25,19,361,4,10,dmchba_h8_bernoulli_025,scenarios/known_visit_10target_300.csv,1,14,13,28.062100970051866,28.062100970051866,02,02,1,0,True,known_visit_horizon,10,4,8,known_visit_horizon,commitment_horizon,8,h8
275,known_visit,DMCHBA,bernoulli,0.25,19,361,4,10,dmchba_h8_bernoulli_025,scenarios/known_visit_10target_300.csv,2,1,11,2.1011788257071733,2.1011788257071733,02,02,1,0,True,known_visit_horizon,10,4,8,known_visit_horizon,commitment_horizon,8,h8
275,known_visit,DMCHBA,bernoulli,0.25,19,361,4,10,dmchba_h8_bernoulli_025,scenarios/known_visit_10target_300.csv,3,18,15,34.79881618204952,34.79881618204952,03,03,1,0,True,known_visit_horizon,10,4,8,known_visit_horizon,commitment_horizon,8,h8
275,known_visit,DMCHBA,bernoulli,0.25,19,361,4,10,dmchba_h8_bernoulli_025,scenarios/known_visit_10target_300.csv,4,1,17,2.1417408775248377,2.1417408775248377,03,03,1,0,True,known_visit_horizon,10,4,8,known_visit_horizon,commitment_horizon,8,h8
275,known_visit,DMCHBA,bernoulli,0.25,19,361,4,10,dmchba_h8_bernoulli_025,scenarios/known_visit_10target_300.csv,5,4,6,5.370034436095337,5.370034436095337,01,01,1,0,True,known_visit_horizon,10,4,8,known_visit_horizon,commitment_horizon,8,h8
275,known_visit,DMCHBA,bernoulli,0.25,19,361,4,10,dmchba_h8_bernoulli_025,scenarios/known_visit_10target_300.csv,6,2,0,1.863514449798466,1.863514449798466,00,00,1,0,True,known_visit_horizon,10,4,8,known_visit_horizon,commitment_horizon,8,h8
275,known_visit,DMCHBA,bernoulli,0.25,19,361,4,10,dmchba_h8_bernoulli_025,scenarios/known_visit_10target_300.csv,7,9,1,15.68461306060743,15.68461306060743,00,00,1,0,True,known_visit_horizon,10,4,8,known_visit_horizon,commitment_horizon,8,h8
275,known_visit,DMCHBA,bernoulli,0.25,19,361,4,10,dmchba_h8_bernoulli_025,scenarios/known_visit_10target_300.csv,8,16,11,35.14809469243427,35.14809469243427,01,01,1,0,True,known_visit_horizon,10,4,8,known_visit_horizon,commitment_horizon,8,h8
275,known_visit,DMCHBA,bernoulli,0.25,19,361,4,10,dmchba_h8_bernoulli_025,scenarios/known_visit_10target_300.csv,9,8,16,15.815839831804633,15.815839831804633,03,03,1,0,True,known_visit_horizon,10,4,8,known_visit_horizon,commitment_horizon,8,h8
275,known_visit,DMCHBA,bernoulli,0.25,19,361,4,10,dmchba_h8_bernoulli_025,scenarios/known_visit_10target_300.csv,10,17,0,31.457780990910315,31.457780990910315,00,00,1,0,True,known_visit_horizon,10,4,8,known_visit_horizon,commitment_horizon,8,h8
276,known_visit,DMCHBA,bernoulli,0.25,19,361,4,10,dmchba_h8_bernoulli_025,scenarios/known_visit_10target_300.csv,1,10,17,17.87159946384303,17.87159946384303,03,03,1,0,True,known_visit_horizon,10,4,8,known_visit_horizon,commitment_horizon,8,h8
276,known_visit,DMCHBA,bernoulli,0.25,19,361,4,10,dmchba_h8_bernoulli_025,scenarios/known_visit_10target_300.csv,2,11,17,19.541169213610274,19.541169213610274,03,03,1,0,True,known_visit_horizon,10,4,8,known_visit_horizon,commitment_horizon,8,h8
276,known_visit,DMCHBA,bernoulli,0.25,19,361,4,10,dmchba_h8_bernoulli_025,scenarios/known_visit_10target_300.csv,3,13,3,26.331267139082183,26.331267139082183,00,00,1,0,True,known_visit_horizon,10,4,8,known_visit_horizon,commitment_horizon,8,h8
276,known_visit,DMCHBA,bernoulli,0.25,19,361,4,10,dmchba_h8_bernoulli_025,scenarios/known_visit_10target_300.csv,4,13,13,29.935661711109802,29.935661711109802,03,03,1,0,True,known_visit_horizon,10,4,8,known_visit_horizon,commitment_horizon,8,h8
276,known_visit,DMCHBA,bernoulli,0.25,19,361,4,10,dmchba_h8_bernoulli_025,scenarios/known_visit_10target_300.csv,5,6,2,12.489252246494514,12.489252246494514,00,00,1,0,True,known_visit_horizon,10,4,8,known_visit_horizon,commitment_horizon,8,h8
276,known_visit,DMCHBA,bernoulli,0.25,19,361,4,10,dmchba_h8_bernoulli_025,scenarios/known_visit_10target_300.csv,6,7,11,19.70765918416251,19.70765918416251,02,02,1,0,True,known_visit_horizon,10,4,8,known_visit_horizon,commitment_horizon,8,h8
276,known_visit,DMCHBA,bernoulli,0.25,19,361,4,10,dmchba_h8_bernoulli_025,scenarios/known_visit_10target_300.csv,7,8,8,16.217727612794697,16.217727612794697,01,01,1,0,True,known_visit_horizon,10,4,8,known_visit_horizon,commitment_horizon,8,h8
276,known_visit,DMCHBA,bernoulli,0.25,19,361,4,10,dmchba_h8_bernoulli_025,scenarios/known_visit_10target_300.csv,8,0,9,3.789244077160719,3.789244077160719,02,02,1,0,True,known_visit_horizon,10,4,8,known_visit_horizon,commitment_horizon,8,h8
276,known_visit,DMCHBA,bernoulli,0.25,19,361,4,10,dmchba_h8_bernoulli_025,scenarios/known_visit_10target_300.csv,9,4,17,7.656682074678684,7.656682074678684,03,03,1,0,True,known_visit_horizon,10,4,8,known_visit_horizon,commitment_horizon,8,h8
276,known_visit,DMCHBA,bernoulli,0.25,19,361,4,10,dmchba_h8_bernoulli_025,scenarios/known_visit_10target_300.csv,10,0,17,0.47884299347349224,0.47884299347349224,03,03,1,0,True,known_visit_horizon,10,4,8,known_visit_horizon,commitment_horizon,8,h8
277,known_visit,DMCHBA,bernoulli,0.25,19,361,4,10,dmchba_h8_bernoulli_025,scenarios/known_visit_10target_300.csv,1,15,16,28.09799063569973,28.09799063569973,03,03,1,0,True,known_visit_horizon,10,4,8,known_visit_horizon,commitment_horizon,8,h8
277,known_visit,DMCHBA,bernoulli,0.25,19,361,4,10,dmchba_h8_bernoulli_025,scenarios/known_visit_10target_300.csv,2,2,5,3.8300268865002303,3.8300268865002303,01,01,1,0,True,known_visit_horizon,10,4,8,known_visit_horizon,commitment_horizon,8,h8
277,known_visit,DMCHBA,bernoulli,0.25,19,361,4,10,dmchba_h8_bernoulli_025,scenarios/known_visit_10target_300.csv,3,13,1,22.44078381239656,22.44078381239656,00,00,1,0,True,known_visit_horizon,10,4,8,known_visit_horizon,commitment_horizon,8,h8
277,known_visit,DMCHBA,bernoulli,0.25,19,361,4,10,dmchba_h8_bernoulli_025,scenarios/known_visit_10target_300.csv,4,4,9,14.627207016524475,14.627207016524475,02,02,1,0,True,known_visit_horizon,10,4,8,known_visit_horizon,commitment_horizon,8,h8
277,known_visit,DMCHBA,bernoulli,0.25,19,361,4,10,dmchba_h8_bernoulli_025,scenarios/known_visit_10target_300.csv,5,14,3,27.931840971746045,27.931840971746045,00,00,1,0,True,known_visit_horizon,10,4,8,known_visit_horizon,commitment_horizon,8,h8
277,known_visit,DMCHBA,bernoulli,0.25,19,361,4,10,dmchba_h8_bernoulli_025,scenarios/known_visit_10target_300.csv,6,11,8,24.861466016333832,24.861466016333832,01,01,1,0,True,known_visit_horizon,10,4,8,known_visit_horizon,commitment_horizon,8,h8
277,known_visit,DMCHBA,bernoulli,0.25,19,361,4,10,dmchba_h8_bernoulli_025,scenarios/known_visit_10target_300.csv,7,16,17,31.8974628845318,31.8974628845318,03,03,1,0,True,known_visit_horizon,10,4,8,known_visit_horizon,commitment_horizon,8,h8
277,known_visit,DMCHBA,bernoulli,0.25,19,361,4,10,dmchba_h8_bernoulli_025,scenarios/known_visit_10target_300.csv,8,9,7,19.472068527605074,19.472068527605074,01,01,1,0,True,known_visit_horizon,10,4,8,known_visit_horizon,commitment_horizon,8,h8
277,known_visit,DMCHBA,bernoulli,0.25,19,361,4,10,dmchba_h8_bernoulli_025,scenarios/known_visit_10target_300.csv,9,4,13,7.6939802650025815,7.6939802650025815,02,02,1,0,True,known_visit_horizon,10,4,8,known_visit_horizon,commitment_horizon,8,h8
277,known_visit,DMCHBA,bernoulli,0.25,19,361,4,10,dmchba_h8_bernoulli_025,scenarios/known_visit_10target_300.csv,10,2,13,4.074306539982394,4.074306539982394,02,02,1,0,True,known_visit_horizon,10,4,8,known_visit_horizon,commitment_horizon,8,h8
278,known_visit,DMCHBA,bernoulli,0.25,19,361,4,10,dmchba_h8_bernoulli_025,scenarios/known_visit_10target_300.csv,1,10,16,19.502442981707034,19.502442981707034,03,03,1,0,True,known_visit_horizon,10,4,8,known_visit_horizon,commitment_horizon,8,h8
278,known_visit,DMCHBA,bernoulli,0.25,19,361,4,10,dmchba_h8_bernoulli_025,scenarios/known_visit_10target_300.csv,2,0,9,3.6416688368962538,3.6416688368962538,02,02,2,1,True,known_visit_horizon,10,4,8,known_visit_horizon,commitment_horizon,8,h8
278,known_visit,DMCHBA,bernoulli,0.25,19,361,4,10,dmchba_h8_bernoulli_025,scenarios/known_visit_10target_300.csv,3,7,7,27.650394010787213,27.650394010787213,01,01,1,0,True,known_visit_horizon,10,4,8,known_visit_horizon,commitment_horizon,8,h8
278,known_visit,DMCHBA,bernoulli,0.25,19,361,4,10,dmchba_h8_bernoulli_025,scenarios/known_visit_10target_300.csv,4,10,17,21.5447389620901,21.5447389620901,03,03,1,0,True,known_visit_horizon,10,4,8,known_visit_horizon,commitment_horizon,8,h8
278,known_visit,DMCHBA,bernoulli,0.25,19,361,4,10,dmchba_h8_bernoulli_025,scenarios/known_visit_10target_300.csv,5,2,2,5.650157215158125,5.650157215158125,00,00,1,0,True,known_visit_horizon,10,4,8,known_visit_horizon,commitment_horizon,8,h8
278,known_visit,DMCHBA,bernoulli,0.25,19,361,4,10,dmchba_h8_bernoulli_025,scenarios/known_visit_10target_300.csv,6,9,12,24.83538315315163,24.83538315315163,02,02,1,0,True,known_visit_horizon,10,4,8,known_visit_horizon,commitment_horizon,8,h8
278,known_visit,DMCHBA,bernoulli,0.25,19,361,4,10,dmchba_h8_bernoulli_025,scenarios/known_visit_10target_300.csv,7,6,4,34.7258301254208,34.7258301254208,01,01,1,0,True,known_visit_horizon,10,4,8,known_visit_horizon,commitment_horizon,8,h8
278,known_visit,DMCHBA,bernoulli,0.25,19,361,4,10,dmchba_h8_bernoulli_025,scenarios/known_visit_10target_300.csv,8,18,2,33.222104793849475,33.222104793849475,00,00,1,0,True,known_visit_horizon,10,4,8,known_visit_horizon,commitment_horizon,8,h8
278,known_visit,DMCHBA,bernoulli,0.25,19,361,4,10,dmchba_h8_bernoulli_025,scenarios/known_visit_10target_300.csv,9,18,13,42.35654970622964,42.35654970622964,02,02,1,0,True,known_visit_horizon,10,4,8,known_visit_horizon,commitment_horizon,8,h8
278,known_visit,DMCHBA,bernoulli,0.25,19,361,4,10,dmchba_h8_bernoulli_025,scenarios/known_visit_10target_300.csv,10,1,7,2.2978726531873246,2.2978726531873246,01,01,1,0,True,known_visit_horizon,10,4,8,known_visit_horizon,commitment_horizon,8,h8
279,known_visit,DMCHBA,bernoulli,0.25,19,361,4,10,dmchba_h8_bernoulli_025,scenarios/known_visit_10target_300.csv,1,4,15,43.28470052056532,43.28470052056532,02,02,1,0,True,known_visit_horizon,10,4,8,known_visit_horizon,commitment_horizon,8,h8
279,known_visit,DMCHBA,bernoulli,0.25,19,361,4,10,dmchba_h8_bernoulli_025,scenarios/known_visit_10target_300.csv,2,0,11,0.48504786124085697,0.48504786124085697,02,02,1,0,True,known_visit_horizon,10,4,8,known_visit_horizon,commitment_horizon,8,h8
279,known_visit,DMCHBA,bernoulli,0.25,19,361,4,10,dmchba_h8_bernoulli_025,scenarios/known_visit_10target_300.csv,3,10,16,19.68131614421803,19.68131614421803,03,03,2,1,True,known_visit_horizon,10,4,8,known_visit_horizon,commitment_horizon,8,h8
279,known_visit,DMCHBA,bernoulli,0.25,19,361,4,10,dmchba_h8_bernoulli_025,scenarios/known_visit_10target_300.csv,4,4,12,9.444409960244261,9.444409960244261,02,02,2,1,True,known_visit_horizon,10,4,8,known_visit_horizon,commitment_horizon,8,h8
279,known_visit,DMCHBA,bernoulli,0.25,19,361,4,10,dmchba_h8_bernoulli_025,scenarios/known_visit_10target_300.csv,5,8,11,18.579263122825232,18.579263122825232,02,02,2,1,True,known_visit_horizon,10,4,8,known_visit_horizon,commitment_horizon,8,h8
279,known_visit,DMCHBA,bernoulli,0.25,19,361,4,10,dmchba_h8_bernoulli_025,scenarios/known_visit_10target_300.csv,6,5,18,6.975712758857728,6.975712758857728,03,03,1,0,True,known_visit_horizon,10,4,8,known_visit_horizon,commitment_horizon,8,h8
279,known_visit,DMCHBA,bernoulli,0.25,19,361,4,10,dmchba_h8_bernoulli_025,scenarios/known_visit_10target_300.csv,7,6,4,12.49645105830151,12.49645105830151,01,01,1,0,True,known_visit_horizon,10,4,8,known_visit_horizon,commitment_horizon,8,h8
279,known_visit,DMCHBA,bernoulli,0.25,19,361,4,10,dmchba_h8_bernoulli_025,scenarios/known_visit_10target_300.csv,8,7,11,16.6568988199013,16.6568988199013,02,02,2,1,True,known_visit_horizon,10,4,8,known_visit_horizon,commitment_horizon,8,h8
279,known_visit,DMCHBA,bernoulli,0.25,19,361,4,10,dmchba_h8_bernoulli_025,scenarios/known_visit_10target_300.csv,9,8,3,17.629106443545485,17.629106443545485,00,00,1,0,True,known_visit_horizon,10,4,8,known_visit_horizon,commitment_horizon,8,h8
279,known_visit,DMCHBA,bernoulli,0.25,19,361,4,10,dmchba_h8_bernoulli_025,scenarios/known_visit_10target_300.csv,10,13,18,28.494162180775945,28.494162180775945,03,03,1,0,True,known_visit_horizon,10,4,8,known_visit_horizon,commitment_horizon,8,h8
280,known_visit,DMCHBA,bernoulli,0.25,19,361,4,10,dmchba_h8_bernoulli_025,scenarios/known_visit_10target_300.csv,1,16,17,27.78043077022999,27.78043077022999,03,03,1,0,True,known_visit_horizon,10,4,8,known_visit_horizon,commitment_horizon,8,h8
280,known_visit,DMCHBA,bernoulli,0.25,19,361,4,10,dmchba_h8_bernoulli_025,scenarios/known_visit_10target_300.csv,2,1,3,34.497394314695455,34.497394314695455,01,01,1,0,True,known_visit_horizon,10,4,8,known_visit_horizon,commitment_horizon,8,h8
280,known_visit,DMCHBA,bernoulli,0.25,19,361,4,10,dmchba_h8_bernoulli_025,scenarios/known_visit_10target_300.csv,3,17,15,33.058107204520105,33.058107204520105,03,03,1,0,True,known_visit_horizon,10,4,8,known_visit_horizon,commitment_horizon,8,h8
280,known_visit,DMCHBA,bernoulli,0.25,19,361,4,10,dmchba_h8_bernoulli_025,scenarios/known_visit_10target_300.csv,4,1,5,9.562792709233305,9.562792709233305,01,01,1,0,True,known_visit_horizon,10,4,8,known_visit_horizon,commitment_horizon,8,h8
280,known_visit,DMCHBA,bernoulli,0.25,19,361,4,10,dmchba_h8_bernoulli_025,scenarios/known_visit_10target_300.csv,5,2,13,3.9513178131424778,3.9513178131424778,02,02,1,0,True,known_visit_horizon,10,4,8,known_visit_horizon,commitment_horizon,8,h8
280,known_visit,DMCHBA,bernoulli,0.25,19,361,4,10,dmchba_h8_bernoulli_025,scenarios/known_visit_10target_300.csv,6,0,8,2.0347329917517536,2.0347329917517536,01,01,1,0,True,known_visit_horizon,10,4,8,known_visit_horizon,commitment_horizon,8,h8
280,known_visit,DMCHBA,bernoulli,0.25,19,361,4,10,dmchba_h8_bernoulli_025,scenarios/known_visit_10target_300.csv,7,13,18,20.7393300157597,20.7393300157597,03,03,1,0,True,known_visit_horizon,10,4,8,known_visit_horizon,commitment_horizon,8,h8
280,known_visit,DMCHBA,bernoulli,0.25,19,361,4,10,dmchba_h8_bernoulli_025,scenarios/known_visit_10target_300.csv,8,14,2,25.92080042974793,25.92080042974793,00,00,1,0,True,known_visit_horizon,10,4,8,known_visit_horizon,commitment_horizon,8,h8
280,known_visit,DMCHBA,bernoulli,0.25,19,361,4,10,dmchba_h8_bernoulli_025,scenarios/known_visit_10target_300.csv,9,12,18,19.124229523995616,19.124229523995616,03,03,1,0,True,known_visit_horizon,10,4,8,known_visit_horizon,commitment_horizon,8,h8
280,known_visit,DMCHBA,bernoulli,0.25,19,361,4,10,dmchba_h8_bernoulli_025,scenarios/known_visit_10target_300.csv,10,10,11,21.34032572715599,21.34032572715599,02,02,1,0,True,known_visit_horizon,10,4,8,known_visit_horizon,commitment_horizon,8,h8
281,known_visit,DMCHBA,bernoulli,0.25,19,361,4,10,dmchba_h8_bernoulli_025,scenarios/known_visit_10target_300.csv,1,3,7,12.942933373348442,12.942933373348442,01,01,1,0,True,known_visit_horizon,10,4,8,known_visit_horizon,commitment_horizon,8,h8
281,known_visit,DMCHBA,bernoulli,0.25,19,361,4,10,dmchba_h8_bernoulli_025,scenarios/known_visit_10target_300.csv,2,10,7,24.985999585283547,24.985999585283547,01,01,1,0,True,known_visit_horizon,10,4,8,known_visit_horizon,commitment_horizon,8,h8
281,known_visit,DMCHBA,bernoulli,0.25,19,361,4,10,dmchba_h8_bernoulli_025,scenarios/known_visit_10target_300.csv,3,0,3,3.6943481049209272,3.6943481049209272,00,00,1,0,True,known_visit_horizon,10,4,8,known_visit_horizon,commitment_horizon,8,h8
281,known_visit,DMCHBA,bernoulli,0.25,19,361,4,10,dmchba_h8_bernoulli_025,scenarios/known_visit_10target_300.csv,4,5,17,8.894254230952635,8.894254230952635,03,03,1,0,True,known_visit_horizon,10,4,8,known_visit_horizon,commitment_horizon,8,h8
281,known_visit,DMCHBA,bernoulli,0.25,19,361,4,10,dmchba_h8_bernoulli_025,scenarios/known_visit_10target_300.csv,5,13,9,33.71870511340334,33.71870511340334,01,01,1,0,True,known_visit_horizon,10,4,8,known_visit_horizon,commitment_horizon,8,h8
281,known_visit,DMCHBA,bernoulli,0.25,19,361,4,10,dmchba_h8_bernoulli_025,scenarios/known_visit_10target_300.csv,6,16,13,31.706323939526506,31.706323939526506,02,02,1,0,True,known_visit_horizon,10,4,8,known_visit_horizon,commitment_horizon,8,h8
281,known_visit,DMCHBA,bernoulli,0.25,19,361,4,10,dmchba_h8_bernoulli_025,scenarios/known_visit_10target_300.csv,7,11,14,20.926636852867325,20.926636852867325,02,02,1,0,True,known_visit_horizon,10,4,8,known_visit_horizon,commitment_horizon,8,h8
281,known_visit,DMCHBA,bernoulli,0.25,19,361,4,10,dmchba_h8_bernoulli_025,scenarios/known_visit_10target_300.csv,8,1,2,7.68801471234982,7.68801471234982,00,00,1,0,True,known_visit_horizon,10,4,8,known_visit_horizon,commitment_horizon,8,h8
281,known_visit,DMCHBA,bernoulli,0.25,19,361,4,10,dmchba_h8_bernoulli_025,scenarios/known_visit_10target_300.csv,9,5,0,18.110147693968614,18.110147693968614,00,00,1,0,True,known_visit_horizon,10,4,8,known_visit_horizon,commitment_horizon,8,h8
281,known_visit,DMCHBA,bernoulli,0.25,19,361,4,10,dmchba_h8_bernoulli_025,scenarios/known_visit_10target_300.csv,10,2,1,11.263475513037678,11.263475513037678,00,00,1,0,True,known_visit_horizon,10,4,8,known_visit_horizon,commitment_horizon,8,h8
282,known_visit,DMCHBA,bernoulli,0.25,19,361,4,10,dmchba_h8_bernoulli_025,scenarios/known_visit_10target_300.csv,1,10,16,19.708377635227027,19.708377635227027,03,03,1,0,True,known_visit_horizon,10,4,8,known_visit_horizon,commitment_horizon,8,h8
282,known_visit,DMCHBA,bernoulli,0.25,19,361,4,10,dmchba_h8_bernoulli_025,scenarios/known_visit_10target_300.csv,2,8,0,12.18611816756155,12.18611816756155,00,00,1,0,True,known_visit_horizon,10,4,8,known_visit_horizon,commitment_horizon,8,h8
282,known_visit,DMCHBA,bernoulli,0.25,19,361,4,10,dmchba_h8_bernoulli_025,scenarios/known_visit_10target_300.csv,3,14,3,28.177622424232162,28.177622424232162,01,01,1,0,True,known_visit_horizon,10,4,8,known_visit_horizon,commitment_horizon,8,h8
282,known_visit,DMCHBA,bernoulli,0.25,19,361,4,10,dmchba_h8_bernoulli_025,scenarios/known_visit_10target_300.csv,4,6,3,14.432103906686967,14.432103906686967,01,01,1,0,True,known_visit_horizon,10,4,8,known_visit_horizon,commitment_horizon,8,h8
282,known_visit,DMCHBA,bernoulli,0.25,19,361,4,10,dmchba_h8_bernoulli_025,scenarios/known_visit_10target_300.csv,5,1,11,2.153918538493503,2.153918538493503,02,02,1,0,True,known_visit_horizon,10,4,8,known_visit_horizon,commitment_horizon,8,h8
282,known_visit,DMCHBA,bernoulli,0.25,19,361,4,10,dmchba_h8_bernoulli_025,scenarios/known_visit_10target_300.csv,6,9,10,25.783623430249673,25.783623430249673,02,02,1,0,True,known_visit_horizon,10,4,8,known_visit_horizon,commitment_horizon,8,h8
282,known_visit,DMCHBA,bernoulli,0.25,19,361,4,10,dmchba_h8_bernoulli_025,scenarios/known_visit_10target_300.csv,7,2,13,7.886235425262388,7.886235425262388,02,02,1,0,True,known_visit_horizon,10,4,8,known_visit_horizon,commitment_horizon,8,h8
282,known_visit,DMCHBA,bernoulli,0.25,19,361,4,10,dmchba_h8_bernoulli_025,scenarios/known_visit_10target_300.csv,8,14,0,26.65022191126853,26.65022191126853,00,00,1,0,True,known_visit_horizon,10,4,8,known_visit_horizon,commitment_horizon,8,h8
282,known_visit,DMCHBA,bernoulli,0.25,19,361,4,10,dmchba_h8_bernoulli_025,scenarios/known_visit_10target_300.csv,9,10,8,31.109131000140387,31.109131000140387,02,02,1,0,True,known_visit_horizon,10,4,8,known_visit_horizon,commitment_horizon,8,h8
282,known_visit,DMCHBA,bernoulli,0.25,19,361,4,10,dmchba_h8_bernoulli_025,scenarios/known_visit_10target_300.csv,10,3,17,5.803638762539076,5.803638762539076,03,03,1,0,True,known_visit_horizon,10,4,8,known_visit_horizon,commitment_horizon,8,h8
283,known_visit,DMCHBA,bernoulli,0.25,19,361,4,10,dmchba_h8_bernoulli_025,scenarios/known_visit_10target_300.csv,1,15,3,30.306417223551033,30.306417223551033,01,01,1,0,True,known_visit_horizon,10,4,8,known_visit_horizon,commitment_horizon,8,h8
283,known_visit,DMCHBA,bernoulli,0.25,19,361,4,10,dmchba_h8_bernoulli_025,scenarios/known_visit_10target_300.csv,2,6,2,12.517696407030602,12.517696407030602,00,00,1,0,True,known_visit_horizon,10,4,8,known_visit_horizon,commitment_horizon,8,h8
283,known_visit,DMCHBA,bernoulli,0.25,19,361,4,10,dmchba_h8_bernoulli_025,scenarios/known_visit_10target_300.csv,3,12,10,22.85402391390688,22.85402391390688,02,02,1,0,True,known_visit_horizon,10,4,8,known_visit_horizon,commitment_horizon,8,h8
283,known_visit,DMCHBA,bernoulli,0.25,19,361,4,10,dmchba_h8_bernoulli_025,scenarios/known_visit_10target_300.csv,4,9,17,15.535043175938139,15.535043175938139,03,03,1,0,True,known_visit_horizon,10,4,8,known_visit_horizon,commitment_horizon,8,h8
283,known_visit,DMCHBA,bernoulli,0.25,19,361,4,10,dmchba_h8_bernoulli_025,scenarios/known_visit_10target_300.csv,5,14,15,27.997292098124387,27.997292098124387,03,03,1,0,True,known_visit_horizon,10,4,8,known_visit_horizon,commitment_horizon,8,h8
283,known_visit,DMCHBA,bernoulli,0.25,19,361,4,10,dmchba_h8_bernoulli_025,scenarios/known_visit_10target_300.csv,6,3,6,3.803625941961615,3.803625941961615,01,01,1,0,True,known_visit_horizon,10,4,8,known_visit_horizon,commitment_horizon,8,h8
283,known_visit,DMCHBA,bernoulli,0.25,19,361,4,10,dmchba_h8_bernoulli_025,scenarios/known_visit_10target_300.csv,7,6,1,10.75825520785119,10.75825520785119,00,00,1,0,True,known_visit_horizon,10,4,8,known_visit_horizon,commitment_horizon,8,h8
283,known_visit,DMCHBA,bernoulli,0.25,19,361,4,10,dmchba_h8_bernoulli_025,scenarios/known_visit_10target_300.csv,8,13,5,23.300818254406142,23.300818254406142,01,01,1,0,True,known_visit_horizon,10,4,8,known_visit_horizon,commitment_horizon,8,h8
283,known_visit,DMCHBA,bernoulli,0.25,19,361,4,10,dmchba_h8_bernoulli_025,scenarios/known_visit_10target_300.csv,9,4,11,7.320902912656001,7.320902912656001,02,02,1,0,True,known_visit_horizon,10,4,8,known_visit_horizon,commitment_horizon,8,h8
283,known_visit,DMCHBA,bernoulli,0.25,19,361,4,10,dmchba_h8_bernoulli_025,scenarios/known_visit_10target_300.csv,10,15,0,31.70393358692998,31.70393358692998,00,00,1,0,True,known_visit_horizon,10,4,8,known_visit_horizon,commitment_horizon,8,h8
284,known_visit,DMCHBA,bernoulli,0.25,19,361,4,10,dmchba_h8_bernoulli_025,scenarios/known_visit_10target_300.csv,1,6,1,10.824615793087757,10.824615793087757,00,00,1,0,True,known_visit_horizon,10,4,8,known_visit_horizon,commitment_horizon,8,h8
284,known_visit,DMCHBA,bernoulli,0.25,19,361,4,10,dmchba_h8_bernoulli_025,scenarios/known_visit_10target_300.csv,2,5,16,14.977162302959039,14.977162302959039,03,03,1,0,True,known_visit_horizon,10,4,8,known_visit_horizon,commitment_horizon,8,h8
284,known_visit,DMCHBA,bernoulli,0.25,19,361,4,10,dmchba_h8_bernoulli_025,scenarios/known_visit_10target_300.csv,3,16,10,29.8753828339915,29.8753828339915,02,02,2,1,True,known_visit_horizon,10,4,8,known_visit_horizon,commitment_horizon,8,h8
284,known_visit,DMCHBA,bernoulli,0.25,19,361,4,10,dmchba_h8_bernoulli_025,scenarios/known_visit_10target_300.csv,4,11,3,23.05175282359187,23.05175282359187,00,00,1,0,True,known_visit_horizon,10,4,8,known_visit_horizon,commitment_horizon,8,h8
284,known_visit,DMCHBA,bernoulli,0.25,19,361,4,10,dmchba_h8_bernoulli_025,scenarios/known_visit_10target_300.csv,5,4,15,10.938703699882648,10.938703699882648,03,03,1,0,True,known_visit_horizon,10,4,8,known_visit_horizon,commitment_horizon,8,h8
284,known_visit,DMCHBA,bernoulli,0.25,19,361,4,10,dmchba_h8_bernoulli_025,scenarios/known_visit_10target_300.csv,6,2,8,5.5760275627551446,5.5760275627551446,01,01,1,0,True,known_visit_horizon,10,4,8,known_visit_horizon,commitment_horizon,8,h8
284,known_visit,DMCHBA,bernoulli,0.25,19,361,4,10,dmchba_h8_bernoulli_025,scenarios/known_visit_10target_300.csv,7,1,11,2.4489081805225226,2.4489081805225226,02,02,1,0,True,known_visit_horizon,10,4,8,known_visit_horizon,commitment_horizon,8,h8
284,known_visit,DMCHBA,bernoulli,0.25,19,361,4,10,dmchba_h8_bernoulli_025,scenarios/known_visit_10target_300.csv,8,0,11,0.5487136349452578,0.5487136349452578,02,02,1,0,True,known_visit_horizon,10,4,8,known_visit_horizon,commitment_horizon,8,h8
284,known_visit,DMCHBA,bernoulli,0.25,19,361,4,10,dmchba_h8_bernoulli_025,scenarios/known_visit_10target_300.csv,9,16,14,39.37667965394852,39.37667965394852,03,03,1,0,True,known_visit_horizon,10,4,8,known_visit_horizon,commitment_horizon,8,h8
284,known_visit,DMCHBA,bernoulli,0.25,19,361,4,10,dmchba_h8_bernoulli_025,scenarios/known_visit_10target_300.csv,10,10,1,17.69287425953249,17.69287425953249,00,00,1,0,True,known_visit_horizon,10,4,8,known_visit_horizon,commitment_horizon,8,h8
285,known_visit,DMCHBA,bernoulli,0.25,19,361,4,10,dmchba_h8_bernoulli_025,scenarios/known_visit_10target_300.csv,1,3,12,3.619441741539385,3.619441741539385,02,02,1,0,True,known_visit_horizon,10,4,8,known_visit_horizon,commitment_horizon,8,h8
285,known_visit,DMCHBA,bernoulli,0.25,19,361,4,10,dmchba_h8_bernoulli_025,scenarios/known_visit_10target_300.csv,2,14,14,30.143181758729536,30.143181758729536,02,02,1,0,True,known_visit_horizon,10,4,8,known_visit_horizon,commitment_horizon,8,h8
285,known_visit,DMCHBA,bernoulli,0.25,19,361,4,10,dmchba_h8_bernoulli_025,scenarios/known_visit_10target_300.csv,3,18,3,42.2270258018353,42.2270258018353,01,01,1,0,True,known_visit_horizon,10,4,8,known_visit_horizon,commitment_horizon,8,h8
285,known_visit,DMCHBA,bernoulli,0.25,19,361,4,10,dmchba_h8_bernoulli_025,scenarios/known_visit_10target_300.csv,4,5,15,12.435574480433663,12.435574480433663,02,02,2,1,True,known_visit_horizon,10,4,8,known_visit_horizon,commitment_horizon,8,h8
285,known_visit,DMCHBA,bernoulli,0.25,19,361,4,10,dmchba_h8_bernoulli_025,scenarios/known_visit_10target_300.csv,5,9,3,19.01286531472088,19.01286531472088,01,01,1,0,True,known_visit_horizon,10,4,8,known_visit_horizon,commitment_horizon,8,h8
285,known_visit,DMCHBA,bernoulli,0.25,19,361,4,10,dmchba_h8_bernoulli_025,scenarios/known_visit_10target_300.csv,6,9,17,24.109479052412475,24.109479052412475,03,03,1,0,True,known_visit_horizon,10,4,8,known_visit_horizon,commitment_horizon,8,h8
285,known_visit,DMCHBA,bernoulli,0.25,19,361,4,10,dmchba_h8_bernoulli_025,scenarios/known_visit_10target_300.csv,7,12,5,28.32549471304734,28.32549471304734,01,01,1,0,True,known_visit_horizon,10,4,8,known_visit_horizon,commitment_horizon,8,h8
285,known_visit,DMCHBA,bernoulli,0.25,19,361,4,10,dmchba_h8_bernoulli_025,scenarios/known_visit_10target_300.csv,8,0,16,2.0335170858191853,2.0335170858191853,03,03,1,0,True,known_visit_horizon,10,4,8,known_visit_horizon,commitment_horizon,8,h8
285,known_visit,DMCHBA,bernoulli,0.25,19,361,4,10,dmchba_h8_bernoulli_025,scenarios/known_visit_10target_300.csv,9,11,4,24.644274332806607,24.644274332806607,01,01,2,1,True,known_visit_horizon,10,4,8,known_visit_horizon,commitment_horizon,8,h8
285,known_visit,DMCHBA,bernoulli,0.25,19,361,4,10,dmchba_h8_bernoulli_025,scenarios/known_visit_10target_300.csv,10,8,2,15.737916637034315,15.737916637034315,00,00,1,0,True,known_visit_horizon,10,4,8,known_visit_horizon,commitment_horizon,8,h8
286,known_visit,DMCHBA,bernoulli,0.25,19,361,4,10,dmchba_h8_bernoulli_025,scenarios/known_visit_10target_300.csv,1,13,15,30.629478768682922,30.629478768682922,03,03,1,0,True,known_visit_horizon,10,4,8,known_visit_horizon,commitment_horizon,8,h8
286,known_visit,DMCHBA,bernoulli,0.25,19,361,4,10,dmchba_h8_bernoulli_025,scenarios/known_visit_10target_300.csv,2,15,12,39.45697954663989,39.45697954663989,03,03,1,0,True,known_visit_horizon,10,4,8,known_visit_horizon,commitment_horizon,8,h8
286,known_visit,DMCHBA,bernoulli,0.25,19,361,4,10,dmchba_h8_bernoulli_025,scenarios/known_visit_10target_300.csv,3,16,7,27.502193766325334,27.502193766325334,01,01,1,0,True,known_visit_horizon,10,4,8,known_visit_horizon,commitment_horizon,8,h8
286,known_visit,DMCHBA,bernoulli,0.25,19,361,4,10,dmchba_h8_bernoulli_025,scenarios/known_visit_10target_300.csv,4,6,7,10.546875897889246,10.546875897889246,01,01,2,1,True,known_visit_horizon,10,4,8,known_visit_horizon,commitment_horizon,8,h8
286,known_visit,DMCHBA,bernoulli,0.25,19,361,4,10,dmchba_h8_bernoulli_025,scenarios/known_visit_10target_300.csv,5,17,6,31.130593352062732,31.130593352062732,01,01,1,0,True,known_visit_horizon,10,4,8,known_visit_horizon,commitment_horizon,8,h8
286,known_visit,DMCHBA,bernoulli,0.25,19,361,4,10,dmchba_h8_bernoulli_025,scenarios/known_visit_10target_300.csv,6,14,5,38.65364232919745,38.65364232919745,00,00,1,0,True,known_visit_horizon,10,4,8,known_visit_horizon,commitment_horizon,8,h8
286,known_visit,DMCHBA,bernoulli,0.25,19,361,4,10,dmchba_h8_bernoulli_025,scenarios/known_visit_10target_300.csv,7,18,10,40.038831193129546,40.038831193129546,01,01,1,0,True,known_visit_horizon,10,4,8,known_visit_horizon,commitment_horizon,8,h8
286,known_visit,DMCHBA,bernoulli,0.25,19,361,4,10,dmchba_h8_bernoulli_025,scenarios/known_visit_10target_300.csv,8,12,18,23.240530536449675,23.240530536449675,03,03,1,0,True,known_visit_horizon,10,4,8,known_visit_horizon,commitment_horizon,8,h8
286,known_visit,DMCHBA,bernoulli,0.25,19,361,4,10,dmchba_h8_bernoulli_025,scenarios/known_visit_10target_300.csv,9,5,0,6.833416066958255,6.833416066958255,00,00,1,0,True,known_visit_horizon,10,4,8,known_visit_horizon,commitment_horizon,8,h8
286,known_visit,DMCHBA,bernoulli,0.25,19,361,4,10,dmchba_h8_bernoulli_025,scenarios/known_visit_10target_300.csv,10,5,17,8.798871182154073,8.798871182154073,03,03,2,1,True,known_visit_horizon,10,4,8,known_visit_horizon,commitment_horizon,8,h8
287,known_visit,DMCHBA,bernoulli,0.25,19,361,4,10,dmchba_h8_bernoulli_025,scenarios/known_visit_10target_300.csv,1,8,1,13.978490050112898,13.978490050112898,00,00,1,0,True,known_visit_horizon,10,4,8,known_visit_horizon,commitment_horizon,8,h8
287,known_visit,DMCHBA,bernoulli,0.25,19,361,4,10,dmchba_h8_bernoulli_025,scenarios/known_visit_10target_300.csv,2,5,14,10.865375293481794,10.865375293481794,02,02,1,0,True,known_visit_horizon,10,4,8,known_visit_horizon,commitment_horizon,8,h8
287,known_visit,DMCHBA,bernoulli,0.25,19,361,4,10,dmchba_h8_bernoulli_025,scenarios/known_visit_10target_300.csv,3,17,1,29.77830991835977,29.77830991835977,00,00,1,0,True,known_visit_horizon,10,4,8,known_visit_horizon,commitment_horizon,8,h8
287,known_visit,DMCHBA,bernoulli,0.25,19,361,4,10,dmchba_h8_bernoulli_025,scenarios/known_visit_10target_300.csv,4,6,0,8.676025083506365,8.676025083506365,00,00,1,0,True,known_visit_horizon,10,4,8,known_visit_horizon,commitment_horizon,8,h8
287,known_visit,DMCHBA,bernoulli,0.25,19,361,4,10,dmchba_h8_bernoulli_025,scenarios/known_visit_10target_300.csv,5,7,17,12.263249414596233,12.263249414596233,03,03,1,0,True,known_visit_horizon,10,4,8,known_visit_horizon,commitment_horizon,8,h8
287,known_visit,DMCHBA,bernoulli,0.25,19,361,4,10,dmchba_h8_bernoulli_025,scenarios/known_visit_10target_300.csv,6,14,7,31.611167888709645,31.611167888709645,01,01,1,0,True,known_visit_horizon,10,4,8,known_visit_horizon,commitment_horizon,8,h8
287,known_visit,DMCHBA,bernoulli,0.25,19,361,4,10,dmchba_h8_bernoulli_025,scenarios/known_visit_10target_300.csv,7,4,4,8.937086105868909,8.937086105868909,01,01,1,0,True,known_visit_horizon,10,4,8,known_visit_horizon,commitment_horizon,8,h8
287,known_visit,DMCHBA,bernoulli,0.25,19,361,4,10,dmchba_h8_bernoulli_025,scenarios/known_visit_10target_300.csv,8,16,3,35.38463365693426,35.38463365693426,00,00,1,0,True,known_visit_horizon,10,4,8,known_visit_horizon,commitment_horizon,8,h8
287,known_visit,DMCHBA,bernoulli,0.25,19,361,4,10,dmchba_h8_bernoulli_025,scenarios/known_visit_10target_300.csv,9,15,13,30.4528617310624,30.4528617310624,02,02,1,0,True,known_visit_horizon,10,4,8,known_visit_horizon,commitment_horizon,8,h8
287,known_visit,DMCHBA,bernoulli,0.25,19,361,4,10,dmchba_h8_bernoulli_025,scenarios/known_visit_10target_300.csv,10,12,3,41.99166676447334,41.99166676447334,00,00,1,0,True,known_visit_horizon,10,4,8,known_visit_horizon,commitment_horizon,8,h8
288,known_visit,DMCHBA,bernoulli,0.25,19,361,4,10,dmchba_h8_bernoulli_025,scenarios/known_visit_10target_300.csv,1,2,3,27.493040596820293,27.493040596820293,03,03,1,0,True,known_visit_horizon,10,4,8,known_visit_horizon,commitment_horizon,8,h8
288,known_visit,DMCHBA,bernoulli,0.25,19,361,4,10,dmchba_h8_bernoulli_025,scenarios/known_visit_10target_300.csv,2,1,9,5.928840589341933,5.928840589341933,01,01,1,0,True,known_visit_horizon,10,4,8,known_visit_horizon,commitment_horizon,8,h8
288,known_visit,DMCHBA,bernoulli,0.25,19,361,4,10,dmchba_h8_bernoulli_025,scenarios/known_visit_10target_300.csv,3,4,0,5.15115357458066,5.15115357458066,00,00,1,0,True,known_visit_horizon,10,4,8,known_visit_horizon,commitment_horizon,8,h8
288,known_visit,DMCHBA,bernoulli,0.25,19,361,4,10,dmchba_h8_bernoulli_025,scenarios/known_visit_10target_300.csv,4,15,8,31.87697399541809,31.87697399541809,01,01,1,0,True,known_visit_horizon,10,4,8,known_visit_horizon,commitment_horizon,8,h8
288,known_visit,DMCHBA,bernoulli,0.25,19,361,4,10,dmchba_h8_bernoulli_025,scenarios/known_visit_10target_300.csv,5,18,3,39.17357532109725,39.17357532109725,00,00,1,0,True,known_visit_horizon,10,4,8,known_visit_horizon,commitment_horizon,8,h8
288,known_visit,DMCHBA,bernoulli,0.25,19,361,4,10,dmchba_h8_bernoulli_025,scenarios/known_visit_10target_300.csv,6,0,9,3.898054264968852,3.898054264968852,01,01,1,0,True,known_visit_horizon,10,4,8,known_visit_horizon,commitment_horizon,8,h8
288,known_visit,DMCHBA,bernoulli,0.25,19,361,4,10,dmchba_h8_bernoulli_025,scenarios/known_visit_10target_300.csv,7,14,15,44.545098213490775,44.545098213490775,02,02,1,0,True,known_visit_horizon,10,4,8,known_visit_horizon,commitment_horizon,8,h8
288,known_visit,DMCHBA,bernoulli,0.25,19,361,4,10,dmchba_h8_bernoulli_025,scenarios/known_visit_10target_300.csv,8,14,1,28.43546787287425,28.43546787287425,00,00,1,0,True,known_visit_horizon,10,4,8,known_visit_horizon,commitment_horizon,8,h8
288,known_visit,DMCHBA,bernoulli,0.25,19,361,4,10,dmchba_h8_bernoulli_025,scenarios/known_visit_10target_300.csv,9,7,2,13.982381454565584,13.982381454565584,00,00,1,0,True,known_visit_horizon,10,4,8,known_visit_horizon,commitment_horizon,8,h8
288,known_visit,DMCHBA,bernoulli,0.25,19,361,4,10,dmchba_h8_bernoulli_025,scenarios/known_visit_10target_300.csv,10,2,10,6.185071470849151,6.185071470849151,02,02,2,1,True,known_visit_horizon,10,4,8,known_visit_horizon,commitment_horizon,8,h8
289,known_visit,DMCHBA,bernoulli,0.25,19,361,4,10,dmchba_h8_bernoulli_025,scenarios/known_visit_10target_300.csv,1,12,5,27.914539978052524,27.914539978052524,00,00,1,0,True,known_visit_horizon,10,4,8,known_visit_horizon,commitment_horizon,8,h8
289,known_visit,DMCHBA,bernoulli,0.25,19,361,4,10,dmchba_h8_bernoulli_025,scenarios/known_visit_10target_300.csv,2,17,6,38.45623833283222,38.45623833283222,00,00,1,0,True,known_visit_horizon,10,4,8,known_visit_horizon,commitment_horizon,8,h8
289,known_visit,DMCHBA,bernoulli,0.25,19,361,4,10,dmchba_h8_bernoulli_025,scenarios/known_visit_10target_300.csv,3,5,12,11.211795713428131,11.211795713428131,02,02,2,1,True,known_visit_horizon,10,4,8,known_visit_horizon,commitment_horizon,8,h8
289,known_visit,DMCHBA,bernoulli,0.25,19,361,4,10,dmchba_h8_bernoulli_025,scenarios/known_visit_10target_300.csv,4,0,9,3.9653661766759183,3.9653661766759183,01,01,1,0,True,known_visit_horizon,10,4,8,known_visit_horizon,commitment_horizon,8,h8
289,known_visit,DMCHBA,bernoulli,0.25,19,361,4,10,dmchba_h8_bernoulli_025,scenarios/known_visit_10target_300.csv,5,11,18,31.33406884943946,31.33406884943946,03,03,1,0,True,known_visit_horizon,10,4,8,known_visit_horizon,commitment_horizon,8,h8
289,known_visit,DMCHBA,bernoulli,0.25,19,361,4,10,dmchba_h8_bernoulli_025,scenarios/known_visit_10target_300.csv,6,4,13,7.293785524099008,7.293785524099008,02,02,1,0,True,known_visit_horizon,10,4,8,known_visit_horizon,commitment_horizon,8,h8
289,known_visit,DMCHBA,bernoulli,0.25,19,361,4,10,dmchba_h8_bernoulli_025,scenarios/known_visit_10target_300.csv,7,15,12,32.85879860554255,32.85879860554255,02,02,1,0,True,known_visit_horizon,10,4,8,known_visit_horizon,commitment_horizon,8,h8
289,known_visit,DMCHBA,bernoulli,0.25,19,361,4,10,dmchba_h8_bernoulli_025,scenarios/known_visit_10target_300.csv,8,11,14,24.280454163495758,24.280454163495758,03,03,2,1,True,known_visit_horizon,10,4,8,known_visit_horizon,commitment_horizon,8,h8
289,known_visit,DMCHBA,bernoulli,0.25,19,361,4,10,dmchba_h8_bernoulli_025,scenarios/known_visit_10target_300.csv,9,6,14,15.5305989970177,15.5305989970177,03,03,1,0,True,known_visit_horizon,10,4,8,known_visit_horizon,commitment_horizon,8,h8
289,known_visit,DMCHBA,bernoulli,0.25,19,361,4,10,dmchba_h8_bernoulli_025,scenarios/known_visit_10target_300.csv,10,6,2,12.361668406939168,12.361668406939168,00,00,1,0,True,known_visit_horizon,10,4,8,known_visit_horizon,commitment_horizon,8,h8
290,known_visit,DMCHBA,bernoulli,0.25,19,361,4,10,dmchba_h8_bernoulli_025,scenarios/known_visit_10target_300.csv,1,4,2,8.927102832555493,8.927102832555493,00,00,1,0,True,known_visit_horizon,10,4,8,known_visit_horizon,commitment_horizon,8,h8
290,known_visit,DMCHBA,bernoulli,0.25,19,361,4,10,dmchba_h8_bernoulli_025,scenarios/known_visit_10target_300.csv,2,11,8,27.874395304466038,27.874395304466038,01,01,1,0,True,known_visit_horizon,10,4,8,known_visit_horizon,commitment_horizon,8,h8
290,known_visit,DMCHBA,bernoulli,0.25,19,361,4,10,dmchba_h8_bernoulli_025,scenarios/known_visit_10target_300.csv,3,17,11,33.94195647431684,33.94195647431684,02,02,1,0,True,known_visit_horizon,10,4,8,known_visit_horizon,commitment_horizon,8,h8
290,known_visit,DMCHBA,bernoulli,0.25,19,361,4,10,dmchba_h8_bernoulli_025,scenarios/known_visit_10target_300.csv,4,8,10,19.08558248692417,19.08558248692417,01,01,1,0,True,known_visit_horizon,10,4,8,known_visit_horizon,commitment_horizon,8,h8
290,known_visit,DMCHBA,bernoulli,0.25,19,361,4,10,dmchba_h8_bernoulli_025,scenarios/known_visit_10target_300.csv,5,18,10,37.771219772359885,37.771219772359885,02,02,1,0,True,known_visit_horizon,10,4,8,known_visit_horizon,commitment_horizon,8,h8
290,known_visit,DMCHBA,bernoulli,0.25,19,361,4,10,dmchba_h8_bernoulli_025,scenarios/known_visit_10target_300.csv,6,14,14,29.423415248164893,29.423415248164893,03,03,1,0,True,known_visit_horizon,10,4,8,known_visit_horizon,commitment_horizon,8,h8
290,known_visit,DMCHBA,bernoulli,0.25,19,361,4,10,dmchba_h8_bernoulli_025,scenarios/known_visit_10target_300.csv,7,1,13,2.200375702770251,2.200375702770251,02,02,1,0,True,known_visit_horizon,10,4,8,known_visit_horizon,commitment_horizon,8,h8
290,known_visit,DMCHBA,bernoulli,0.25,19,361,4,10,dmchba_h8_bernoulli_025,scenarios/known_visit_10target_300.csv,8,0,15,3.836170346760307,3.836170346760307,03,03,1,0,True,known_visit_horizon,10,4,8,known_visit_horizon,commitment_horizon,8,h8
290,known_visit,DMCHBA,bernoulli,0.25,19,361,4,10,dmchba_h8_bernoulli_025,scenarios/known_visit_10target_300.csv,9,11,11,23.447679246681645,23.447679246681645,02,02,2,1,True,known_visit_horizon,10,4,8,known_visit_horizon,commitment_horizon,8,h8
290,known_visit,DMCHBA,bernoulli,0.25,19,361,4,10,dmchba_h8_bernoulli_025,scenarios/known_visit_10target_300.csv,10,2,14,9.196580283041136,9.196580283041136,03,03,1,0,True,known_visit_horizon,10,4,8,known_visit_horizon,commitment_horizon,8,h8
291,known_visit,DMCHBA,bernoulli,0.25,19,361,4,10,dmchba_h8_bernoulli_025,scenarios/known_visit_10target_300.csv,1,0,2,2.176399953033567,2.176399953033567,00,00,2,1,True,known_visit_horizon,10,4,8,known_visit_horizon,commitment_horizon,8,h8
291,known_visit,DMCHBA,bernoulli,0.25,19,361,4,10,dmchba_h8_bernoulli_025,scenarios/known_visit_10target_300.csv,2,18,5,35.13529778874502,35.13529778874502,01,01,1,0,True,known_visit_horizon,10,4,8,known_visit_horizon,commitment_horizon,8,h8
291,known_visit,DMCHBA,bernoulli,0.25,19,361,4,10,dmchba_h8_bernoulli_025,scenarios/known_visit_10target_300.csv,3,17,3,32.80325690630145,32.80325690630145,00,00,1,0,True,known_visit_horizon,10,4,8,known_visit_horizon,commitment_horizon,8,h8
291,known_visit,DMCHBA,bernoulli,0.25,19,361,4,10,dmchba_h8_bernoulli_025,scenarios/known_visit_10target_300.csv,4,9,17,15.76408707799648,15.76408707799648,03,03,1,0,True,known_visit_horizon,10,4,8,known_visit_horizon,commitment_horizon,8,h8
291,known_visit,DMCHBA,bernoulli,0.25,19,361,4,10,dmchba_h8_bernoulli_025,scenarios/known_visit_10target_300.csv,5,16,10,43.832202643967264,43.832202643967264,03,03,1,0,True,known_visit_horizon,10,4,8,known_visit_horizon,commitment_horizon,8,h8
291,known_visit,DMCHBA,bernoulli,0.25,19,361,4,10,dmchba_h8_bernoulli_025,scenarios/known_visit_10target_300.csv,6,17,13,36.315981285526995,36.315981285526995,03,03,1,0,True,known_visit_horizon,10,4,8,known_visit_horizon,commitment_horizon,8,h8
291,known_visit,DMCHBA,bernoulli,0.25,19,361,4,10,dmchba_h8_bernoulli_025,scenarios/known_visit_10target_300.csv,7,10,8,43.80983505857369,43.80983505857369,02,02,1,0,True,known_visit_horizon,10,4,8,known_visit_horizon,commitment_horizon,8,h8
291,known_visit,DMCHBA,bernoulli,0.25,19,361,4,10,dmchba_h8_bernoulli_025,scenarios/known_visit_10target_300.csv,8,0,4,2.1984063124604396,2.1984063124604396,01,01,2,1,True,known_visit_horizon,10,4,8,known_visit_horizon,commitment_horizon,8,h8
291,known_visit,DMCHBA,bernoulli,0.25,19,361,4,10,dmchba_h8_bernoulli_025,scenarios/known_visit_10target_300.csv,9,18,1,38.18269036539951,38.18269036539951,00,00,1,0,True,known_visit_horizon,10,4,8,known_visit_horizon,commitment_horizon,8,h8
291,known_visit,DMCHBA,bernoulli,0.25,19,361,4,10,dmchba_h8_bernoulli_025,scenarios/known_visit_10target_300.csv,10,4,4,9.327619894321396,9.327619894321396,01,01,1,0,True,known_visit_horizon,10,4,8,known_visit_horizon,commitment_horizon,8,h8
292,known_visit,DMCHBA,bernoulli,0.25,19,361,4,10,dmchba_h8_bernoulli_025,scenarios/known_visit_10target_300.csv,1,18,0,38.107637565054254,38.107637565054254,00,00,1,0,True,known_visit_horizon,10,4,8,known_visit_horizon,commitment_horizon,8,h8
292,known_visit,DMCHBA,bernoulli,0.25,19,361,4,10,dmchba_h8_bernoulli_025,scenarios/known_visit_10target_300.csv,2,8,10,24.247748768029485,24.247748768029485,02,02,1,0,True,known_visit_horizon,10,4,8,known_visit_horizon,commitment_horizon,8,h8
292,known_visit,DMCHBA,bernoulli,0.25,19,361,4,10,dmchba_h8_bernoulli_025,scenarios/known_visit_10target_300.csv,3,10,17,25.618503770591488,25.618503770591488,03,03,1,0,True,known_visit_horizon,10,4,8,known_visit_horizon,commitment_horizon,8,h8
292,known_visit,DMCHBA,bernoulli,0.25,19,361,4,10,dmchba_h8_bernoulli_025,scenarios/known_visit_10target_300.csv,4,7,15,16.778995247729313,16.778995247729313,03,03,1,0,True,known_visit_horizon,10,4,8,known_visit_horizon,commitment_horizon,8,h8
292,known_visit,DMCHBA,bernoulli,0.25,19,361,4,10,dmchba_h8_bernoulli_025,scenarios/known_visit_10target_300.csv,5,3,3,34.61373824389217,34.61373824389217,01,01,1,0,True,known_visit_horizon,10,4,8,known_visit_horizon,commitment_horizon,8,h8
292,known_visit,DMCHBA,bernoulli,0.25,19,361,4,10,dmchba_h8_bernoulli_025,scenarios/known_visit_10target_300.csv,6,2,18,1.8329487185316102,1.8329487185316102,03,03,1,0,True,known_visit_horizon,10,4,8,known_visit_horizon,commitment_horizon,8,h8
292,known_visit,DMCHBA,bernoulli,0.25,19,361,4,10,dmchba_h8_bernoulli_025,scenarios/known_visit_10target_300.csv,7,16,1,32.51947367235079,32.51947367235079,00,00,1,0,True,known_visit_horizon,10,4,8,known_visit_horizon,commitment_horizon,8,h8
292,known_visit,DMCHBA,bernoulli,0.25,19,361,4,10,dmchba_h8_bernoulli_025,scenarios/known_visit_10target_300.csv,8,5,14,10.858452252595539,10.858452252595539,02,02,1,0,True,known_visit_horizon,10,4,8,known_visit_horizon,commitment_horizon,8,h8
292,known_visit,DMCHBA,bernoulli,0.25,19,361,4,10,dmchba_h8_bernoulli_025,scenarios/known_visit_10target_300.csv,9,6,7,22.16125027707891,22.16125027707891,01,01,1,0,True,known_visit_horizon,10,4,8,known_visit_horizon,commitment_horizon,8,h8
292,known_visit,DMCHBA,bernoulli,0.25,19,361,4,10,dmchba_h8_bernoulli_025,scenarios/known_visit_10target_300.csv,10,4,8,16.47312699659485,16.47312699659485,01,01,1,0,True,known_visit_horizon,10,4,8,known_visit_horizon,commitment_horizon,8,h8
293,known_visit,DMCHBA,bernoulli,0.25,19,361,4,10,dmchba_h8_bernoulli_025,scenarios/known_visit_10target_300.csv,1,11,9,22.830780213246978,22.830780213246978,01,01,1,0,True,known_visit_horizon,10,4,8,known_visit_horizon,commitment_horizon,8,h8
293,known_visit,DMCHBA,bernoulli,0.25,19,361,4,10,dmchba_h8_bernoulli_025,scenarios/known_visit_10target_300.csv,2,2,18,1.8070017515280885,1.8070017515280885,03,03,1,0,True,known_visit_horizon,10,4,8,known_visit_horizon,commitment_horizon,8,h8
293,known_visit,DMCHBA,bernoulli,0.25,19,361,4,10,dmchba_h8_bernoulli_025,scenarios/known_visit_10target_300.csv,3,0,13,0.42288554983270277,0.42288554983270277,02,02,1,0,True,known_visit_horizon,10,4,8,known_visit_horizon,commitment_horizon,8,h8
293,known_visit,DMCHBA,bernoulli,0.25,19,361,4,10,dmchba_h8_bernoulli_025,scenarios/known_visit_10target_300.csv,4,17,10,34.790554381673,34.790554381673,01,01,1,0,True,known_visit_horizon,10,4,8,known_visit_horizon,commitment_horizon,8,h8
293,known_visit,DMCHBA,bernoulli,0.25,19,361,4,10,dmchba_h8_bernoulli_025,scenarios/known_visit_10target_300.csv,5,1,16,7.479245472442703,7.479245472442703,02,02,2,1,True,known_visit_horizon,10,4,8,known_visit_horizon,commitment_horizon,8,h8
293,known_visit,DMCHBA,bernoulli,0.25,19,361,4,10,dmchba_h8_bernoulli_025,scenarios/known_visit_10target_300.csv,6,13,8,35.0867089293116,35.0867089293116,00,00,1,0,True,known_visit_horizon,10,4,8,known_visit_horizon,commitment_horizon,8,h8
293,known_visit,DMCHBA,bernoulli,0.25,19,361,4,10,dmchba_h8_bernoulli_025,scenarios/known_visit_10target_300.csv,7,4,18,5.190551341971025,5.190551341971025,03,03,1,0,True,known_visit_horizon,10,4,8,known_visit_horizon,commitment_horizon,8,h8
293,known_visit,DMCHBA,bernoulli,0.25,19,361,4,10,dmchba_h8_bernoulli_025,scenarios/known_visit_10target_300.csv,8,17,16,49.049548675540734,49.049548675540734,01,01,1,0,True,known_visit_horizon,10,4,8,known_visit_horizon,commitment_horizon,8,h8
293,known_visit,DMCHBA,bernoulli,0.25,19,361,4,10,dmchba_h8_bernoulli_025,scenarios/known_visit_10target_300.csv,9,13,12,35.34138012771641,35.34138012771641,02,02,1,0,True,known_visit_horizon,10,4,8,known_visit_horizon,commitment_horizon,8,h8
293,known_visit,DMCHBA,bernoulli,0.25,19,361,4,10,dmchba_h8_bernoulli_025,scenarios/known_visit_10target_300.csv,10,18,13,41.939776104013795,41.939776104013795,01,01,1,0,True,known_visit_horizon,10,4,8,known_visit_horizon,commitment_horizon,8,h8
294,known_visit,DMCHBA,bernoulli,0.25,19,361,4,10,dmchba_h8_bernoulli_025,scenarios/known_visit_10target_300.csv,1,7,9,16.07197709929236,16.07197709929236,02,02,2,1,True,known_visit_horizon,10,4,8,known_visit_horizon,commitment_horizon,8,h8
294,known_visit,DMCHBA,bernoulli,0.25,19,361,4,10,dmchba_h8_bernoulli_025,scenarios/known_visit_10target_300.csv,2,6,6,23.852474806662478,23.852474806662478,00,00,1,0,True,known_visit_horizon,10,4,8,known_visit_horizon,commitment_horizon,8,h8
294,known_visit,DMCHBA,bernoulli,0.25,19,361,4,10,dmchba_h8_bernoulli_025,scenarios/known_visit_10target_300.csv,3,13,13,29.37222134964865,29.37222134964865,03,03,1,0,True,known_visit_horizon,10,4,8,known_visit_horizon,commitment_horizon,8,h8
294,known_visit,DMCHBA,bernoulli,0.25,19,361,4,10,dmchba_h8_bernoulli_025,scenarios/known_visit_10target_300.csv,4,1,1,2.275621237385147,2.275621237385147,00,00,2,1,True,known_visit_horizon,10,4,8,known_visit_horizon,commitment_horizon,8,h8
294,known_visit,DMCHBA,bernoulli,0.25,19,361,4,10,dmchba_h8_bernoulli_025,scenarios/known_visit_10target_300.csv,5,8,10,19.66775572007571,19.66775572007571,02,02,1,0,True,known_visit_horizon,10,4,8,known_visit_horizon,commitment_horizon,8,h8
294,known_visit,DMCHBA,bernoulli,0.25,19,361,4,10,dmchba_h8_bernoulli_025,scenarios/known_visit_10target_300.csv,6,18,9,45.211296642564044,45.211296642564044,03,03,1,0,True,known_visit_horizon,10,4,8,known_visit_horizon,commitment_horizon,8,h8
294,known_visit,DMCHBA,bernoulli,0.25,19,361,4,10,dmchba_h8_bernoulli_025,scenarios/known_visit_10target_300.csv,7,6,9,14.032583718535776,14.032583718535776,02,02,2,1,True,known_visit_horizon,10,4,8,known_visit_horizon,commitment_horizon,8,h8
294,known_visit,DMCHBA,bernoulli,0.25,19,361,4,10,dmchba_h8_bernoulli_025,scenarios/known_visit_10target_300.csv,8,18,13,38.21536837538161,38.21536837538161,03,03,1,0,True,known_visit_horizon,10,4,8,known_visit_horizon,commitment_horizon,8,h8
294,known_visit,DMCHBA,bernoulli,0.25,19,361,4,10,dmchba_h8_bernoulli_025,scenarios/known_visit_10target_300.csv,9,4,0,9.643669865716696,9.643669865716696,00,00,1,0,True,known_visit_horizon,10,4,8,known_visit_horizon,commitment_horizon,8,h8
294,known_visit,DMCHBA,bernoulli,0.25,19,361,4,10,dmchba_h8_bernoulli_025,scenarios/known_visit_10target_300.csv,10,15,6,39.91592487626554,39.91592487626554,00,00,1,0,True,known_visit_horizon,10,4,8,known_visit_horizon,commitment_horizon,8,h8
295,known_visit,DMCHBA,bernoulli,0.25,19,361,4,10,dmchba_h8_bernoulli_025,scenarios/known_visit_10target_300.csv,1,12,15,24.24526549986732,24.24526549986732,03,03,1,0,True,known_visit_horizon,10,4,8,known_visit_horizon,commitment_horizon,8,h8
295,known_visit,DMCHBA,bernoulli,0.25,19,361,4,10,dmchba_h8_bernoulli_025,scenarios/known_visit_10target_300.csv,2,2,2,9.78090109648573,9.78090109648573,00,00,1,0,True,known_visit_horizon,10,4,8,known_visit_horizon,commitment_horizon,8,h8
295,known_visit,DMCHBA,bernoulli,0.25,19,361,4,10,dmchba_h8_bernoulli_025,scenarios/known_visit_10target_300.csv,3,18,12,40.547985114437466,40.547985114437466,02,02,1,0,True,known_visit_horizon,10,4,8,known_visit_horizon,commitment_horizon,8,h8
295,known_visit,DMCHBA,bernoulli,0.25,19,361,4,10,dmchba_h8_bernoulli_025,scenarios/known_visit_10target_300.csv,4,0,3,4.034611030317722,4.034611030317722,00,00,1,0,True,known_visit_horizon,10,4,8,known_visit_horizon,commitment_horizon,8,h8
295,known_visit,DMCHBA,bernoulli,0.25,19,361,4,10,dmchba_h8_bernoulli_025,scenarios/known_visit_10target_300.csv,5,0,10,5.457561448462215,5.457561448462215,01,01,1,0,True,known_visit_horizon,10,4,8,known_visit_horizon,commitment_horizon,8,h8
295,known_visit,DMCHBA,bernoulli,0.25,19,361,4,10,dmchba_h8_bernoulli_025,scenarios/known_visit_10target_300.csv,6,15,11,26.028347204136317,26.028347204136317,02,02,1,0,True,known_visit_horizon,10,4,8,known_visit_horizon,commitment_horizon,8,h8
295,known_visit,DMCHBA,bernoulli,0.25,19,361,4,10,dmchba_h8_bernoulli_025,scenarios/known_visit_10target_300.csv,7,15,16,31.724692069811763,31.724692069811763,03,03,1,0,True,known_visit_horizon,10,4,8,known_visit_horizon,commitment_horizon,8,h8
295,known_visit,DMCHBA,bernoulli,0.25,19,361,4,10,dmchba_h8_bernoulli_025,scenarios/known_visit_10target_300.csv,8,12,6,33.25795552077903,33.25795552077903,01,01,1,0,True,known_visit_horizon,10,4,8,known_visit_horizon,commitment_horizon,8,h8
295,known_visit,DMCHBA,bernoulli,0.25,19,361,4,10,dmchba_h8_bernoulli_025,scenarios/known_visit_10target_300.csv,9,16,14,33.23437690534924,33.23437690534924,02,02,1,0,True,known_visit_horizon,10,4,8,known_visit_horizon,commitment_horizon,8,h8
295,known_visit,DMCHBA,bernoulli,0.25,19,361,4,10,dmchba_h8_bernoulli_025,scenarios/known_visit_10target_300.csv,10,13,0,32.499822942507926,32.499822942507926,00,00,1,0,True,known_visit_horizon,10,4,8,known_visit_horizon,commitment_horizon,8,h8
296,known_visit,DMCHBA,bernoulli,0.25,19,361,4,10,dmchba_h8_bernoulli_025,scenarios/known_visit_10target_300.csv,1,2,14,9.11948503739969,9.11948503739969,03,03,1,0,True,known_visit_horizon,10,4,8,known_visit_horizon,commitment_horizon,8,h8
296,known_visit,DMCHBA,bernoulli,0.25,19,361,4,10,dmchba_h8_bernoulli_025,scenarios/known_visit_10target_300.csv,2,15,13,37.698141783932876,37.698141783932876,03,03,1,0,True,known_visit_horizon,10,4,8,known_visit_horizon,commitment_horizon,8,h8
296,known_visit,DMCHBA,bernoulli,0.25,19,361,4,10,dmchba_h8_bernoulli_025,scenarios/known_visit_10target_300.csv,3,1,3,5.56775245055944,5.56775245055944,01,01,1,0,True,known_visit_horizon,10,4,8,known_visit_horizon,commitment_horizon,8,h8
296,known_visit,DMCHBA,bernoulli,0.25,19,361,4,10,dmchba_h8_bernoulli_025,scenarios/known_visit_10target_300.csv,4,2,1,3.9845566544154676,3.9845566544154676,00,00,1,0,True,known_visit_horizon,10,4,8,known_visit_horizon,commitment_horizon,8,h8
296,known_visit,DMCHBA,bernoulli,0.25,19,361,4,10,dmchba_h8_bernoulli_025,scenarios/known_visit_10target_300.csv,5,9,15,23.31169572795338,23.31169572795338,03,03,1,0,True,known_visit_horizon,10,4,8,known_visit_horizon,commitment_horizon,8,h8
296,known_visit,DMCHBA,bernoulli,0.25,19,361,4,10,dmchba_h8_bernoulli_025,scenarios/known_visit_10target_300.csv,6,14,9,31.896797787450897,31.896797787450897,02,02,1,0,True,known_visit_horizon,10,4,8,known_visit_horizon,commitment_horizon,8,h8
296,known_visit,DMCHBA,bernoulli,0.25,19,361,4,10,dmchba_h8_bernoulli_025,scenarios/known_visit_10target_300.csv,7,18,9,46.36182850135356,46.36182850135356,02,02,1,0,True,known_visit_horizon,10,4,8,known_visit_horizon,commitment_horizon,8,h8
296,known_visit,DMCHBA,bernoulli,0.25,19,361,4,10,dmchba_h8_bernoulli_025,scenarios/known_visit_10target_300.csv,8,17,4,35.290577863511956,35.290577863511956,00,00,1,0,True,known_visit_horizon,10,4,8,known_visit_horizon,commitment_horizon,8,h8
296,known_visit,DMCHBA,bernoulli,0.25,19,361,4,10,dmchba_h8_bernoulli_025,scenarios/known_visit_10target_300.csv,9,5,9,16.227635774952734,16.227635774952734,02,02,1,0,True,known_visit_horizon,10,4,8,known_visit_horizon,commitment_horizon,8,h8
296,known_visit,DMCHBA,bernoulli,0.25,19,361,4,10,dmchba_h8_bernoulli_025,scenarios/known_visit_10target_300.csv,10,6,7,21.559054235842076,21.559054235842076,01,01,1,0,True,known_visit_horizon,10,4,8,known_visit_horizon,commitment_horizon,8,h8
297,known_visit,DMCHBA,bernoulli,0.25,19,361,4,10,dmchba_h8_bernoulli_025,scenarios/known_visit_10target_300.csv,1,4,13,7.67448361574914,7.67448361574914,02,02,1,0,True,known_visit_horizon,10,4,8,known_visit_horizon,commitment_horizon,8,h8
297,known_visit,DMCHBA,bernoulli,0.25,19,361,4,10,dmchba_h8_bernoulli_025,scenarios/known_visit_10target_300.csv,2,3,13,6.011422735675459,6.011422735675459,02,02,1,0,True,known_visit_horizon,10,4,8,known_visit_horizon,commitment_horizon,8,h8
297,known_visit,DMCHBA,bernoulli,0.25,19,361,4,10,dmchba_h8_bernoulli_025,scenarios/known_visit_10target_300.csv,3,7,11,16.368734199675306,16.368734199675306,02,02,2,1,True,known_visit_horizon,10,4,8,known_visit_horizon,commitment_horizon,8,h8
297,known_visit,DMCHBA,bernoulli,0.25,19,361,4,10,dmchba_h8_bernoulli_025,scenarios/known_visit_10target_300.csv,4,1,0,0.18720191709181655,0.18720191709181655,00,00,1,0,True,known_visit_horizon,10,4,8,known_visit_horizon,commitment_horizon,8,h8
297,known_visit,DMCHBA,bernoulli,0.25,19,361,4,10,dmchba_h8_bernoulli_025,scenarios/known_visit_10target_300.csv,5,11,17,19.206502789241377,19.206502789241377,03,03,1,0,True,known_visit_horizon,10,4,8,known_visit_horizon,commitment_horizon,8,h8
297,known_visit,DMCHBA,bernoulli,0.25,19,361,4,10,dmchba_h8_bernoulli_025,scenarios/known_visit_10target_300.csv,6,8,6,11.860421627962737,11.860421627962737,01,01,1,0,True,known_visit_horizon,10,4,8,known_visit_horizon,commitment_horizon,8,h8
297,known_visit,DMCHBA,bernoulli,0.25,19,361,4,10,dmchba_h8_bernoulli_025,scenarios/known_visit_10target_300.csv,7,15,17,26.14468170949763,26.14468170949763,03,03,1,0,True,known_visit_horizon,10,4,8,known_visit_horizon,commitment_horizon,8,h8
297,known_visit,DMCHBA,bernoulli,0.25,19,361,4,10,dmchba_h8_bernoulli_025,scenarios/known_visit_10target_300.csv,8,0,13,0.5562377662796191,0.5562377662796191,02,02,1,0,True,known_visit_horizon,10,4,8,known_visit_horizon,commitment_horizon,8,h8
297,known_visit,DMCHBA,bernoulli,0.25,19,361,4,10,dmchba_h8_bernoulli_025,scenarios/known_visit_10target_300.csv,9,7,9,19.31695190676873,19.31695190676873,01,01,1,0,True,known_visit_horizon,10,4,8,known_visit_horizon,commitment_horizon,8,h8
297,known_visit,DMCHBA,bernoulli,0.25,19,361,4,10,dmchba_h8_bernoulli_025,scenarios/known_visit_10target_300.csv,10,11,18,17.16755547690903,17.16755547690903,03,03,1,0,True,known_visit_horizon,10,4,8,known_visit_horizon,commitment_horizon,8,h8
298,known_visit,DMCHBA,bernoulli,0.25,19,361,4,10,dmchba_h8_bernoulli_025,scenarios/known_visit_10target_300.csv,1,7,4,14.658200168021054,14.658200168021054,01,01,2,1,True,known_visit_horizon,10,4,8,known_visit_horizon,commitment_horizon,8,h8
298,known_visit,DMCHBA,bernoulli,0.25,19,361,4,10,dmchba_h8_bernoulli_025,scenarios/known_visit_10target_300.csv,2,4,1,7.289293458897802,7.289293458897802,00,00,1,0,True,known_visit_horizon,10,4,8,known_visit_horizon,commitment_horizon,8,h8
298,known_visit,DMCHBA,bernoulli,0.25,19,361,4,10,dmchba_h8_bernoulli_025,scenarios/known_visit_10target_300.csv,3,1,13,2.027677169586234,2.027677169586234,02,02,1,0,True,known_visit_horizon,10,4,8,known_visit_horizon,commitment_horizon,8,h8
298,known_visit,DMCHBA,bernoulli,0.25,19,361,4,10,dmchba_h8_bernoulli_025,scenarios/known_visit_10target_300.csv,4,6,14,12.551098294322431,12.551098294322431,02,02,1,0,True,known_visit_horizon,10,4,8,known_visit_horizon,commitment_horizon,8,h8
298,known_visit,DMCHBA,bernoulli,0.25,19,361,4,10,dmchba_h8_bernoulli_025,scenarios/known_visit_10target_300.csv,5,17,17,29.279764446545336,29.279764446545336,03,03,1,0,True,known_visit_horizon,10,4,8,known_visit_horizon,commitment_horizon,8,h8
298,known_visit,DMCHBA,bernoulli,0.25,19,361,4,10,dmchba_h8_bernoulli_025,scenarios/known_visit_10target_300.csv,6,9,4,18.06748166501416,18.06748166501416,01,01,1,0,True,known_visit_horizon,10,4,8,known_visit_horizon,commitment_horizon,8,h8
298,known_visit,DMCHBA,bernoulli,0.25,19,361,4,10,dmchba_h8_bernoulli_025,scenarios/known_visit_10target_300.csv,7,9,10,24.58405592023148,24.58405592023148,02,02,1,0,True,known_visit_horizon,10,4,8,known_visit_horizon,commitment_horizon,8,h8
298,known_visit,DMCHBA,bernoulli,0.25,19,361,4,10,dmchba_h8_bernoulli_025,scenarios/known_visit_10target_300.csv,8,18,18,33.30908877884524,33.30908877884524,03,03,1,0,True,known_visit_horizon,10,4,8,known_visit_horizon,commitment_horizon,8,h8
298,known_visit,DMCHBA,bernoulli,0.25,19,361,4,10,dmchba_h8_bernoulli_025,scenarios/known_visit_10target_300.csv,9,16,7,35.471189876063846,35.471189876063846,01,01,1,0,True,known_visit_horizon,10,4,8,known_visit_horizon,commitment_horizon,8,h8
298,known_visit,DMCHBA,bernoulli,0.25,19,361,4,10,dmchba_h8_bernoulli_025,scenarios/known_visit_10target_300.csv,10,12,18,18.813909592092738,18.813909592092738,03,03,1,0,True,known_visit_horizon,10,4,8,known_visit_horizon,commitment_horizon,8,h8
299,known_visit,DMCHBA,bernoulli,0.25,19,361,4,10,dmchba_h8_bernoulli_025,scenarios/known_visit_10target_300.csv,1,15,15,33.88497676972393,33.88497676972393,02,02,1,0,True,known_visit_horizon,10,4,8,known_visit_horizon,commitment_horizon,8,h8
299,known_visit,DMCHBA,bernoulli,0.25,19,361,4,10,dmchba_h8_bernoulli_025,scenarios/known_visit_10target_300.csv,2,3,13,5.685970774821425,5.685970774821425,02,02,1,0,True,known_visit_horizon,10,4,8,known_visit_horizon,commitment_horizon,8,h8
299,known_visit,DMCHBA,bernoulli,0.25,19,361,4,10,dmchba_h8_bernoulli_025,scenarios/known_visit_10target_300.csv,3,15,5,30.215042144602133,30.215042144602133,01,01,1,0,True,known_visit_horizon,10,4,8,known_visit_horizon,commitment_horizon,8,h8
299,known_visit,DMCHBA,bernoulli,0.25,19,361,4,10,dmchba_h8_bernoulli_025,scenarios/known_visit_10target_300.csv,4,14,0,22.470909596503393,22.470909596503393,00,00,1,0,True,known_visit_horizon,10,4,8,known_visit_horizon,commitment_horizon,8,h8
299,known_visit,DMCHBA,bernoulli,0.25,19,361,4,10,dmchba_h8_bernoulli_025,scenarios/known_visit_10target_300.csv,5,7,12,14.799794712350021,14.799794712350021,02,02,1,0,True,known_visit_horizon,10,4,8,known_visit_horizon,commitment_horizon,8,h8
299,known_visit,DMCHBA,bernoulli,0.25,19,361,4,10,dmchba_h8_bernoulli_025,scenarios/known_visit_10target_300.csv,6,18,16,33.37579428216235,33.37579428216235,03,03,1,0,True,known_visit_horizon,10,4,8,known_visit_horizon,commitment_horizon,8,h8
299,known_visit,DMCHBA,bernoulli,0.25,19,361,4,10,dmchba_h8_bernoulli_025,scenarios/known_visit_10target_300.csv,7,6,16,12.486476441401708,12.486476441401708,03,03,1,0,True,known_visit_horizon,10,4,8,known_visit_horizon,commitment_horizon,8,h8
299,known_visit,DMCHBA,bernoulli,0.25,19,361,4,10,dmchba_h8_bernoulli_025,scenarios/known_visit_10target_300.csv,8,5,18,7.039012528799231,7.039012528799231,03,03,1,0,True,known_visit_horizon,10,4,8,known_visit_horizon,commitment_horizon,8,h8
299,known_visit,DMCHBA,bernoulli,0.25,19,361,4,10,dmchba_h8_bernoulli_025,scenarios/known_visit_10target_300.csv,9,13,4,24.55850981563178,24.55850981563178,01,01,1,0,True,known_visit_horizon,10,4,8,known_visit_horizon,commitment_horizon,8,h8
299,known_visit,DMCHBA,bernoulli,0.25,19,361,4,10,dmchba_h8_bernoulli_025,scenarios/known_visit_10target_300.csv,10,12,16,23.130825850019985,23.130825850019985,03,03,1,0,True,known_visit_horizon,10,4,8,known_visit_horizon,commitment_horizon,8,h8
