trial_id,trial_mode,algorithm,comm_model,comm_level,grid_size,grid_cells,robot_count,target_count,condition_id,scenario_file,robot_id,steps_total,targets_found,task_cell_revisits,unique_cells_contributed,system_revisits_by_robot,task_cell_replans,path_replans,collision_prevention_events,blocked_task_quarantines,blocked_task_quarantine_time_s,maximum_quarantine_level,stall_recoveries,messages_sent,core_messages_sent,allocation_messages_sent,messages_delivered_to_robot,messages_dropped_to_robot,allocator_calls,allocator_time_ms_total,allocator_time_ms_mean,allocator_time_ms_median,allocator_time_ms_p95,allocator_time_ms_max,allocator_solve_time_ms_total,allocator_solve_time_ms_mean,allocator_solve_time_ms_median,allocator_solve_time_ms_p95,allocator_solve_time_ms_max,candidate_filter_calls,candidate_filter_time_ms_total,candidate_filter_time_ms_mean,candidate_filter_time_ms_median,candidate_filter_time_ms_p95,candidate_filter_time_ms_max,trial_status
0,known_visit,ACBBA,ideal,1.0,14,196,4,10,acbba_g14_d50_ideal,reruns\grid_density\scenarios\cv\known_visit_grid14_targets10_trials50.csv,00,15,1,0,15,1,1,0,0,0,0.0,0,0,82,32,50,241,0,11,4.0909,0.37190000000000006,0.336,0.7584,0.7584,2.9726,0.2702363636363636,0.2171,0.6206,0.6206,11,1.1183,0.10166363636363637,0.1146,0.1378,0.1378,completed
0,known_visit,ACBBA,ideal,1.0,14,196,4,10,acbba_g14_d50_ideal,reruns\grid_density\scenarios\cv\known_visit_grid14_targets10_trials50.csv,01,16,5,0,17,0,3,0,0,0,0.0,0,0,84,33,51,240,0,11,4.2798,0.38907272727272724,0.3478,0.6941,0.6941,3.0642,0.27856363636363635,0.2344,0.5375,0.5375,11,1.2156,0.1105090909090909,0.1173,0.1566,0.1566,completed
0,known_visit,ACBBA,ideal,1.0,14,196,4,10,acbba_g14_d50_ideal,reruns\grid_density\scenarios\cv\known_visit_grid14_targets10_trials50.csv,02,13,3,0,14,0,1,0,0,0,0.0,0,0,78,29,49,245,0,17,5.0168,0.29510588235294116,0.2152,0.6652,0.6652,3.2974,0.19396470588235296,0.1159,0.5269,0.5269,17,1.7194,0.10114117647058823,0.1019,0.1432,0.1432,completed
0,known_visit,ACBBA,ideal,1.0,14,196,4,10,acbba_g14_d50_ideal,reruns\grid_density\scenarios\cv\known_visit_grid14_targets10_trials50.csv,03,16,1,0,17,0,3,0,0,0,0.0,0,0,80,33,47,243,0,9,3.5414,0.3934888888888889,0.3976,0.5829,0.5829,2.4956,0.2772888888888889,0.2662,0.4515,0.4515,9,1.0458,0.11620000000000001,0.1213,0.1325,0.1325,completed
1,known_visit,ACBBA,ideal,1.0,14,196,4,10,acbba_g14_d50_ideal,reruns\grid_density\scenarios\cv\known_visit_grid14_targets10_trials50.csv,00,14,4,0,15,0,1,0,0,0,0.0,0,0,78,30,48,216,0,15,3.9589,0.26392666666666664,0.1959,0.6422,0.6422,2.6696,0.17797333333333334,0.1271,0.465,0.465,15,1.2893,0.08595333333333333,0.077,0.1878,0.1878,completed
1,known_visit,ACBBA,ideal,1.0,14,196,4,10,acbba_g14_d50_ideal,reruns\grid_density\scenarios\cv\known_visit_grid14_targets10_trials50.csv,01,12,3,0,13,0,1,0,0,0,0.0,0,0,74,26,48,220,0,18,3.6634,0.20352222222222224,0.13835,0.5611,0.5611,2.3087,0.1282611111111111,0.06735,0.4357,0.4357,18,1.3547,0.07526111111111111,0.06855,0.1254,0.1254,completed
1,known_visit,ACBBA,ideal,1.0,14,196,4,10,acbba_g14_d50_ideal,reruns\grid_density\scenarios\cv\known_visit_grid14_targets10_trials50.csv,02,16,3,0,17,0,0,0,0,0,0.0,0,0,76,33,43,219,0,9,2.3401,0.26001111111111114,0.2311,0.6136,0.6136,1.5766,0.17517777777777777,0.1514,0.4649,0.4649,9,0.7635,0.08483333333333333,0.0812,0.1487,0.1487,completed
1,known_visit,ACBBA,ideal,1.0,14,196,4,10,acbba_g14_d50_ideal,reruns\grid_density\scenarios\cv\known_visit_grid14_targets10_trials50.csv,03,9,0,0,10,0,6,0,0,0,0.0,0,0,67,20,47,227,0,31,6.5343,0.21078387096774193,0.1495,0.5561,0.5658,4.0946,0.13208387096774193,0.0798,0.4319,0.4416,31,2.4397,0.0787,0.0771,0.1242,0.1242,completed
2,known_visit,ACBBA,ideal,1.0,14,196,4,10,acbba_g14_d50_ideal,reruns\grid_density\scenarios\cv\known_visit_grid14_targets10_trials50.csv,00,7,3,0,8,0,0,0,0,0,0.0,0,0,45,16,29,174,0,40,7.9123,0.1978075,0.1899,0.3065,0.3675,4.3412,0.10852999999999999,0.0938,0.1986,0.2705,40,3.5711,0.0892775,0.08635000000000001,0.1137,0.1658,completed
2,known_visit,ACBBA,ideal,1.0,14,196,4,10,acbba_g14_d50_ideal,reruns\grid_density\scenarios\cv\known_visit_grid14_targets10_trials50.csv,01,17,3,0,18,0,1,0,0,0,0.0,0,0,67,35,32,152,0,8,2.4402,0.305025,0.27869999999999995,0.561,0.561,1.656,0.207,0.192,0.4425,0.4425,8,0.7842,0.098025,0.10014999999999999,0.1185,0.1185,completed
2,known_visit,ACBBA,ideal,1.0,14,196,4,10,acbba_g14_d50_ideal,reruns\grid_density\scenarios\cv\known_visit_grid14_targets10_trials50.csv,02,17,3,0,18,0,0,0,0,0,0.0,0,0,67,35,32,153,0,10,2.3784,0.23784,0.24085,0.3369,0.3369,1.4975,0.14975,0.1594,0.2498,0.2498,10,0.8809,0.08809,0.08405,0.1165,0.1165,completed
2,known_visit,ACBBA,ideal,1.0,14,196,4,10,acbba_g14_d50_ideal,reruns\grid_density\scenarios\cv\known_visit_grid14_targets10_trials50.csv,03,6,1,0,7,0,0,0,0,0,0.0,0,0,41,14,27,178,0,44,8.9996,0.20453636363636363,0.19755,0.3267,0.3834,4.9068,0.11151818181818181,0.10085,0.2169,0.2739,44,4.0928,0.09301818181818183,0.0958,0.14,0.1513,completed
3,known_visit,ACBBA,ideal,1.0,14,196,4,10,acbba_g14_d50_ideal,reruns\grid_density\scenarios\cv\known_visit_grid14_targets10_trials50.csv,00,18,2,0,19,0,2,0,0,0,0.0,0,0,79,39,40,233,0,15,4.3319,0.28879333333333335,0.2493,0.5418,0.5418,2.9398,0.19598666666666667,0.1751,0.4126,0.4126,15,1.3921000000000001,0.09280666666666668,0.0908,0.1292,0.1292,completed
3,known_visit,ACBBA,ideal,1.0,14,196,4,10,acbba_g14_d50_ideal,reruns\grid_density\scenarios\cv\known_visit_grid14_targets10_trials50.csv,01,14,4,0,15,0,3,0,0,0,0.0,0,0,71,30,41,240,0,25,5.7282,0.229128,0.181,0.5156,0.5836,3.4357,0.137428,0.0859,0.388,0.4571,25,2.2925,0.0917,0.0925,0.1276,0.145,completed
3,known_visit,ACBBA,ideal,1.0,14,196,4,10,acbba_g14_d50_ideal,reruns\grid_density\scenarios\cv\known_visit_grid14_targets10_trials50.csv,02,20,2,0,21,0,0,0,0,0,0.0,0,0,84,41,43,227,0,10,3.5704000000000002,0.35704,0.36735,0.5321,0.5321,2.4923,0.24923,0.25070000000000003,0.4055,0.4055,10,1.0781,0.10781,0.10894999999999999,0.1266,0.1266,completed
3,known_visit,ACBBA,ideal,1.0,14,196,4,10,acbba_g14_d50_ideal,reruns\grid_density\scenarios\cv\known_visit_grid14_targets10_trials50.csv,03,14,2,0,15,0,3,3,3,0,0.0,0,0,78,33,45,233,0,27,6.8761,0.2546703703703704,0.2025,0.5329,0.546,4.301,0.1592962962962963,0.0941,0.4039,0.4215,27,2.5751,0.09537407407407407,0.0945,0.1249,0.129,completed
4,known_visit,ACBBA,ideal,1.0,14,196,4,10,acbba_g14_d50_ideal,reruns\grid_density\scenarios\cv\known_visit_grid14_targets10_trials50.csv,00,14,4,0,15,0,1,0,0,0,0.0,0,0,65,29,36,195,0,9,2.0621,0.22912222222222223,0.208,0.3336,0.3336,1.2761,0.14178888888888888,0.1284,0.2505,0.2505,9,0.786,0.08733333333333333,0.0831,0.1338,0.1338,completed
4,known_visit,ACBBA,ideal,1.0,14,196,4,10,acbba_g14_d50_ideal,reruns\grid_density\scenarios\cv\known_visit_grid14_targets10_trials50.csv,01,14,2,0,15,0,1,0,0,0,0.0,0,0,66,29,37,193,0,10,2.4952,0.24952000000000002,0.2369,0.4227,0.4227,1.632,0.16319999999999998,0.15625,0.3444,0.3444,10,0.8632,0.08632,0.08285000000000001,0.1306,0.1306,completed
4,known_visit,ACBBA,ideal,1.0,14,196,4,10,acbba_g14_d50_ideal,reruns\grid_density\scenarios\cv\known_visit_grid14_targets10_trials50.csv,02,13,4,0,14,0,2,0,0,0,0.0,0,0,70,29,41,189,0,10,2.4416,0.24416000000000002,0.24435,0.3622,0.3622,1.6434,0.16433999999999999,0.16285,0.2717,0.2717,10,0.7982,0.07982,0.0806,0.1066,0.1066,completed
4,known_visit,ACBBA,ideal,1.0,14,196,4,10,acbba_g14_d50_ideal,reruns\grid_density\scenarios\cv\known_visit_grid14_targets10_trials50.csv,03,9,0,0,9,1,2,0,0,0,0.0,0,0,59,20,39,200,0,25,5.047,0.20187999999999998,0.1527,0.3793,0.4043,3.1156,0.12462400000000001,0.0833,0.2871,0.3098,25,1.9314,0.077256,0.0714,0.0947,0.0973,completed
5,known_visit,ACBBA,ideal,1.0,14,196,4,10,acbba_g14_d50_ideal,reruns\grid_density\scenarios\cv\known_visit_grid14_targets10_trials50.csv,00,8,2,0,9,0,0,0,0,0,0.0,0,0,46,18,28,171,0,35,5.6905,0.16258571428571428,0.1346,0.3693,0.3756,3.0872,0.08820571428571429,0.0687,0.2732,0.2799,35,2.6033,0.07438,0.0639,0.1313,0.1345,completed
5,known_visit,ACBBA,ideal,1.0,14,196,4,10,acbba_g14_d50_ideal,reruns\grid_density\scenarios\cv\known_visit_grid14_targets10_trials50.csv,01,17,4,0,18,0,0,0,0,0,0.0,0,0,66,35,31,152,0,8,2.3379,0.2922375,0.29635,0.4704,0.4704,1.6052,0.20065,0.19715,0.3418,0.3418,8,0.7327,0.0915875,0.09134999999999999,0.1371,0.1371,completed
5,known_visit,ACBBA,ideal,1.0,14,196,4,10,acbba_g14_d50_ideal,reruns\grid_density\scenarios\cv\known_visit_grid14_targets10_trials50.csv,02,7,2,0,8,0,0,0,0,0,0.0,0,0,45,16,29,172,0,37,7.0471,0.19046216216216216,0.1347,0.5237,0.6066,3.9863,0.10773783783783783,0.0688,0.3835,0.4567,37,3.0608,0.08272432432432432,0.0639,0.1431,0.1499,completed
5,known_visit,ACBBA,ideal,1.0,14,196,4,10,acbba_g14_d50_ideal,reruns\grid_density\scenarios\cv\known_visit_grid14_targets10_trials50.csv,03,14,2,0,15,0,0,0,0,0,0.0,0,0,61,30,31,156,0,17,3.412,0.20070588235294118,0.1251,0.5296,0.5296,2.019,0.11876470588235295,0.0568,0.3878,0.3878,17,1.393,0.08194117647058824,0.0627,0.1418,0.1418,completed
6,known_visit,ACBBA,ideal,1.0,14,196,4,10,acbba_g14_d50_ideal,reruns\grid_density\scenarios\cv\known_visit_grid14_targets10_trials50.csv,00,2,2,0,3,0,0,0,0,0,0.0,0,0,30,6,24,119,0,30,5.1231,0.17077,0.1417,0.4742,0.5796,2.8806,0.09602,0.07255,0.3467,0.4465,30,2.2425,0.07475000000000001,0.0686,0.1324,0.1331,completed
6,known_visit,ACBBA,ideal,1.0,14,196,4,10,acbba_g14_d50_ideal,reruns\grid_density\scenarios\cv\known_visit_grid14_targets10_trials50.csv,01,10,3,0,11,0,0,0,0,0,0.0,0,0,45,21,24,105,0,7,1.6675,0.2382142857142857,0.181,0.5863,0.5863,1.0556,0.15080000000000002,0.0907,0.4577,0.4577,7,0.6119,0.08741428571428571,0.0765,0.1286,0.1286,completed
6,known_visit,ACBBA,ideal,1.0,14,196,4,10,acbba_g14_d50_ideal,reruns\grid_density\scenarios\cv\known_visit_grid14_targets10_trials50.csv,02,10,4,0,11,0,0,0,0,0,0.0,0,0,43,21,22,106,0,5,1.7286,0.34571999999999997,0.2715,0.6232,0.6232,1.2386,0.24772,0.1915,0.4748,0.4748,5,0.49,0.098,0.08,0.1484,0.1484,completed
6,known_visit,ACBBA,ideal,1.0,14,196,4,10,acbba_g14_d50_ideal,reruns\grid_density\scenarios\cv\known_visit_grid14_targets10_trials50.csv,03,3,1,0,4,0,0,0,0,0,0.0,0,0,32,8,24,117,0,27,4.5854,0.16982962962962964,0.1354,0.3515,0.561,2.544,0.09422222222222222,0.071,0.2321,0.4319,27,2.0414,0.0756074074074074,0.065,0.1295,0.1385,completed
7,known_visit,ACBBA,ideal,1.0,14,196,4,10,acbba_g14_d50_ideal,reruns\grid_density\scenarios\cv\known_visit_grid14_targets10_trials50.csv,00,9,3,0,10,0,0,0,0,0,0.0,0,0,55,21,34,163,0,16,2.7439,0.17149375,0.1439,0.3649,0.3649,1.6323999999999999,0.10202499999999999,0.06885,0.2733,0.2733,16,1.1115,0.06946875,0.0635,0.0916,0.0916,completed
7,known_visit,ACBBA,ideal,1.0,14,196,4,10,acbba_g14_d50_ideal,reruns\grid_density\scenarios\cv\known_visit_grid14_targets10_trials50.csv,01,12,2,0,13,0,0,0,0,0,0.0,0,0,58,25,33,161,0,8,1.6480000000000001,0.20600000000000002,0.1635,0.3985,0.3985,1.0238,0.127975,0.0911,0.3021,0.3021,8,0.6242,0.078025,0.0802,0.0964,0.0964,completed
7,known_visit,ACBBA,ideal,1.0,14,196,4,10,acbba_g14_d50_ideal,reruns\grid_density\scenarios\cv\known_visit_grid14_targets10_trials50.csv,02,9,1,0,9,1,0,0,0,0,0.0,0,0,50,20,30,168,0,14,2.5815,0.18439285714285716,0.13685,0.3826,0.3826,1.5739,0.11242142857142857,0.06675,0.2985,0.2985,14,1.0076,0.07197142857142858,0.0728,0.0891,0.0891,completed
7,known_visit,ACBBA,ideal,1.0,14,196,4,10,acbba_g14_d50_ideal,reruns\grid_density\scenarios\cv\known_visit_grid14_targets10_trials50.csv,03,10,4,0,11,0,0,0,0,0,0.0,0,0,56,22,34,162,0,10,1.9483,0.19483,0.15735,0.3726,0.3726,1.2433,0.12433000000000001,0.07844999999999999,0.2894,0.2894,10,0.705,0.0705,0.06655,0.0879,0.0879,completed
8,known_visit,ACBBA,ideal,1.0,14,196,4,10,acbba_g14_d50_ideal,reruns\grid_density\scenarios\cv\known_visit_grid14_targets10_trials50.csv,00,15,3,0,16,0,0,0,0,0,0.0,0,0,68,32,36,208,0,14,2.8305,0.2021785714285714,0.15255000000000002,0.4134,0.4134,1.7242,0.12315714285714285,0.07250000000000001,0.3171,0.3171,14,1.1063,0.07902142857142858,0.08195,0.0963,0.0963,completed
8,known_visit,ACBBA,ideal,1.0,14,196,4,10,acbba_g14_d50_ideal,reruns\grid_density\scenarios\cv\known_visit_grid14_targets10_trials50.csv,01,12,1,0,13,0,2,0,0,0,0.0,0,0,68,27,41,208,0,25,5.5917,0.223668,0.1866,0.3782,0.393,3.5557,0.142228,0.101,0.2865,0.3075,25,2.036,0.08144,0.0838,0.0942,0.1197,completed
8,known_visit,ACBBA,ideal,1.0,14,196,4,10,acbba_g14_d50_ideal,reruns\grid_density\scenarios\cv\known_visit_grid14_targets10_trials50.csv,02,17,4,0,17,1,3,0,0,0,0.0,0,0,77,35,42,200,0,13,3.5673,0.2744076923076923,0.2798,0.4071,0.4071,2.4811,0.19085384615384615,0.1936,0.3193,0.3193,13,1.0862,0.08355384615384616,0.0878,0.0912,0.0912,completed
8,known_visit,ACBBA,ideal,1.0,14,196,4,10,acbba_g14_d50_ideal,reruns\grid_density\scenarios\cv\known_visit_grid14_targets10_trials50.csv,03,12,2,0,13,0,0,0,0,0,0.0,0,0,64,26,38,212,0,22,3.5972,0.1635090909090909,0.14934999999999998,0.2646,0.4103,1.9611,0.08914090909090909,0.0779,0.1797,0.304,22,1.6361,0.07436818181818182,0.07139999999999999,0.0907,0.1063,completed
9,known_visit,ACBBA,ideal,1.0,14,196,4,10,acbba_g14_d50_ideal,reruns\grid_density\scenarios\cv\known_visit_grid14_targets10_trials50.csv,00,17,3,0,18,0,0,0,0,0,0.0,0,0,75,35,40,222,0,10,3.2669,0.32669000000000004,0.22085,0.6207,0.6207,2.2275,0.22275,0.14365,0.4782,0.4782,10,1.0393999999999999,0.10393999999999999,0.1158,0.1425,0.1425,completed
9,known_visit,ACBBA,ideal,1.0,14,196,4,10,acbba_g14_d50_ideal,reruns\grid_density\scenarios\cv\known_visit_grid14_targets10_trials50.csv,01,14,2,0,15,0,4,0,0,0,0.0,0,0,72,30,42,224,0,16,4.5969,0.28730625,0.20705,0.6058,0.6058,2.9944,0.18715,0.12275,0.4764,0.4764,16,1.6025,0.10015625,0.10594999999999999,0.1307,0.1307,completed
9,known_visit,ACBBA,ideal,1.0,14,196,4,10,acbba_g14_d50_ideal,reruns\grid_density\scenarios\cv\known_visit_grid14_targets10_trials50.csv,02,15,3,0,16,0,0,0,0,0,0.0,0,0,74,32,42,222,0,13,3.5187,0.2706692307692308,0.1984,0.6081,0.6081,2.3487,0.18066923076923078,0.1231,0.4827,0.4827,13,1.17,0.09,0.0675,0.1311,0.1311,completed
9,known_visit,ACBBA,ideal,1.0,14,196,4,10,acbba_g14_d50_ideal,reruns\grid_density\scenarios\cv\known_visit_grid14_targets10_trials50.csv,03,14,2,0,14,1,1,0,0,0,0.0,0,0,76,32,44,220,0,17,4.1067,0.24157058823529412,0.1741,0.5733,0.5733,2.636,0.15505882352941178,0.0926,0.4438,0.4438,17,1.4707000000000001,0.08651176470588236,0.0691,0.1295,0.1295,completed
10,known_visit,ACBBA,ideal,1.0,14,196,4,10,acbba_g14_d50_ideal,reruns\grid_density\scenarios\cv\known_visit_grid14_targets10_trials50.csv,00,21,3,0,20,2,0,0,0,0,0.0,0,0,80,43,37,185,0,9,3.4027,0.37807777777777773,0.4159,0.5584,0.5584,2.3446,0.2605111111111111,0.2945,0.4315,0.4315,9,1.0581,0.11756666666666667,0.1167,0.1425,0.1425,completed
10,known_visit,ACBBA,ideal,1.0,14,196,4,10,acbba_g14_d50_ideal,reruns\grid_density\scenarios\cv\known_visit_grid14_targets10_trials50.csv,01,14,3,0,15,0,3,0,0,0,0.0,0,0,64,30,34,200,0,31,7.6978,0.24831612903225805,0.2022,0.5847,0.6059,4.4636,0.14398709677419352,0.1005,0.4426,0.4618,31,3.2342,0.10432903225806452,0.0988,0.1441,0.149,completed
10,known_visit,ACBBA,ideal,1.0,14,196,4,10,acbba_g14_d50_ideal,reruns\grid_density\scenarios\cv\known_visit_grid14_targets10_trials50.csv,02,8,2,0,9,0,0,0,0,0,0.0,0,0,55,19,36,209,0,47,11.3111,0.24066170212765955,0.2216,0.4416,0.5507,6.2345,0.13264893617021276,0.1192,0.3073,0.4256,47,5.0766,0.10801276595744681,0.1029,0.1332,0.2307,completed
10,known_visit,ACBBA,ideal,1.0,14,196,4,10,acbba_g14_d50_ideal,reruns\grid_density\scenarios\cv\known_visit_grid14_targets10_trials50.csv,03,13,2,0,14,0,2,0,0,0,0.0,0,0,66,28,38,198,0,34,8.7559,0.2575264705882353,0.20450000000000002,0.5888,0.6551,4.8344,0.14218823529411764,0.09825,0.4645,0.4855,34,3.9215,0.11533823529411764,0.0993,0.2263,0.2547,completed
11,known_visit,ACBBA,ideal,1.0,14,196,4,10,acbba_g14_d50_ideal,reruns\grid_density\scenarios\cv\known_visit_grid14_targets10_trials50.csv,00,21,3,0,22,0,0,0,0,0,0.0,0,0,91,43,48,256,0,10,3.6001,0.36001,0.31355,0.6241,0.6241,2.5197,0.25196999999999997,0.20325,0.4722,0.4722,10,1.0804,0.10804,0.12485,0.1519,0.1519,completed
11,known_visit,ACBBA,ideal,1.0,14,196,4,10,acbba_g14_d50_ideal,reruns\grid_density\scenarios\cv\known_visit_grid14_targets10_trials50.csv,01,11,4,0,12,0,1,1,1,0,0.0,0,0,71,25,46,275,0,38,7.4874,0.19703684210526315,0.15605000000000002,0.5776,0.583,4.4951,0.11829210526315789,0.08285000000000001,0.4521,0.4579,38,2.9923,0.07874473684210527,0.07295,0.1255,0.1332,completed
11,known_visit,ACBBA,ideal,1.0,14,196,4,10,acbba_g14_d50_ideal,reruns\grid_density\scenarios\cv\known_visit_grid14_targets10_trials50.csv,02,18,2,0,17,2,3,1,1,0,0.0,0,0,92,38,54,254,0,21,6.2001,0.29524285714285714,0.2179,0.5933,0.68,4.2496,0.20236190476190477,0.1368,0.4509,0.5516,21,1.9505,0.09288095238095237,0.0752,0.1342,0.1766,completed
11,known_visit,ACBBA,ideal,1.0,14,196,4,10,acbba_g14_d50_ideal,reruns\grid_density\scenarios\cv\known_visit_grid14_targets10_trials50.csv,03,19,1,0,19,1,0,4,4,0,0.0,0,0,93,43,50,253,0,12,4.319,0.35991666666666666,0.38,0.5725,0.5725,3.1313,0.2609416666666667,0.2761,0.4441,0.4441,12,1.1877,0.098975,0.11085,0.1284,0.1284,completed
12,known_visit,ACBBA,ideal,1.0,14,196,4,10,acbba_g14_d50_ideal,reruns\grid_density\scenarios\cv\known_visit_grid14_targets10_trials50.csv,00,20,3,0,21,0,1,0,0,0,0.0,0,0,77,41,36,185,0,11,2.5416,0.23105454545454543,0.1793,0.391,0.391,1.6393,0.14902727272727273,0.1137,0.3047,0.3047,11,0.9023,0.08202727272727273,0.0863,0.1084,0.1084,completed
12,known_visit,ACBBA,ideal,1.0,14,196,4,10,acbba_g14_d50_ideal,reruns\grid_density\scenarios\cv\known_visit_grid14_targets10_trials50.csv,01,16,3,0,17,0,0,0,0,0,0.0,0,0,71,34,37,190,0,21,4.0377,0.19227142857142857,0.126,0.3779,0.3826,2.5233,0.12015714285714285,0.0589,0.2886,0.2918,21,1.5144,0.07211428571428571,0.0614,0.0908,0.1137,completed
12,known_visit,ACBBA,ideal,1.0,14,196,4,10,acbba_g14_d50_ideal,reruns\grid_density\scenarios\cv\known_visit_grid14_targets10_trials50.csv,02,8,2,0,9,0,1,1,1,0,0.0,0,0,57,19,38,204,0,46,7.806,0.16969565217391305,0.14479999999999998,0.3489,0.3658,4.4654,0.09707391304347826,0.075,0.2526,0.2773,46,3.3406,0.07262173913043478,0.0696,0.0963,0.142,completed
12,known_visit,ACBBA,ideal,1.0,14,196,4,10,acbba_g14_d50_ideal,reruns\grid_density\scenarios\cv\known_visit_grid14_targets10_trials50.csv,03,10,2,0,10,1,0,0,0,0,0.0,0,0,57,22,35,204,0,39,6.5313,0.16746923076923076,0.1427,0.4349,0.4374,3.71,0.09512820512820512,0.0741,0.3075,0.3332,39,2.8213,0.07234102564102564,0.0681,0.1042,0.1274,completed
13,known_visit,ACBBA,ideal,1.0,14,196,4,10,acbba_g14_d50_ideal,reruns\grid_density\scenarios\cv\known_visit_grid14_targets10_trials50.csv,00,15,3,0,16,0,0,0,0,0,0.0,0,0,63,31,32,166,0,10,3.1112,0.31112,0.28845,0.5618,0.5618,2.0839,0.20839,0.1904,0.4309,0.4309,10,1.0272999999999999,0.10272999999999999,0.0977,0.1309,0.1309,completed
13,known_visit,ACBBA,ideal,1.0,14,196,4,10,acbba_g14_d50_ideal,reruns\grid_density\scenarios\cv\known_visit_grid14_targets10_trials50.csv,01,8,1,0,9,0,1,0,0,0,0.0,0,0,49,18,31,179,0,26,6.913,0.2658846153846154,0.25285,0.423,0.4685,4.1061,0.15792692307692308,0.1386,0.3195,0.3314,26,2.8069,0.10795769230769231,0.11025,0.1239,0.1371,completed
13,known_visit,ACBBA,ideal,1.0,14,196,4,10,acbba_g14_d50_ideal,reruns\grid_density\scenarios\cv\known_visit_grid14_targets10_trials50.csv,02,14,3,0,15,0,0,0,0,0,0.0,0,0,59,29,30,169,0,8,2.3604,0.29505,0.2882,0.3998,0.3998,1.4584,0.1823,0.1639,0.3032,0.3032,8,0.902,0.11275,0.1004,0.1837,0.1837,completed
13,known_visit,ACBBA,ideal,1.0,14,196,4,10,acbba_g14_d50_ideal,reruns\grid_density\scenarios\cv\known_visit_grid14_targets10_trials50.csv,03,13,3,0,14,0,1,0,0,0,0.0,0,0,58,28,30,170,0,11,2.8914999999999997,0.26286363636363635,0.2249,0.3997,0.3997,1.7513,0.1592090909090909,0.1241,0.3052,0.3052,11,1.1402,0.10365454545454546,0.1008,0.1321,0.1321,completed
14,known_visit,ACBBA,ideal,1.0,14,196,4,10,acbba_g14_d50_ideal,reruns\grid_density\scenarios\cv\known_visit_grid14_targets10_trials50.csv,00,13,3,0,14,0,2,0,0,0,0.0,0,0,64,28,36,190,0,24,5.8681,0.24450416666666666,0.1849,0.5924,0.8473,3.4697,0.14457083333333334,0.0858,0.4593,0.5373,24,2.3984,0.09993333333333333,0.09475,0.1558,0.31,completed
14,known_visit,ACBBA,ideal,1.0,14,196,4,10,acbba_g14_d50_ideal,reruns\grid_density\scenarios\cv\known_visit_grid14_targets10_trials50.csv,01,11,2,0,12,0,1,0,0,0,0.0,0,0,60,25,35,194,0,28,6.5073,0.23240357142857143,0.19695000000000001,0.5303,0.5798,3.8945,0.13908928571428572,0.09505,0.4,0.4531,28,2.6128,0.09331428571428571,0.09795000000000001,0.129,0.1303,completed
14,known_visit,ACBBA,ideal,1.0,14,196,4,10,acbba_g14_d50_ideal,reruns\grid_density\scenarios\cv\known_visit_grid14_targets10_trials50.csv,02,11,2,0,11,1,0,0,0,0,0.0,0,0,57,25,32,197,0,27,5.9624,0.22082962962962963,0.1899,0.5665,0.6195,3.5367,0.1309888888888889,0.0924,0.438,0.4961,27,2.4257,0.08984074074074073,0.0977,0.1285,0.134,completed
14,known_visit,ACBBA,ideal,1.0,14,196,4,10,acbba_g14_d50_ideal,reruns\grid_density\scenarios\cv\known_visit_grid14_targets10_trials50.csv,03,17,3,0,18,0,1,1,1,0,0.0,0,0,74,36,38,181,0,11,3.7603,0.34184545454545456,0.2228,0.6687,0.6687,2.522,0.22927272727272727,0.1362,0.541,0.541,11,1.2383,0.11257272727272727,0.1252,0.1434,0.1434,completed
15,known_visit,ACBBA,ideal,1.0,14,196,4,10,acbba_g14_d50_ideal,reruns\grid_density\scenarios\cv\known_visit_grid14_targets10_trials50.csv,00,14,4,0,15,0,0,0,0,0,0.0,0,0,77,30,47,229,0,20,5.148,0.25739999999999996,0.21735,0.395,0.4057,3.0432,0.15216000000000002,0.10425,0.2912,0.3041,20,2.1048,0.10524,0.10155,0.1175,0.1931,completed
15,known_visit,ACBBA,ideal,1.0,14,196,4,10,acbba_g14_d50_ideal,reruns\grid_density\scenarios\cv\known_visit_grid14_targets10_trials50.csv,01,11,1,0,12,0,2,0,0,0,0.0,0,0,73,24,49,233,0,31,7.5821,0.24458387096774192,0.2249,0.3799,0.3841,4.314,0.13916129032258065,0.1196,0.2896,0.2968,31,3.2681,0.10542258064516129,0.1015,0.1295,0.2239,completed
15,known_visit,ACBBA,ideal,1.0,14,196,4,10,acbba_g14_d50_ideal,reruns\grid_density\scenarios\cv\known_visit_grid14_targets10_trials50.csv,02,18,4,0,19,0,1,0,0,0,0.0,0,0,85,37,48,222,0,10,2.9832,0.29832000000000003,0.3186,0.4088,0.4088,2.0211,0.20211,0.2234,0.3015,0.3015,10,0.9621,0.09620999999999999,0.0912,0.1229,0.1229,completed
15,known_visit,ACBBA,ideal,1.0,14,196,4,10,acbba_g14_d50_ideal,reruns\grid_density\scenarios\cv\known_visit_grid14_targets10_trials50.csv,03,12,1,1,11,2,2,0,0,0,0.0,0,0,72,26,46,234,0,28,6.4697,0.23106071428571426,0.20245000000000002,0.3743,0.3912,3.5914,0.12826428571428572,0.0991,0.2729,0.2878,28,2.8783,0.10279642857142857,0.10239999999999999,0.1183,0.1761,completed
16,known_visit,ACBBA,ideal,1.0,14,196,4,10,acbba_g14_d50_ideal,reruns\grid_density\scenarios\cv\known_visit_grid14_targets10_trials50.csv,00,10,2,0,11,0,0,0,0,0,0.0,0,0,52,22,30,180,0,28,6.7897,0.2424892857142857,0.20295000000000002,0.5768,0.6124,3.7191,0.132825,0.09684999999999999,0.4475,0.4641,28,3.0705999999999998,0.1096642857142857,0.0989,0.1483,0.1523,completed
16,known_visit,ACBBA,ideal,1.0,14,196,4,10,acbba_g14_d50_ideal,reruns\grid_density\scenarios\cv\known_visit_grid14_targets10_trials50.csv,01,13,2,0,14,0,1,0,0,0,0.0,0,0,60,28,32,172,0,18,5.2034,0.28907777777777777,0.20595,0.5525,0.5525,3.2803999999999998,0.18224444444444443,0.10469999999999999,0.4247,0.4247,18,1.923,0.10683333333333334,0.10125,0.1295,0.1295,completed
16,known_visit,ACBBA,ideal,1.0,14,196,4,10,acbba_g14_d50_ideal,reruns\grid_density\scenarios\cv\known_visit_grid14_targets10_trials50.csv,02,11,2,0,12,0,0,0,0,0,0.0,0,0,55,24,31,177,0,21,5.2177999999999995,0.24846666666666664,0.1884,0.5236,0.5476,3.0556,0.14550476190476191,0.0895,0.3969,0.4229,21,2.1622,0.10296190476190475,0.098,0.126,0.1267,completed
16,known_visit,ACBBA,ideal,1.0,14,196,4,10,acbba_g14_d50_ideal,reruns\grid_density\scenarios\cv\known_visit_grid14_targets10_trials50.csv,03,16,4,0,17,0,0,0,0,0,0.0,0,0,66,33,33,167,0,9,3.076,0.3417777777777778,0.2951,0.541,0.541,2.0519,0.22798888888888888,0.1947,0.4175,0.4175,9,1.0241,0.11378888888888888,0.1168,0.1292,0.1292,completed
17,known_visit,ACBBA,ideal,1.0,14,196,4,10,acbba_g14_d50_ideal,reruns\grid_density\scenarios\cv\known_visit_grid14_targets10_trials50.csv,00,23,4,0,24,0,0,0,0,0,0.0,0,0,86,47,39,200,0,9,2.9566,0.3285111111111111,0.2275,0.6272,0.6272,1.9085,0.21205555555555555,0.1318,0.4742,0.4742,9,1.0481,0.11645555555555556,0.1149,0.153,0.153,completed
17,known_visit,ACBBA,ideal,1.0,14,196,4,10,acbba_g14_d50_ideal,reruns\grid_density\scenarios\cv\known_visit_grid14_targets10_trials50.csv,01,11,2,0,12,0,0,0,0,0,0.0,0,0,64,25,39,221,0,47,11.4436,0.2434808510638298,0.196,0.494,0.5708,6.5971,0.14036382978723405,0.0968,0.3702,0.443,47,4.8465,0.10311702127659574,0.0973,0.1278,0.1456,completed
17,known_visit,ACBBA,ideal,1.0,14,196,4,10,acbba_g14_d50_ideal,reruns\grid_density\scenarios\cv\known_visit_grid14_targets10_trials50.csv,02,12,2,0,13,0,1,0,0,0,0.0,0,0,69,26,43,216,0,45,10.8785,0.24174444444444446,0.1939,0.5265,0.7025,6.3155,0.14034444444444444,0.0945,0.4011,0.5668,45,4.563,0.10139999999999999,0.0962,0.1254,0.1357,completed
17,known_visit,ACBBA,ideal,1.0,14,196,4,10,acbba_g14_d50_ideal,reruns\grid_density\scenarios\cv\known_visit_grid14_targets10_trials50.csv,03,14,2,0,15,0,2,0,0,0,0.0,0,0,67,30,37,218,0,39,8.8105,0.2259102564102564,0.1919,0.5403,0.5627,4.7874,0.12275384615384614,0.0928,0.4125,0.4365,39,4.0231,0.10315641025641027,0.0967,0.1306,0.131,completed
18,known_visit,ACBBA,ideal,1.0,14,196,4,10,acbba_g14_d50_ideal,reruns\grid_density\scenarios\cv\known_visit_grid14_targets10_trials50.csv,00,8,1,0,9,0,1,0,0,0,0.0,0,0,47,18,29,160,0,22,5.7321,0.26055,0.21345,0.6084,0.6588,3.2529,0.1478590909090909,0.10830000000000001,0.4714,0.5012,22,2.4792,0.11269090909090909,0.10300000000000001,0.1576,0.2024,completed
18,known_visit,ACBBA,ideal,1.0,14,196,4,10,acbba_g14_d50_ideal,reruns\grid_density\scenarios\cv\known_visit_grid14_targets10_trials50.csv,01,13,3,0,14,0,0,0,0,0,0.0,0,0,57,27,30,151,0,8,2.7033,0.3379125,0.30765,0.6005,0.6005,1.7964,0.22455,0.1951,0.4738,0.4738,8,0.9069,0.1133625,0.1157,0.127,0.127,completed
18,known_visit,ACBBA,ideal,1.0,14,196,4,10,acbba_g14_d50_ideal,reruns\grid_density\scenarios\cv\known_visit_grid14_targets10_trials50.csv,02,12,3,0,13,0,0,0,0,0,0.0,0,0,54,26,28,153,0,9,3.019,0.33544444444444443,0.3317,0.6387,0.6387,1.9628,0.2180888888888889,0.2258,0.4919,0.4919,9,1.0562,0.11735555555555556,0.1161,0.1468,0.1468,completed
18,known_visit,ACBBA,ideal,1.0,14,196,4,10,acbba_g14_d50_ideal,reruns\grid_density\scenarios\cv\known_visit_grid14_targets10_trials50.csv,03,10,3,0,11,0,0,0,0,0,0.0,0,0,50,22,28,157,0,14,3.9922999999999997,0.2851642857142857,0.22015,0.5705,0.5705,2.523,0.18021428571428572,0.11745,0.4489,0.4489,14,1.4693,0.10495,0.10289999999999999,0.1216,0.1216,completed
19,known_visit,ACBBA,ideal,1.0,14,196,4,10,acbba_g14_d50_ideal,reruns\grid_density\scenarios\cv\known_visit_grid14_targets10_trials50.csv,00,19,0,0,20,0,1,2,2,0,0.0,0,0,107,44,63,300,0,21,8.542300000000001,0.4067761904761905,0.4377,0.6114,0.6669,6.0107,0.28622380952380955,0.3117,0.4599,0.5366,21,2.5316,0.12055238095238095,0.1227,0.1417,0.2086,completed
19,known_visit,ACBBA,ideal,1.0,14,196,4,10,acbba_g14_d50_ideal,reruns\grid_density\scenarios\cv\known_visit_grid14_targets10_trials50.csv,01,22,3,0,23,0,1,0,0,0,0.0,0,0,107,45,62,301,0,17,7.1324000000000005,0.41955294117647063,0.4386,0.6266,0.6266,5.0186,0.29521176470588234,0.316,0.4657,0.4657,17,2.1138,0.12434117647058823,0.1232,0.1785,0.1785,completed
19,known_visit,ACBBA,ideal,1.0,14,196,4,10,acbba_g14_d50_ideal,reruns\grid_density\scenarios\cv\known_visit_grid14_targets10_trials50.csv,02,19,5,0,20,0,2,0,0,0,0.0,0,0,100,42,58,307,0,18,5.6618,0.31454444444444446,0.26805,0.6051,0.6051,3.6978999999999997,0.20543888888888887,0.1529,0.4701,0.4701,18,1.9639,0.10910555555555555,0.10445,0.135,0.135,completed
19,known_visit,ACBBA,ideal,1.0,14,196,4,10,acbba_g14_d50_ideal,reruns\grid_density\scenarios\cv\known_visit_grid14_targets10_trials50.csv,03,15,2,0,13,3,1,0,0,0,0.0,0,0,94,34,60,313,0,34,9.7375,0.28639705882352945,0.23065,0.6164,0.6351,5.9609,0.17532058823529412,0.12745,0.484,0.4869,34,3.7765999999999997,0.11107647058823529,0.1048,0.1482,0.1583,completed
20,known_visit,ACBBA,ideal,1.0,14,196,4,10,acbba_g14_d50_ideal,reruns\grid_density\scenarios\cv\known_visit_grid14_targets10_trials50.csv,00,14,2,0,15,0,1,1,1,0,0.0,0,0,63,31,32,178,0,20,5.5147,0.275735,0.2079,0.6177,0.665,3.3134,0.16567,0.09865,0.4812,0.5291,20,2.2013,0.110065,0.10335,0.1365,0.1512,completed
20,known_visit,ACBBA,ideal,1.0,14,196,4,10,acbba_g14_d50_ideal,reruns\grid_density\scenarios\cv\known_visit_grid14_targets10_trials50.csv,01,10,2,0,11,0,0,1,1,0,0.0,0,0,54,23,31,187,0,30,7.5585,0.25195,0.2084,0.5872,0.608,4.4561,0.14853666666666668,0.10500000000000001,0.4527,0.4768,30,3.1024000000000003,0.10341333333333334,0.1002,0.1327,0.1345,completed
20,known_visit,ACBBA,ideal,1.0,14,196,4,10,acbba_g14_d50_ideal,reruns\grid_density\scenarios\cv\known_visit_grid14_targets10_trials50.csv,02,18,3,0,19,0,1,0,0,0,0.0,0,0,66,37,29,176,0,7,2.8258,0.4036857142857143,0.5042,0.5589,0.5589,1.8877000000000002,0.2696714285714286,0.2715,0.4254,0.4254,7,0.9380999999999999,0.1340142857142857,0.1244,0.2327,0.2327,completed
20,known_visit,ACBBA,ideal,1.0,14,196,4,10,acbba_g14_d50_ideal,reruns\grid_density\scenarios\cv\known_visit_grid14_targets10_trials50.csv,03,14,3,0,15,0,0,0,0,0,0.0,0,0,59,30,29,182,0,18,4.185,0.23249999999999998,0.17915,0.5734,0.5734,2.3315,0.1295277777777778,0.08645,0.4426,0.4426,18,1.8535,0.10297222222222221,0.0933,0.1384,0.1384,completed
21,known_visit,ACBBA,ideal,1.0,14,196,4,10,acbba_g14_d50_ideal,reruns\grid_density\scenarios\cv\known_visit_grid14_targets10_trials50.csv,00,12,2,1,12,1,0,0,0,0,0.0,0,0,53,26,27,143,0,6,1.4784000000000002,0.24640000000000004,0.2083,0.4023,0.4023,0.9721,0.16201666666666667,0.12575,0.3072,0.3072,6,0.5063,0.08438333333333332,0.0852,0.0951,0.0951,completed
21,known_visit,ACBBA,ideal,1.0,14,196,4,10,acbba_g14_d50_ideal,reruns\grid_density\scenarios\cv\known_visit_grid14_targets10_trials50.csv,01,11,3,0,12,0,3,0,0,0,0.0,0,0,52,24,28,143,0,9,2.284,0.25377777777777777,0.2174,0.4454,0.4454,1.5254,0.1694888888888889,0.1449,0.34,0.34,9,0.7586,0.0842888888888889,0.0864,0.1054,0.1054,completed
21,known_visit,ACBBA,ideal,1.0,14,196,4,10,acbba_g14_d50_ideal,reruns\grid_density\scenarios\cv\known_visit_grid14_targets10_trials50.csv,02,6,2,0,7,0,0,0,0,0,0.0,0,0,40,14,26,155,0,21,4.0691,0.19376666666666664,0.1807,0.3258,0.4027,2.3679,0.11275714285714286,0.0978,0.2358,0.306,21,1.7012,0.08100952380952381,0.0819,0.0967,0.1211,completed
21,known_visit,ACBBA,ideal,1.0,14,196,4,10,acbba_g14_d50_ideal,reruns\grid_density\scenarios\cv\known_visit_grid14_targets10_trials50.csv,03,11,3,0,12,0,0,0,0,0,0.0,0,0,51,24,27,144,0,9,2.0007,0.22230000000000003,0.1896,0.4144,0.4144,1.2811,0.14234444444444444,0.1142,0.3202,0.3202,9,0.7196,0.07995555555555556,0.0843,0.0942,0.0942,completed
22,known_visit,ACBBA,ideal,1.0,14,196,4,10,acbba_g14_d50_ideal,reruns\grid_density\scenarios\cv\known_visit_grid14_targets10_trials50.csv,00,9,1,0,10,0,0,0,0,0,0.0,0,0,47,20,27,155,0,28,4.4704,0.15965714285714286,0.12845,0.4071,0.4454,2.5018,0.08935,0.062200000000000005,0.3149,0.3252,28,1.9686,0.07030714285714286,0.0643,0.0984,0.1202,completed
22,known_visit,ACBBA,ideal,1.0,14,196,4,10,acbba_g14_d50_ideal,reruns\grid_density\scenarios\cv\known_visit_grid14_targets10_trials50.csv,01,12,4,0,13,0,1,0,0,0,0.0,0,0,53,26,27,149,0,19,3.3003,0.1737,0.1268,0.3888,0.3888,1.9067,0.10035263157894737,0.0614,0.2908,0.2908,19,1.3936,0.07334736842105263,0.0666,0.1216,0.1216,completed
22,known_visit,ACBBA,ideal,1.0,14,196,4,10,acbba_g14_d50_ideal,reruns\grid_density\scenarios\cv\known_visit_grid14_targets10_trials50.csv,02,16,3,0,17,0,0,0,0,0,0.0,0,0,60,33,27,143,0,8,1.8414000000000001,0.23017500000000002,0.1809,0.4444,0.4444,1.1615,0.1451875,0.10389999999999999,0.335,0.335,8,0.6799000000000001,0.08498750000000001,0.08445,0.1094,0.1094,completed
22,known_visit,ACBBA,ideal,1.0,14,196,4,10,acbba_g14_d50_ideal,reruns\grid_density\scenarios\cv\known_visit_grid14_targets10_trials50.csv,03,7,2,0,8,0,0,0,0,0,0.0,0,0,43,16,27,159,0,33,5.6449,0.17105757575757574,0.1314,0.3437,0.4004,3.1005,0.09395454545454544,0.0648,0.2386,0.3049,33,2.5444,0.0771030303030303,0.066,0.1223,0.1699,completed
23,known_visit,ACBBA,ideal,1.0,14,196,4,10,acbba_g14_d50_ideal,reruns\grid_density\scenarios\cv\known_visit_grid14_targets10_trials50.csv,00,13,0,0,14,0,2,0,0,0,0.0,0,0,72,28,44,217,0,18,5.681,0.3156111111111111,0.23404999999999998,0.6534,0.6534,3.5657,0.19809444444444446,0.11735000000000001,0.4679,0.4679,18,2.1153,0.11751666666666666,0.1099,0.1855,0.1855,completed
23,known_visit,ACBBA,ideal,1.0,14,196,4,10,acbba_g14_d50_ideal,reruns\grid_density\scenarios\cv\known_visit_grid14_targets10_trials50.csv,01,16,4,0,17,0,1,0,0,0,0.0,0,0,76,33,43,214,0,10,3.941,0.3941,0.41600000000000004,0.5866,0.5866,2.6593,0.26593,0.27154999999999996,0.4524,0.4524,10,1.2817,0.12817,0.133,0.1685,0.1685,completed
23,known_visit,ACBBA,ideal,1.0,14,196,4,10,acbba_g14_d50_ideal,reruns\grid_density\scenarios\cv\known_visit_grid14_targets10_trials50.csv,02,13,2,0,14,0,2,0,0,0,0.0,0,0,67,28,39,222,0,16,5.1478,0.3217375,0.2262,0.5823,0.5823,3.3382,0.2086375,0.12135,0.4459,0.4459,16,1.8095999999999999,0.11309999999999999,0.10485,0.1366,0.1366,completed
23,known_visit,ACBBA,ideal,1.0,14,196,4,10,acbba_g14_d50_ideal,reruns\grid_density\scenarios\cv\known_visit_grid14_targets10_trials50.csv,03,16,4,0,17,0,1,0,0,0,0.0,0,0,75,33,42,214,0,9,3.7540999999999998,0.41712222222222217,0.4448,0.7247,0.7247,2.6250999999999998,0.29167777777777776,0.3067,0.5746,0.5746,9,1.129,0.12544444444444444,0.126,0.1501,0.1501,completed
24,known_visit,ACBBA,ideal,1.0,14,196,4,10,acbba_g14_d50_ideal,reruns\grid_density\scenarios\cv\known_visit_grid14_targets10_trials50.csv,00,7,1,0,8,0,0,0,0,0,0.0,0,0,44,16,28,182,0,35,9.2829,0.2652257142857143,0.2201,0.5237,0.5779,5.3075,0.15164285714285713,0.1133,0.3936,0.4498,35,3.9754,0.11358285714285714,0.1048,0.1719,0.1754,completed
24,known_visit,ACBBA,ideal,1.0,14,196,4,10,acbba_g14_d50_ideal,reruns\grid_density\scenarios\cv\known_visit_grid14_targets10_trials50.csv,01,16,3,0,17,0,0,0,0,0,0.0,0,0,64,33,31,163,0,9,3.3032,0.3670222222222222,0.3344,0.587,0.587,2.2264,0.24737777777777778,0.2161,0.442,0.442,9,1.0768,0.11964444444444444,0.1264,0.1585,0.1585,completed
24,known_visit,ACBBA,ideal,1.0,14,196,4,10,acbba_g14_d50_ideal,reruns\grid_density\scenarios\cv\known_visit_grid14_targets10_trials50.csv,02,16,3,0,17,0,1,0,0,0,0.0,0,0,66,33,33,160,0,7,2.6839,0.3834142857142857,0.3397,0.6084,0.6084,1.8114,0.25877142857142854,0.2326,0.4752,0.4752,7,0.8725,0.12464285714285715,0.1268,0.1569,0.1569,completed
24,known_visit,ACBBA,ideal,1.0,14,196,4,10,acbba_g14_d50_ideal,reruns\grid_density\scenarios\cv\known_visit_grid14_targets10_trials50.csv,03,11,3,0,12,0,0,0,0,0,0.0,0,0,53,24,29,173,0,21,5.3308,0.25384761904761904,0.2032,0.5477,0.6679,3.0386,0.1446952380952381,0.102,0.4191,0.4901,21,2.2922,0.10915238095238095,0.1006,0.1286,0.1778,completed
25,known_visit,ACBBA,ideal,1.0,14,196,4,10,acbba_g14_d50_ideal,reruns\grid_density\scenarios\cv\known_visit_grid14_targets10_trials50.csv,00,10,2,0,11,0,0,0,0,0,0.0,0,0,50,22,28,164,0,28,4.8281,0.17243214285714287,0.14145,0.3158,0.6029,2.6198,0.09356428571428572,0.07039999999999999,0.2283,0.4703,28,2.2083,0.07886785714285714,0.07085,0.0974,0.1326,completed
25,known_visit,ACBBA,ideal,1.0,14,196,4,10,acbba_g14_d50_ideal,reruns\grid_density\scenarios\cv\known_visit_grid14_targets10_trials50.csv,01,17,4,0,18,0,0,0,0,0,0.0,0,0,65,35,30,150,0,10,2.712,0.2712,0.227,0.6001,0.6001,1.7824,0.17824,0.1305,0.4829,0.4829,10,0.9296,0.09296,0.0885,0.1391,0.1391,completed
25,known_visit,ACBBA,ideal,1.0,14,196,4,10,acbba_g14_d50_ideal,reruns\grid_density\scenarios\cv\known_visit_grid14_targets10_trials50.csv,02,8,1,0,9,0,1,0,0,0,0.0,0,0,47,18,29,167,0,36,6.5385,0.181625,0.15225,0.414,0.6254,3.5974,0.09992777777777778,0.0784,0.3198,0.4797,36,2.9411,0.08169722222222223,0.07139999999999999,0.1457,0.2113,completed
25,known_visit,ACBBA,ideal,1.0,14,196,4,10,acbba_g14_d50_ideal,reruns\grid_density\scenarios\cv\known_visit_grid14_targets10_trials50.csv,03,11,3,0,12,0,0,0,0,0,0.0,0,0,53,24,29,161,0,26,4.8778,0.1876076923076923,0.15325,0.3859,0.6864,2.7835,0.10705769230769231,0.0749,0.2926,0.5566,26,2.0943,0.08055,0.07269999999999999,0.1163,0.1298,completed
26,known_visit,ACBBA,ideal,1.0,14,196,4,10,acbba_g14_d50_ideal,reruns\grid_density\scenarios\cv\known_visit_grid14_targets10_trials50.csv,00,19,5,0,20,0,0,0,0,0,0.0,0,0,74,39,35,188,0,11,3.3967,0.3087909090909091,0.233,0.6515,0.6515,2.3181000000000003,0.21073636363636367,0.1149,0.5096,0.5096,11,1.0786,0.09805454545454545,0.0858,0.1448,0.1448,completed
26,known_visit,ACBBA,ideal,1.0,14,196,4,10,acbba_g14_d50_ideal,reruns\grid_density\scenarios\cv\known_visit_grid14_targets10_trials50.csv,01,11,2,0,12,0,0,0,0,0,0.0,0,0,58,24,34,203,0,29,5.7141,0.19703793103448278,0.1486,0.6232,0.6348,3.4613,0.1193551724137931,0.0772,0.4721,0.4776,29,2.2528,0.07768275862068966,0.07,0.1511,0.1572,completed
26,known_visit,ACBBA,ideal,1.0,14,196,4,10,acbba_g14_d50_ideal,reruns\grid_density\scenarios\cv\known_visit_grid14_targets10_trials50.csv,02,13,1,0,14,0,1,0,0,0,0.0,0,0,60,28,32,201,0,28,5.8704,0.20965714285714285,0.14315,0.595,0.6129,3.6619,0.13078214285714287,0.07305,0.4665,0.4821,28,2.2085,0.078875,0.07035,0.1295,0.1308,completed
26,known_visit,ACBBA,ideal,1.0,14,196,4,10,acbba_g14_d50_ideal,reruns\grid_density\scenarios\cv\known_visit_grid14_targets10_trials50.csv,03,18,2,0,19,0,1,1,1,0,0.0,0,0,70,38,32,191,0,11,3.4981,0.3180090909090909,0.2086,0.7009,0.7009,2.3427000000000002,0.21297272727272729,0.1003,0.5701,0.5701,11,1.1554,0.10503636363636364,0.0872,0.1578,0.1578,completed
27,known_visit,ACBBA,ideal,1.0,14,196,4,10,acbba_g14_d50_ideal,reruns\grid_density\scenarios\cv\known_visit_grid14_targets10_trials50.csv,00,10,2,0,11,0,0,0,0,0,0.0,0,0,54,22,32,171,0,18,3.2771,0.18206111111111112,0.13285,0.3802,0.3802,1.9739,0.10966111111111111,0.0665,0.29,0.29,18,1.3032,0.07239999999999999,0.0649,0.1019,0.1019,completed
27,known_visit,ACBBA,ideal,1.0,14,196,4,10,acbba_g14_d50_ideal,reruns\grid_density\scenarios\cv\known_visit_grid14_targets10_trials50.csv,01,14,4,0,15,0,0,0,0,0,0.0,0,0,65,29,36,161,0,10,2.4556,0.24556,0.23825000000000002,0.3861,0.3861,1.6375,0.16375,0.16294999999999998,0.2937,0.2937,10,0.8181,0.08181000000000001,0.08324999999999999,0.0924,0.0924,completed
27,known_visit,ACBBA,ideal,1.0,14,196,4,10,acbba_g14_d50_ideal,reruns\grid_density\scenarios\cv\known_visit_grid14_targets10_trials50.csv,02,13,3,0,14,0,0,0,0,0,0.0,0,0,54,27,27,171,0,7,1.7772,0.25388571428571427,0.2575,0.4074,0.4074,1.1978,0.17111428571428572,0.1775,0.3076,0.3076,7,0.5794,0.08277142857142858,0.08,0.0998,0.0998,completed
27,known_visit,ACBBA,ideal,1.0,14,196,4,10,acbba_g14_d50_ideal,reruns\grid_density\scenarios\cv\known_visit_grid14_targets10_trials50.csv,03,9,1,0,10,0,2,0,0,0,0.0,0,0,53,20,33,172,0,24,4.4296,0.18456666666666666,0.14135,0.3637,0.3786,2.6184,0.10909999999999999,0.0678,0.2736,0.288,24,1.8112,0.07546666666666667,0.0663,0.1075,0.1147,completed
28,known_visit,ACBBA,ideal,1.0,14,196,4,10,acbba_g14_d50_ideal,reruns\grid_density\scenarios\cv\known_visit_grid14_targets10_trials50.csv,00,17,2,0,18,0,1,0,0,0,0.0,0,0,73,36,37,205,0,25,4.6417,0.185668,0.1416,0.3197,0.6316,2.7212,0.108848,0.0667,0.2303,0.4805,25,1.9205,0.07682,0.0736,0.0934,0.1511,completed
28,known_visit,ACBBA,ideal,1.0,14,196,4,10,acbba_g14_d50_ideal,reruns\grid_density\scenarios\cv\known_visit_grid14_targets10_trials50.csv,01,7,2,0,8,0,2,0,0,0,0.0,0,0,57,18,39,221,0,55,8.8182,0.16033090909090908,0.144,0.3334,0.3953,4.8524,0.08822545454545455,0.0732,0.243,0.3024,55,3.9657999999999998,0.07210545454545454,0.0695,0.0904,0.0992,completed
28,known_visit,ACBBA,ideal,1.0,14,196,4,10,acbba_g14_d50_ideal,reruns\grid_density\scenarios\cv\known_visit_grid14_targets10_trials50.csv,02,15,2,0,16,0,1,0,0,0,0.0,0,0,73,33,40,205,0,31,5.1646,0.1666,0.1399,0.3307,0.3883,2.9126,0.09395483870967741,0.067,0.2351,0.2975,31,2.252,0.07264516129032257,0.0704,0.0909,0.0956,completed
28,known_visit,ACBBA,ideal,1.0,14,196,4,10,acbba_g14_d50_ideal,reruns\grid_density\scenarios\cv\known_visit_grid14_targets10_trials50.csv,03,17,4,0,18,0,0,0,0,0,0.0,0,0,76,36,40,203,0,26,4.3547,0.16748846153846156,0.14515,0.3183,0.4094,2.4484,0.09416923076923077,0.07264999999999999,0.2302,0.3083,26,1.9063,0.07331923076923078,0.06975,0.095,0.1011,completed
29,known_visit,ACBBA,ideal,1.0,14,196,4,10,acbba_g14_d50_ideal,reruns\grid_density\scenarios\cv\known_visit_grid14_targets10_trials50.csv,00,10,1,0,11,0,1,0,0,0,0.0,0,0,75,24,51,262,0,43,10.626900000000001,0.2471372093023256,0.2155,0.4322,0.5905,5.8883,0.13693720930232559,0.1117,0.2902,0.4579,43,4.7386,0.11019999999999999,0.1019,0.142,0.2679,completed
29,known_visit,ACBBA,ideal,1.0,14,196,4,10,acbba_g14_d50_ideal,reruns\grid_density\scenarios\cv\known_visit_grid14_targets10_trials50.csv,01,21,4,0,22,0,0,2,2,0,0.0,0,0,97,45,52,241,0,14,5.3362,0.38115714285714286,0.34255,0.7857,0.7857,3.8024,0.2716,0.2364,0.6435,0.6435,14,1.5338,0.10955714285714287,0.10615,0.1422,0.1422,completed
29,known_visit,ACBBA,ideal,1.0,14,196,4,10,acbba_g14_d50_ideal,reruns\grid_density\scenarios\cv\known_visit_grid14_targets10_trials50.csv,02,17,3,0,18,0,2,0,0,0,0.0,0,0,89,36,53,248,0,27,7.823,0.28974074074074074,0.2524,0.5626,0.5652,4.8681,0.18030000000000002,0.1501,0.4313,0.4401,27,2.9549,0.10944074074074074,0.1023,0.1316,0.2275,completed
29,known_visit,ACBBA,ideal,1.0,14,196,4,10,acbba_g14_d50_ideal,reruns\grid_density\scenarios\cv\known_visit_grid14_targets10_trials50.csv,03,14,2,0,15,0,0,0,0,0,0.0,0,0,77,31,46,260,0,32,7.6003,0.237509375,0.21435,0.4074,0.7078,4.292,0.134125,0.10819999999999999,0.2868,0.5829,32,3.3083,0.103384375,0.10339999999999999,0.1278,0.1331,completed
30,known_visit,ACBBA,ideal,1.0,14,196,4,10,acbba_g14_d50_ideal,reruns\grid_density\scenarios\cv\known_visit_grid14_targets10_trials50.csv,00,8,1,0,9,0,0,0,0,0,0.0,0,0,47,18,29,174,0,28,5.2855,0.18876785714285713,0.17595,0.3847,0.4645,2.9949,0.10696071428571428,0.09435,0.286,0.3334,28,2.2906,0.08180714285714286,0.0821,0.0987,0.1311,completed
30,known_visit,ACBBA,ideal,1.0,14,196,4,10,acbba_g14_d50_ideal,reruns\grid_density\scenarios\cv\known_visit_grid14_targets10_trials50.csv,01,16,3,0,17,0,1,0,0,0,0.0,0,0,62,33,29,160,0,10,2.296,0.22959999999999997,0.16935,0.3973,0.3973,1.473,0.14730000000000001,0.0935,0.302,0.302,10,0.823,0.0823,0.08415,0.0987,0.0987,completed
30,known_visit,ACBBA,ideal,1.0,14,196,4,10,acbba_g14_d50_ideal,reruns\grid_density\scenarios\cv\known_visit_grid14_targets10_trials50.csv,02,15,3,0,16,0,0,0,0,0,0.0,0,0,57,31,26,164,0,8,1.8692,0.23365,0.18819999999999998,0.398,0.398,1.1687,0.1460875,0.1089,0.3021,0.3021,8,0.7005,0.0875625,0.0916,0.0959,0.0959,completed
30,known_visit,ACBBA,ideal,1.0,14,196,4,10,acbba_g14_d50_ideal,reruns\grid_density\scenarios\cv\known_visit_grid14_targets10_trials50.csv,03,13,3,0,14,0,0,0,0,0,0.0,0,0,56,28,28,165,0,14,2.7849,0.19892142857142855,0.1507,0.3865,0.3865,1.6661,0.11900714285714285,0.06805,0.2914,0.2914,14,1.1188,0.07991428571428572,0.0791,0.0975,0.0975,completed
31,known_visit,ACBBA,ideal,1.0,14,196,4,10,acbba_g14_d50_ideal,reruns\grid_density\scenarios\cv\known_visit_grid14_targets10_trials50.csv,00,20,2,2,19,2,1,0,0,0,0.0,0,0,90,42,48,275,0,8,2.7884,0.34855,0.3559,0.4948,0.4948,1.8904,0.2363,0.23765,0.3866,0.3866,8,0.898,0.11225,0.11055000000000001,0.1373,0.1373,completed
31,known_visit,ACBBA,ideal,1.0,14,196,4,10,acbba_g14_d50_ideal,reruns\grid_density\scenarios\cv\known_visit_grid14_targets10_trials50.csv,01,14,3,0,15,0,4,0,0,0,0.0,0,0,87,31,56,277,0,29,8.031,0.27693103448275863,0.2319,0.4714,0.5369,4.9714,0.17142758620689655,0.122,0.3429,0.4108,29,3.0596,0.10550344827586207,0.103,0.1272,0.1285,completed
31,known_visit,ACBBA,ideal,1.0,14,196,4,10,acbba_g14_d50_ideal,reruns\grid_density\scenarios\cv\known_visit_grid14_targets10_trials50.csv,02,16,3,0,17,0,3,1,1,0,0.0,0,0,93,35,58,271,0,26,7.9811,0.3069653846153846,0.26370000000000005,0.5564,0.6212,5.1207,0.19695000000000001,0.1608,0.4274,0.4863,26,2.8604,0.11001538461538461,0.10605,0.1349,0.1409,completed
31,known_visit,ACBBA,ideal,1.0,14,196,4,10,acbba_g14_d50_ideal,reruns\grid_density\scenarios\cv\known_visit_grid14_targets10_trials50.csv,03,15,2,0,16,0,2,2,1,1,5.0,1,0,95,35,60,269,0,26,7.478,0.2876153846153846,0.26139999999999997,0.4771,0.5346,4.6555,0.1790576923076923,0.15775,0.3174,0.406,26,2.8225000000000002,0.10855769230769231,0.10405,0.1286,0.1788,completed
32,known_visit,ACBBA,ideal,1.0,14,196,4,10,acbba_g14_d50_ideal,reruns\grid_density\scenarios\cv\known_visit_grid14_targets10_trials50.csv,00,12,4,0,13,0,0,0,0,0,0.0,0,0,53,26,27,167,0,15,3.4028,0.22685333333333332,0.1483,0.7562,0.7562,2.145,0.143,0.0709,0.6044,0.6044,15,1.2578,0.08385333333333334,0.0682,0.1518,0.1518,completed
32,known_visit,ACBBA,ideal,1.0,14,196,4,10,acbba_g14_d50_ideal,reruns\grid_density\scenarios\cv\known_visit_grid14_targets10_trials50.csv,01,15,3,0,16,0,0,0,0,0,0.0,0,0,59,31,28,162,0,10,2.4727,0.24727000000000002,0.20015,0.5595,0.5595,1.5486,0.15486,0.0891,0.4263,0.4263,10,0.9241,0.09241,0.09054999999999999,0.135,0.135,completed
32,known_visit,ACBBA,ideal,1.0,14,196,4,10,acbba_g14_d50_ideal,reruns\grid_density\scenarios\cv\known_visit_grid14_targets10_trials50.csv,02,10,2,0,11,0,0,2,1,0,0.0,0,0,53,24,29,167,0,21,4.7711,0.2271952380952381,0.1424,0.5847,0.6563,3.0284,0.14420952380952382,0.0725,0.4495,0.4654,21,1.7427,0.08298571428571429,0.0695,0.1352,0.1909,completed
32,known_visit,ACBBA,ideal,1.0,14,196,4,10,acbba_g14_d50_ideal,reruns\grid_density\scenarios\cv\known_visit_grid14_targets10_trials50.csv,03,11,1,0,12,0,1,2,1,1,5.0,1,0,56,26,30,164,0,18,4.4646,0.24803333333333333,0.1462,0.6472,0.6472,2.9421,0.16344999999999998,0.0703,0.5171,0.5171,18,1.5225,0.08458333333333333,0.07064999999999999,0.1363,0.1363,completed
33,known_visit,ACBBA,ideal,1.0,14,196,4,10,acbba_g14_d50_ideal,reruns\grid_density\scenarios\cv\known_visit_grid14_targets10_trials50.csv,00,14,4,0,15,0,0,0,0,0,0.0,0,0,60,29,31,165,0,8,2.2473,0.2809125,0.24745,0.6063,0.6063,1.5295,0.1911875,0.16895,0.4591,0.4591,8,0.7178,0.089725,0.08710000000000001,0.1472,0.1472,completed
33,known_visit,ACBBA,ideal,1.0,14,196,4,10,acbba_g14_d50_ideal,reruns\grid_density\scenarios\cv\known_visit_grid14_targets10_trials50.csv,01,12,2,0,13,0,0,0,0,0,0.0,0,0,55,26,29,169,0,9,1.907,0.2118888888888889,0.1446,0.3902,0.3902,1.2289,0.13654444444444447,0.0792,0.2983,0.2983,9,0.6781,0.07534444444444445,0.0664,0.0971,0.0971,completed
33,known_visit,ACBBA,ideal,1.0,14,196,4,10,acbba_g14_d50_ideal,reruns\grid_density\scenarios\cv\known_visit_grid14_targets10_trials50.csv,02,13,3,0,14,0,0,0,0,0,0.0,0,0,55,27,28,169,0,7,2.1899,0.31284285714285714,0.2821,0.6703,0.6703,1.5013999999999998,0.21448571428571425,0.1987,0.5123,0.5123,7,0.6885,0.09835714285714285,0.0882,0.158,0.158,completed
33,known_visit,ACBBA,ideal,1.0,14,196,4,10,acbba_g14_d50_ideal,reruns\grid_density\scenarios\cv\known_visit_grid14_targets10_trials50.csv,03,12,1,0,13,0,1,0,0,0,0.0,0,0,55,26,29,169,0,12,2.6318,0.2193166666666667,0.15835,0.6125,0.6125,1.6134,0.13445,0.07405,0.4592,0.4592,12,1.0184,0.08486666666666666,0.07925,0.1533,0.1533,completed
34,known_visit,ACBBA,ideal,1.0,14,196,4,10,acbba_g14_d50_ideal,reruns\grid_density\scenarios\cv\known_visit_grid14_targets10_trials50.csv,00,14,3,0,15,0,0,1,1,0,0.0,0,0,63,31,32,171,0,11,4.5911,0.4173727272727273,0.4478,0.6767,0.6767,3.2776,0.2979636363636364,0.3289,0.5424,0.5424,11,1.3135,0.1194090909090909,0.1189,0.1372,0.1372,completed
34,known_visit,ACBBA,ideal,1.0,14,196,4,10,acbba_g14_d50_ideal,reruns\grid_density\scenarios\cv\known_visit_grid14_targets10_trials50.csv,01,9,3,0,10,0,0,0,0,0,0.0,0,0,54,20,34,180,0,28,8.53,0.3046428571428571,0.2359,0.6303,0.6519,5.3509,0.19110357142857143,0.12485,0.4963,0.5032,28,3.1791,0.11353928571428572,0.10965,0.1394,0.1487,completed
34,known_visit,ACBBA,ideal,1.0,14,196,4,10,acbba_g14_d50_ideal,reruns\grid_density\scenarios\cv\known_visit_grid14_targets10_trials50.csv,02,8,2,0,9,0,0,0,0,0,0.0,0,0,51,18,33,183,0,26,7.0399,0.27076538461538463,0.23249999999999998,0.5966,0.6112,4.144,0.1593846153846154,0.1231,0.466,0.4814,26,2.8959,0.11138076923076924,0.10815,0.1453,0.1498,completed
34,known_visit,ACBBA,ideal,1.0,14,196,4,10,acbba_g14_d50_ideal,reruns\grid_density\scenarios\cv\known_visit_grid14_targets10_trials50.csv,03,16,2,0,17,0,1,0,0,0,0.0,0,0,67,33,34,168,0,9,3.3965,0.3773888888888889,0.28,0.6731,0.6731,2.3391,0.2599,0.1824,0.5385,0.5385,9,1.0574,0.11748888888888888,0.1185,0.1346,0.1346,completed
35,known_visit,ACBBA,ideal,1.0,14,196,4,10,acbba_g14_d50_ideal,reruns\grid_density\scenarios\cv\known_visit_grid14_targets10_trials50.csv,00,18,4,0,19,0,0,0,0,0,0.0,0,0,68,37,31,158,0,7,1.7727,0.25324285714285716,0.2165,0.4327,0.4327,1.1654,0.1664857142857143,0.136,0.3121,0.3121,7,0.6073,0.08675714285714285,0.0828,0.1206,0.1206,completed
35,known_visit,ACBBA,ideal,1.0,14,196,4,10,acbba_g14_d50_ideal,reruns\grid_density\scenarios\cv\known_visit_grid14_targets10_trials50.csv,01,6,1,0,7,0,1,0,0,0,0.0,0,0,44,14,30,181,0,44,7.6311,0.1734340909090909,0.16385,0.2949,0.3915,4.1866,0.09515000000000001,0.08485000000000001,0.2114,0.2856,44,3.4445,0.07828409090909091,0.07985,0.0965,0.1079,completed
35,known_visit,ACBBA,ideal,1.0,14,196,4,10,acbba_g14_d50_ideal,reruns\grid_density\scenarios\cv\known_visit_grid14_targets10_trials50.csv,02,10,2,0,11,0,0,0,0,0,0.0,0,0,54,22,32,171,0,32,5.533,0.17290625,0.1607,0.3773,0.3854,3.1041,0.097003125,0.0814,0.2872,0.2935,32,2.4289,0.075903125,0.07625,0.0912,0.0919,completed
35,known_visit,ACBBA,ideal,1.0,14,196,4,10,acbba_g14_d50_ideal,reruns\grid_density\scenarios\cv\known_visit_grid14_targets10_trials50.csv,03,15,3,0,16,0,0,0,0,0,0.0,0,0,60,32,28,165,0,16,2.8261,0.17663125,0.14105,0.391,0.391,1.6188,0.101175,0.0626,0.3025,0.3025,16,1.2073,0.07545625,0.0741,0.0927,0.0927,completed
36,known_visit,ACBBA,ideal,1.0,14,196,4,10,acbba_g14_d50_ideal,reruns\grid_density\scenarios\cv\known_visit_grid14_targets10_trials50.csv,00,19,3,0,20,0,0,0,0,0,0.0,0,0,77,39,38,193,0,10,3.17,0.317,0.2988,0.443,0.443,2.0651,0.20651000000000003,0.1968,0.3349,0.3349,10,1.1049,0.11049,0.10625000000000001,0.1546,0.1546,completed
36,known_visit,ACBBA,ideal,1.0,14,196,4,10,acbba_g14_d50_ideal,reruns\grid_density\scenarios\cv\known_visit_grid14_targets10_trials50.csv,01,9,3,0,10,0,1,0,0,0,0.0,0,0,65,22,43,204,0,40,9.8646,0.24661499999999997,0.2115,0.4194,0.556,5.6955,0.1423875,0.10414999999999999,0.3144,0.3972,40,4.1691,0.1042275,0.1,0.1209,0.1588,completed
36,known_visit,ACBBA,ideal,1.0,14,196,4,10,acbba_g14_d50_ideal,reruns\grid_density\scenarios\cv\known_visit_grid14_targets10_trials50.csv,02,14,3,0,15,0,2,0,0,0,0.0,0,0,72,30,42,197,0,23,5.5817,0.24268260869565217,0.1974,0.4048,0.4567,3.2855,0.1428478260869565,0.0914,0.3154,0.3317,23,2.2962,0.09983478260869565,0.0956,0.125,0.1346,completed
36,known_visit,ACBBA,ideal,1.0,14,196,4,10,acbba_g14_d50_ideal,reruns\grid_density\scenarios\cv\known_visit_grid14_targets10_trials50.csv,03,8,1,0,9,0,2,0,0,0,0.0,0,0,56,18,38,213,0,42,9.8286,0.2340142857142857,0.21525,0.3936,0.4324,5.2359,0.12466428571428571,0.10865,0.287,0.3134,42,4.5927,0.10934999999999999,0.1019,0.1473,0.2101,completed
37,known_visit,ACBBA,ideal,1.0,14,196,4,10,acbba_g14_d50_ideal,reruns\grid_density\scenarios\cv\known_visit_grid14_targets10_trials50.csv,00,21,3,0,22,0,0,0,0,0,0.0,0,0,83,43,40,197,0,8,2.6843,0.3355375,0.3049,0.5756,0.5756,1.7461,0.2182625,0.1983,0.4489,0.4489,8,0.9382,0.117275,0.11595,0.1486,0.1486,completed
37,known_visit,ACBBA,ideal,1.0,14,196,4,10,acbba_g14_d50_ideal,reruns\grid_density\scenarios\cv\known_visit_grid14_targets10_trials50.csv,01,12,2,0,13,0,1,0,0,0,0.0,0,0,63,27,36,216,0,38,7.7852,0.20487368421052632,0.17325000000000002,0.5541,0.558,4.1822,0.1100578947368421,0.0804,0.4218,0.4322,38,3.603,0.09481578947368421,0.09085,0.1323,0.2447,completed
37,known_visit,ACBBA,ideal,1.0,14,196,4,10,acbba_g14_d50_ideal,reruns\grid_density\scenarios\cv\known_visit_grid14_targets10_trials50.csv,02,11,1,0,12,0,1,1,1,0,0.0,0,0,66,26,40,213,0,42,10.0244,0.2386761904761905,0.1769,0.4887,0.6198,5.9938,0.14270952380952381,0.08245,0.3665,0.4779,42,4.0306,0.09596666666666666,0.09255,0.133,0.148,completed
37,known_visit,ACBBA,ideal,1.0,14,196,4,10,acbba_g14_d50_ideal,reruns\grid_density\scenarios\cv\known_visit_grid14_targets10_trials50.csv,03,11,4,0,12,0,0,0,0,0,0.0,0,0,68,26,42,211,0,43,10.1305,0.23559302325581394,0.1717,0.4903,0.686,6.109,0.14206976744186048,0.0808,0.3702,0.5586,43,4.0215,0.09352325581395347,0.0914,0.1227,0.1274,completed
38,known_visit,ACBBA,ideal,1.0,14,196,4,10,acbba_g14_d50_ideal,reruns\grid_density\scenarios\cv\known_visit_grid14_targets10_trials50.csv,00,17,3,0,18,0,1,0,0,0,0.0,0,0,70,36,34,183,0,11,2.8372,0.2579272727272727,0.2767,0.4256,0.4256,1.7844,0.16221818181818182,0.1385,0.3285,0.3285,11,1.0528,0.09570909090909091,0.0915,0.1823,0.1823,completed
38,known_visit,ACBBA,ideal,1.0,14,196,4,10,acbba_g14_d50_ideal,reruns\grid_density\scenarios\cv\known_visit_grid14_targets10_trials50.csv,01,11,2,0,12,0,0,0,0,0,0.0,0,0,57,24,33,196,0,32,5.96,0.18625,0.1598,0.3874,0.5846,3.4483,0.107759375,0.08324999999999999,0.2948,0.4402,32,2.5117,0.078490625,0.0756,0.1074,0.1444,completed
38,known_visit,ACBBA,ideal,1.0,14,196,4,10,acbba_g14_d50_ideal,reruns\grid_density\scenarios\cv\known_visit_grid14_targets10_trials50.csv,02,19,4,0,19,1,0,0,0,0,0.0,0,0,74,39,35,180,0,9,2.3348,0.2594222222222222,0.2909,0.4146,0.4146,1.5444,0.1716,0.1896,0.3213,0.3213,9,0.7904,0.08782222222222222,0.0912,0.1354,0.1354,completed
38,known_visit,ACBBA,ideal,1.0,14,196,4,10,acbba_g14_d50_ideal,reruns\grid_density\scenarios\cv\known_visit_grid14_targets10_trials50.csv,03,9,1,0,10,0,1,0,0,0,0.0,0,0,53,20,33,200,0,38,6.9653,0.18329736842105263,0.1626,0.3874,0.4056,4.0003,0.10527105263157895,0.08785000000000001,0.2874,0.3041,38,2.965,0.07802631578947368,0.07494999999999999,0.0978,0.1182,completed
39,known_visit,ACBBA,ideal,1.0,14,196,4,10,acbba_g14_d50_ideal,reruns\grid_density\scenarios\cv\known_visit_grid14_targets10_trials50.csv,00,15,1,0,16,0,2,0,0,0,0.0,0,0,68,32,36,200,0,11,3.2334,0.29394545454545457,0.2771,0.5269,0.5269,2.0563,0.18693636363636362,0.1806,0.3881,0.3881,11,1.1771,0.10700909090909091,0.1067,0.1388,0.1388,completed
39,known_visit,ACBBA,ideal,1.0,14,196,4,10,acbba_g14_d50_ideal,reruns\grid_density\scenarios\cv\known_visit_grid14_targets10_trials50.csv,01,11,2,0,12,0,0,0,0,0,0.0,0,0,59,24,35,209,0,21,5.269,0.2509047619047619,0.2158,0.419,0.5196,3.0843,0.14687142857142857,0.1141,0.2951,0.4219,21,2.1847,0.10403333333333332,0.1014,0.1157,0.1287,completed
39,known_visit,ACBBA,ideal,1.0,14,196,4,10,acbba_g14_d50_ideal,reruns\grid_density\scenarios\cv\known_visit_grid14_targets10_trials50.csv,02,14,3,0,14,1,2,3,3,0,0.0,0,0,71,32,39,197,0,10,3.5697,0.35697,0.36219999999999997,0.5632,0.5632,2.4732,0.24731999999999998,0.26155,0.4314,0.4314,10,1.0965,0.10965,0.11015,0.1318,0.1318,completed
39,known_visit,ACBBA,ideal,1.0,14,196,4,10,acbba_g14_d50_ideal,reruns\grid_density\scenarios\cv\known_visit_grid14_targets10_trials50.csv,03,16,4,0,17,0,2,0,0,0,0.0,0,0,71,33,38,198,0,9,3.3582,0.3731333333333333,0.3643,0.5359,0.5359,2.3443,0.2604777777777778,0.2437,0.408,0.408,9,1.0139,0.11265555555555556,0.1138,0.1284,0.1284,completed
40,known_visit,ACBBA,ideal,1.0,14,196,4,10,acbba_g14_d50_ideal,reruns\grid_density\scenarios\cv\known_visit_grid14_targets10_trials50.csv,00,11,1,0,12,0,0,0,0,0,0.0,0,0,68,24,44,234,0,44,10.9926,0.24983181818181818,0.20065,0.4968,0.6826,5.8685,0.133375,0.09775,0.3721,0.5561,44,5.1241,0.11645681818181819,0.1004,0.2208,0.3373,completed
40,known_visit,ACBBA,ideal,1.0,14,196,4,10,acbba_g14_d50_ideal,reruns\grid_density\scenarios\cv\known_visit_grid14_targets10_trials50.csv,01,11,3,0,11,1,1,0,0,0,0.0,0,0,75,24,51,227,0,43,10.8198,0.2516232558139535,0.1986,0.5422,0.5938,6.3259,0.14711395348837208,0.0981,0.4158,0.4631,43,4.4939,0.1045093023255814,0.0998,0.1243,0.1307,completed
40,known_visit,ACBBA,ideal,1.0,14,196,4,10,acbba_g14_d50_ideal,reruns\grid_density\scenarios\cv\known_visit_grid14_targets10_trials50.csv,02,21,3,0,22,0,4,2,1,1,5.0,1,0,93,45,48,210,0,12,4.608,0.38399999999999995,0.38575000000000004,0.5917,0.5917,3.1791,0.264925,0.27005,0.4652,0.4652,12,1.4289,0.119075,0.12395,0.1272,0.1272,completed
40,known_visit,ACBBA,ideal,1.0,14,196,4,10,acbba_g14_d50_ideal,reruns\grid_density\scenarios\cv\known_visit_grid14_targets10_trials50.csv,03,8,3,0,9,0,1,0,0,0,0.0,0,0,67,20,47,235,0,51,12.3768,0.24268235294117646,0.2042,0.5391,0.6268,6.8696,0.13469803921568627,0.1008,0.3441,0.4366,51,5.5072,0.1079843137254902,0.0998,0.1251,0.2869,completed
41,known_visit,ACBBA,ideal,1.0,14,196,4,10,acbba_g14_d50_ideal,reruns\grid_density\scenarios\cv\known_visit_grid14_targets10_trials50.csv,00,8,3,0,9,0,0,0,0,0,0.0,0,0,55,18,37,191,0,24,5.455,0.22729166666666667,0.19185,0.5366,0.5649,3.1445,0.13102083333333334,0.09595000000000001,0.4096,0.4389,24,2.3105,0.09627083333333335,0.09734999999999999,0.127,0.1522,completed
41,known_visit,ACBBA,ideal,1.0,14,196,4,10,acbba_g14_d50_ideal,reruns\grid_density\scenarios\cv\known_visit_grid14_targets10_trials50.csv,01,10,3,0,11,0,1,0,0,0,0.0,0,0,56,22,34,190,0,19,4.4073,0.23196315789473684,0.1915,0.6395,0.6395,2.5759,0.13557368421052632,0.0932,0.4913,0.4913,19,1.8314,0.09638947368421052,0.0957,0.1482,0.1482,completed
41,known_visit,ACBBA,ideal,1.0,14,196,4,10,acbba_g14_d50_ideal,reruns\grid_density\scenarios\cv\known_visit_grid14_targets10_trials50.csv,02,13,2,0,14,0,1,2,1,0,0.0,0,0,66,30,36,180,0,11,2.9809,0.2709909090909091,0.2078,0.5682,0.5682,1.9161,0.1741909090909091,0.1345,0.4385,0.4385,11,1.0648,0.0968,0.0915,0.1302,0.1302,completed
41,known_visit,ACBBA,ideal,1.0,14,196,4,10,acbba_g14_d50_ideal,reruns\grid_density\scenarios\cv\known_visit_grid14_targets10_trials50.csv,03,14,2,0,15,0,3,2,1,1,5.0,1,0,70,31,39,177,0,13,3.8177,0.29366923076923074,0.2311,0.6817,0.6817,2.6008,0.20006153846153846,0.1274,0.5521,0.5521,13,1.2168999999999999,0.0936076923076923,0.0866,0.1296,0.1296,completed
42,known_visit,ACBBA,ideal,1.0,14,196,4,10,acbba_g14_d50_ideal,reruns\grid_density\scenarios\cv\known_visit_grid14_targets10_trials50.csv,00,21,3,1,17,5,0,0,0,0,0.0,0,0,77,43,34,180,0,10,3.3293,0.33293,0.28285000000000005,0.6337,0.6337,2.1257,0.21257,0.17304999999999998,0.4879,0.4879,10,1.2036,0.12036,0.1187,0.1458,0.1458,completed
42,known_visit,ACBBA,ideal,1.0,14,196,4,10,acbba_g14_d50_ideal,reruns\grid_density\scenarios\cv\known_visit_grid14_targets10_trials50.csv,01,16,3,0,17,0,0,0,0,0,0.0,0,0,66,34,32,190,0,21,5.399,0.2570952380952381,0.2148,0.5055,0.5697,3.0598,0.14570476190476192,0.1036,0.3787,0.4366,21,2.3392,0.11139047619047619,0.1103,0.1268,0.1331,completed
42,known_visit,ACBBA,ideal,1.0,14,196,4,10,acbba_g14_d50_ideal,reruns\grid_density\scenarios\cv\known_visit_grid14_targets10_trials50.csv,02,6,2,0,7,0,0,0,0,0,0.0,0,0,49,14,35,207,0,55,14.175,0.25772727272727275,0.2499,0.3963,0.5819,7.8148,0.14208727272727273,0.1364,0.28,0.4499,55,6.3602,0.11563999999999999,0.1158,0.132,0.1795,completed
42,known_visit,ACBBA,ideal,1.0,14,196,4,10,acbba_g14_d50_ideal,reruns\grid_density\scenarios\cv\known_visit_grid14_targets10_trials50.csv,03,14,2,0,15,0,0,0,0,0,0.0,0,0,65,31,34,191,0,27,7.6252,0.28241481481481484,0.2306,0.5505,0.5785,4.4452,0.16463703703703703,0.1121,0.4233,0.4446,27,3.18,0.11777777777777779,0.1115,0.1356,0.1994,completed
43,known_visit,ACBBA,ideal,1.0,14,196,4,10,acbba_g14_d50_ideal,reruns\grid_density\scenarios\cv\known_visit_grid14_targets10_trials50.csv,00,14,3,0,15,0,0,0,0,0,0.0,0,0,62,30,32,195,0,30,6.6898,0.22299333333333332,0.17675,0.5665,0.6606,3.7541,0.12513666666666667,0.08374999999999999,0.4323,0.5058,30,2.9356999999999998,0.09785666666666666,0.09315000000000001,0.1342,0.1548,completed
43,known_visit,ACBBA,ideal,1.0,14,196,4,10,acbba_g14_d50_ideal,reruns\grid_density\scenarios\cv\known_visit_grid14_targets10_trials50.csv,01,11,1,0,12,0,1,0,0,0,0.0,0,0,52,24,28,205,0,40,8.8427,0.22106750000000003,0.19275,0.274,0.6034,4.7499,0.1187475,0.09165000000000001,0.1617,0.4733,40,4.0928,0.10232000000000001,0.0969,0.1323,0.139,completed
43,known_visit,ACBBA,ideal,1.0,14,196,4,10,acbba_g14_d50_ideal,reruns\grid_density\scenarios\cv\known_visit_grid14_targets10_trials50.csv,02,21,5,0,22,0,0,0,0,0,0.0,0,0,76,43,33,182,0,9,3.4002,0.37779999999999997,0.2977,0.6844,0.6844,2.3908,0.26564444444444446,0.2181,0.5504,0.5504,9,1.0094,0.11215555555555556,0.1102,0.1357,0.1357,completed
43,known_visit,ACBBA,ideal,1.0,14,196,4,10,acbba_g14_d50_ideal,reruns\grid_density\scenarios\cv\known_visit_grid14_targets10_trials50.csv,03,16,1,0,16,1,0,0,0,0,0.0,0,0,68,34,34,189,0,25,6.0749,0.24299600000000002,0.1798,0.6058,0.6796,3.5084,0.140336,0.0855,0.4742,0.5471,25,2.5665,0.10266,0.0933,0.1412,0.1543,completed
44,known_visit,ACBBA,ideal,1.0,14,196,4,10,acbba_g14_d50_ideal,reruns\grid_density\scenarios\cv\known_visit_grid14_targets10_trials50.csv,00,13,2,0,14,0,0,0,0,0,0.0,0,0,55,28,27,166,0,15,3.933,0.2622,0.188,0.65,0.65,2.3689999999999998,0.15793333333333331,0.0962,0.5003,0.5003,15,1.564,0.10426666666666667,0.093,0.1497,0.1497,completed
44,known_visit,ACBBA,ideal,1.0,14,196,4,10,acbba_g14_d50_ideal,reruns\grid_density\scenarios\cv\known_visit_grid14_targets10_trials50.csv,01,12,2,0,13,0,0,0,0,0,0.0,0,0,53,26,27,168,0,19,4.0201,0.2115842105263158,0.1737,0.4408,0.4408,2.1973,0.11564736842105262,0.0821,0.3192,0.3192,19,1.8228,0.09593684210526315,0.0922,0.1216,0.1216,completed
44,known_visit,ACBBA,ideal,1.0,14,196,4,10,acbba_g14_d50_ideal,reruns\grid_density\scenarios\cv\known_visit_grid14_targets10_trials50.csv,02,16,3,0,17,0,0,0,0,0,0.0,0,0,62,33,29,160,0,8,2.7889,0.3486125,0.30795,0.5857,0.5857,1.8908,0.23635,0.20545000000000002,0.4527,0.4527,8,0.8981,0.1122625,0.11324999999999999,0.1424,0.1424,completed
44,known_visit,ACBBA,ideal,1.0,14,196,4,10,acbba_g14_d50_ideal,reruns\grid_density\scenarios\cv\known_visit_grid14_targets10_trials50.csv,03,11,3,0,12,0,0,0,0,0,0.0,0,0,52,24,28,169,0,21,4.6053,0.2193,0.1858,0.3695,0.3707,2.6071999999999997,0.12415238095238094,0.0842,0.2618,0.2852,21,1.9981,0.09514761904761905,0.0924,0.1132,0.1205,completed
45,known_visit,ACBBA,ideal,1.0,14,196,4,10,acbba_g14_d50_ideal,reruns\grid_density\scenarios\cv\known_visit_grid14_targets10_trials50.csv,00,13,4,0,14,0,0,0,0,0,0.0,0,0,56,27,29,146,0,7,2.7962000000000002,0.3994571428571429,0.3989,0.7183,0.7183,1.9834,0.2833428571428572,0.2712,0.5718,0.5718,7,0.8128,0.11611428571428571,0.1201,0.1465,0.1465,completed
45,known_visit,ACBBA,ideal,1.0,14,196,4,10,acbba_g14_d50_ideal,reruns\grid_density\scenarios\cv\known_visit_grid14_targets10_trials50.csv,01,5,1,0,6,0,0,0,0,0,0.0,0,0,42,13,29,160,0,31,8.2006,0.26453548387096776,0.2516,0.5597,0.5866,4.771,0.1539032258064516,0.1357,0.429,0.4602,31,3.4296,0.11063225806451614,0.1136,0.1299,0.1307,completed
45,known_visit,ACBBA,ideal,1.0,14,196,4,10,acbba_g14_d50_ideal,reruns\grid_density\scenarios\cv\known_visit_grid14_targets10_trials50.csv,02,11,3,0,12,0,1,0,0,0,0.0,0,0,52,24,28,149,0,10,2.8465,0.28464999999999996,0.22010000000000002,0.5839,0.5839,1.7397,0.17397,0.10089999999999999,0.458,0.458,10,1.1068,0.11068,0.10769999999999999,0.1353,0.1353,completed
45,known_visit,ACBBA,ideal,1.0,14,196,4,10,acbba_g14_d50_ideal,reruns\grid_density\scenarios\cv\known_visit_grid14_targets10_trials50.csv,03,13,2,0,14,0,0,0,0,0,0.0,0,0,53,27,26,149,0,7,2.3483,0.3354714285714286,0.2683,0.5697,0.5697,1.5482,0.22117142857142857,0.1689,0.4408,0.4408,7,0.8001,0.1143,0.1166,0.1323,0.1323,completed
46,known_visit,ACBBA,ideal,1.0,14,196,4,10,acbba_g14_d50_ideal,reruns\grid_density\scenarios\cv\known_visit_grid14_targets10_trials50.csv,00,13,1,0,14,0,0,0,0,0,0.0,0,0,75,28,47,234,0,22,6.5117,0.29598636363636366,0.20865,0.5701,0.6076,4.179,0.18995454545454546,0.11044999999999999,0.4476,0.4641,22,2.3327,0.10603181818181819,0.10070000000000001,0.128,0.1435,completed
46,known_visit,ACBBA,ideal,1.0,14,196,4,10,acbba_g14_d50_ideal,reruns\grid_density\scenarios\cv\known_visit_grid14_targets10_trials50.csv,01,14,2,0,15,0,6,0,0,0,0.0,0,0,77,30,47,232,0,21,6.091,0.29004761904761905,0.2139,0.5649,0.5901,3.8192,0.18186666666666668,0.1039,0.4426,0.4477,21,2.2718,0.10818095238095238,0.106,0.1424,0.1549,completed
46,known_visit,ACBBA,ideal,1.0,14,196,4,10,acbba_g14_d50_ideal,reruns\grid_density\scenarios\cv\known_visit_grid14_targets10_trials50.csv,02,15,3,0,16,0,1,0,0,0,0.0,0,0,80,33,47,229,0,17,4.6292,0.2723058823529412,0.2067,0.5543,0.5543,2.7941,0.16435882352941175,0.1064,0.4318,0.4318,17,1.8351,0.10794705882352941,0.1041,0.1514,0.1514,completed
46,known_visit,ACBBA,ideal,1.0,14,196,4,10,acbba_g14_d50_ideal,reruns\grid_density\scenarios\cv\known_visit_grid14_targets10_trials50.csv,03,17,4,0,18,0,1,0,0,0,0.0,0,0,78,35,43,232,0,10,3.3643,0.33643,0.25265000000000004,0.5754,0.5754,2.2096,0.22096,0.1532,0.4488,0.4488,10,1.1547,0.11547,0.11795,0.1293,0.1293,completed
47,known_visit,ACBBA,ideal,1.0,14,196,4,10,acbba_g14_d50_ideal,reruns\grid_density\scenarios\cv\known_visit_grid14_targets10_trials50.csv,00,13,2,0,14,0,0,1,1,0,0.0,0,0,63,29,34,175,0,15,2.9755,0.19836666666666666,0.1643,0.385,0.385,1.8477,0.12318,0.0652,0.2893,0.2893,15,1.1278,0.07518666666666667,0.0705,0.1241,0.1241,completed
47,known_visit,ACBBA,ideal,1.0,14,196,4,10,acbba_g14_d50_ideal,reruns\grid_density\scenarios\cv\known_visit_grid14_targets10_trials50.csv,01,7,3,0,8,0,1,0,0,0,0.0,0,0,52,17,35,186,0,32,5.661,0.17690625,0.15034999999999998,0.3987,0.4138,3.342,0.1044375,0.0799,0.2823,0.3132,32,2.319,0.07246875,0.06995,0.1006,0.1164,completed
47,known_visit,ACBBA,ideal,1.0,14,196,4,10,acbba_g14_d50_ideal,reruns\grid_density\scenarios\cv\known_visit_grid14_targets10_trials50.csv,02,15,3,0,16,0,0,0,0,0,0.0,0,0,64,31,33,175,0,9,2.0340000000000003,0.22600000000000003,0.2157,0.3671,0.3671,1.3155,0.14616666666666667,0.1447,0.2779,0.2779,9,0.7185,0.07983333333333334,0.0791,0.0958,0.0958,completed
47,known_visit,ACBBA,ideal,1.0,14,196,4,10,acbba_g14_d50_ideal,reruns\grid_density\scenarios\cv\known_visit_grid14_targets10_trials50.csv,03,13,2,0,14,0,0,0,0,0,0.0,0,0,60,28,32,178,0,15,2.3513,0.15675333333333336,0.1343,0.3728,0.3728,1.2719,0.08479333333333333,0.0577,0.2833,0.2833,15,1.0794,0.07196,0.0667,0.096,0.096,completed
48,known_visit,ACBBA,ideal,1.0,14,196,4,10,acbba_g14_d50_ideal,reruns\grid_density\scenarios\cv\known_visit_grid14_targets10_trials50.csv,00,18,5,0,19,0,0,0,0,0,0.0,0,0,83,37,46,223,0,12,3.6043,0.30035833333333334,0.32815,0.4752,0.4752,2.3719,0.19765833333333335,0.22155,0.3493,0.3493,12,1.2324,0.1027,0.1008,0.1259,0.1259,completed
48,known_visit,ACBBA,ideal,1.0,14,196,4,10,acbba_g14_d50_ideal,reruns\grid_density\scenarios\cv\known_visit_grid14_targets10_trials50.csv,01,11,0,0,12,0,3,2,2,0,0.0,0,0,74,26,48,231,0,26,6.6114,0.2542846153846154,0.21565,0.3855,0.4188,3.8152,0.14673846153846154,0.11365,0.2876,0.2907,26,2.7962,0.10754615384615383,0.101,0.1371,0.2058,completed
48,known_visit,ACBBA,ideal,1.0,14,196,4,10,acbba_g14_d50_ideal,reruns\grid_density\scenarios\cv\known_visit_grid14_targets10_trials50.csv,02,13,2,0,14,0,0,1,1,0,0.0,0,0,74,29,45,231,0,22,5.5847,0.25384999999999996,0.20975,0.4029,0.5145,3.3945,0.15429545454545454,0.10925,0.2889,0.4297,22,2.1902,0.09955454545454545,0.0983,0.1188,0.1215,completed
48,known_visit,ACBBA,ideal,1.0,14,196,4,10,acbba_g14_d50_ideal,reruns\grid_density\scenarios\cv\known_visit_grid14_targets10_trials50.csv,03,16,3,1,13,4,0,0,0,0,0.0,0,0,75,34,41,230,0,13,3.9951,0.3073153846153846,0.2743,0.4732,0.4732,2.6428,0.2032923076923077,0.1574,0.3501,0.3501,13,1.3523,0.10402307692307693,0.1041,0.1231,0.1231,completed
49,known_visit,ACBBA,ideal,1.0,14,196,4,10,acbba_g14_d50_ideal,reruns\grid_density\scenarios\cv\known_visit_grid14_targets10_trials50.csv,00,8,3,0,9,0,0,0,0,0,0.0,0,0,47,18,29,157,0,33,7.196,0.21806060606060607,0.1753,0.4264,0.5501,3.9783,0.12055454545454546,0.0822,0.3063,0.418,33,3.2177,0.0975060606060606,0.0926,0.1273,0.1321,completed
49,known_visit,ACBBA,ideal,1.0,14,196,4,10,acbba_g14_d50_ideal,reruns\grid_density\scenarios\cv\known_visit_grid14_targets10_trials50.csv,01,17,3,0,18,0,1,0,0,0,0.0,0,0,68,35,33,137,0,9,2.8047,0.3116333333333333,0.3305,0.4792,0.4792,1.83,0.20333333333333334,0.227,0.3634,0.3634,9,0.9747,0.10830000000000001,0.1052,0.1329,0.1329,completed
49,known_visit,ACBBA,ideal,1.0,14,196,4,10,acbba_g14_d50_ideal,reruns\grid_density\scenarios\cv\known_visit_grid14_targets10_trials50.csv,02,4,1,0,5,0,0,0,0,0,0.0,0,0,44,10,34,160,0,46,10.6903,0.23239782608695653,0.19265,0.4851,0.5644,5.9364,0.12905217391304347,0.0919,0.3702,0.4316,46,4.7539,0.10334565217391303,0.10035,0.1299,0.1328,completed
49,known_visit,ACBBA,ideal,1.0,14,196,4,10,acbba_g14_d50_ideal,reruns\grid_density\scenarios\cv\known_visit_grid14_targets10_trials50.csv,03,9,3,0,10,0,0,0,0,0,0.0,0,0,46,20,26,158,0,32,6.9066,0.21583125,0.1738,0.4477,0.6151,3.7306,0.11658125,0.08095,0.3291,0.4728,32,3.176,0.09925,0.09305,0.1384,0.1423,completed
